 51            10 
             0 -3.776044E-02 -3.645638E-02 -3.538667E-02 -3.453459E-02 -3.354505E-02 -3.242055E-02 -3.132145E-02 -3.047634E-02 -2.976893E-02 -2.903081E-02 -2.807058E-02 -2.664955E-02 -2.491369E-02 -2.307235E-02    -0.0211323 -1.910074E-02 -1.698529E-02 -1.479387E-02 -1.253476E-02
 -1.021649E-02 -7.847896E-03 -5.438063E-03 -2.996409E-03 -5.324855E-04  1.944151E-03  4.424048E-03  6.897944E-03  9.356844E-03  1.179209E-02      0.013895  1.567569E-02  1.743143E-02  1.887126E-02  2.000967E-02  2.113383E-02  2.224296E-02  2.333634E-02  2.441329E-02  2.547314E-02
  2.677582E-02  2.855116E-02     0.0305027  3.237318E-02  3.415953E-02  3.585922E-02  3.747023E-02  4.051178E-02  4.610708E-02  5.161433E-02             0
             0 -3.802833E-02 -3.671629E-02 -3.563914E-02 -3.478083E-02 -3.378375E-02 -3.265035E-02 -3.154224E-02 -3.069003E-02    -0.0299766 -2.923211E-02 -2.826347E-02 -2.682977E-02 -2.507811E-02 -2.321969E-02 -2.126139E-02    -0.0192105 -1.707474E-02    -0.0148622 -1.258128E-02
 -1.024068E-02 -7.849397E-03  -5.41671E-03 -2.952222E-03 -4.656771E-04  2.033167E-03  4.534658E-03  7.029336E-03  9.508018E-03  1.196187E-02  1.407987E-02  1.587267E-02  1.763964E-02  1.908805E-02     0.0202329  2.136305E-02  2.247773E-02  2.357623E-02  2.465783E-02  2.572188E-02
  2.702924E-02  2.880997E-02     0.0307659     0.0326391  3.442661E-02  3.612601E-02  3.773541E-02  4.077144E-02  4.634306E-02  5.180175E-02             0
             0 -4.220103E-02    -0.0407719 -3.958285E-02 -3.863018E-02    -0.0375179 -3.624764E-02 -3.500033E-02 -3.403816E-02 -3.323114E-02 -3.238744E-02 -3.128783E-02 -2.965631E-02 -2.765715E-02 -2.553083E-02 -2.328555E-02 -2.093023E-02 -1.847444E-02 -1.592836E-02 -1.330269E-02
 -1.060861E-02 -7.857768E-03 -5.062297E-03 -2.234853E-03  6.116212E-04  3.464099E-03   6.30963E-03  9.135487E-03     0.0119293     0.0146792  1.703709E-02  1.902195E-02  2.096649E-02  2.255013E-02  2.379612E-02  2.502022E-02  2.622153E-02  2.739923E-02  2.855257E-02  2.968088E-02
  3.105924E-02  3.291997E-02  3.493855E-02  3.684701E-02  3.864425E-02  4.033007E-02  4.190507E-02     0.0448359  4.999911E-02  5.466869E-02             0
             0 -4.553917E-02 -4.406647E-02 -4.281665E-02 -4.180724E-02 -4.062005E-02 -3.925502E-02 -3.790623E-02 -3.686125E-02 -3.598239E-02 -3.506123E-02 -3.385774E-02 -3.206606E-02 -2.986193E-02 -2.750974E-02 -2.501906E-02 -2.240051E-02 -1.966555E-02 -1.682638E-02 -1.389581E-02
 -1.088722E-02 -7.814574E-03 -4.692447E-03 -1.536196E-03  1.638339E-03  4.815035E-03  7.977649E-03  1.110997E-02  1.419598E-02  1.722006E-02  1.979883E-02  2.195903E-02  2.406351E-02  2.576657E-02  2.710031E-02  2.840411E-02  2.967689E-02  3.091766E-02  3.212561E-02  3.330004E-02
  3.472551E-02  3.663044E-02  3.866785E-02  4.056596E-02  4.232683E-02     0.0439538  4.545118E-02     0.0481967  5.283555E-02  5.673084E-02             0
             0 -4.778766E-02 -4.632763E-02    -0.0450618    -0.0440306 -4.280809E-02 -4.139202E-02 -3.998318E-02 -3.888652E-02 -3.796149E-02 -3.698929E-02 -3.571588E-02 -3.381357E-02 -3.146421E-02 -2.894927E-02 -2.627995E-02 -2.346862E-02 -2.052856E-02 -1.747363E-02 -1.431823E-02
 -1.107716E-02 -7.765729E-03 -4.399893E-03 -9.965289E-04  2.426821E-03  5.852086E-03  9.260743E-03  1.263388E-02     0.0159523  1.919667E-02  2.195398E-02  2.425588E-02  2.648885E-02  2.828649E-02  2.968865E-02  3.105321E-02  3.237875E-02  3.366405E-02  3.490814E-02  3.611031E-02
  3.756003E-02  3.947765E-02  4.149949E-02  4.335582E-02  4.505319E-02  4.659961E-02  4.800386E-02  5.054591E-02  5.470359E-02  5.801211E-02             0
             0 -4.925663E-02 -4.783422E-02 -4.657673E-02 -4.554404E-02 -4.431053E-02 -4.287138E-02 -4.142979E-02 -4.030231E-02 -3.934851E-02 -3.834334E-02 -3.702349E-02 -3.504537E-02 -3.259392E-02 -2.996318E-02 -2.716632E-02 -2.421759E-02 -2.113192E-02 -1.792453E-02    -0.0146108
 -1.120628E-02 -7.726811E-03 -4.188785E-03 -6.095723E-04  2.992701E-03  6.599193E-03  1.019029E-02  1.374553E-02  1.724349E-02  2.066182E-02  2.356297E-02  2.598035E-02  2.831867E-02  3.019362E-02  3.165116E-02  3.306399E-02  3.443012E-02  3.574793E-02  3.701617E-02  3.823407E-02
  3.969306E-02  4.160287E-02  4.358788E-02  4.538522E-02  4.700747E-02  4.846813E-02  4.978057E-02  5.213402E-02  5.590419E-02  5.880195E-02             0
             0     -0.050018 -4.862978E-02 -4.738723E-02    -0.0463615 -4.513004E-02 -4.368587E-02 -4.223173E-02 -4.109017E-02 -4.012219E-02 -3.909986E-02 -3.775487E-02 -3.573412E-02 -3.322399E-02 -3.052647E-02 -2.765656E-02 -2.463002E-02 -2.146283E-02 -1.817094E-02 -1.477014E-02
 -1.127616E-02 -7.704827E-03 -4.072444E-03 -3.962714E-04  3.305666E-03  7.014576E-03  1.071076E-02     0.0143734  1.798032E-02  2.150775E-02  2.450238E-02  2.699683E-02  2.940714E-02  3.133581E-02  3.283193E-02  3.427811E-02  3.567158E-02  3.701005E-02  3.829186E-02  3.951608E-02
  4.097417E-02  4.286576E-02  4.480952E-02  4.655208E-02  4.811199E-02  4.950724E-02  5.075425E-02  5.298065E-02  5.651924E-02  5.919529E-02             0
             0 -5.034903E-02 -4.897895E-02 -4.774561E-02 -4.672502E-02 -4.549681E-02 -4.405279E-02 -4.259482E-02 -4.144783E-02 -4.047391E-02 -3.944401E-02 -3.808755E-02 -3.604686E-02 -3.350909E-02 -3.078038E-02 -2.787673E-02 -2.481463E-02 -2.161056E-02 -1.828072E-02 -1.484102E-02
    -0.0113072 -7.694992E-03 -4.020594E-03 -3.011255E-04   3.44554E-03  7.200753E-03  1.094493E-02  1.465729E-02  1.831553E-02  2.189551E-02  2.493646E-02  2.747008E-02  2.991803E-02     0.0318756  3.339284E-02  3.485747E-02  3.626604E-02  3.761559E-02  3.890398E-02  4.013007E-02
  4.158489E-02  4.346187E-02  4.537862E-02  4.708878E-02  4.861428E-02  4.997523E-02  5.118926E-02  5.335359E-02  5.678527E-02  5.936336E-02             0
             0 -5.052913E-02 -4.916985E-02 -4.794233E-02 -4.692524E-02    -0.0456996 -4.425656E-02 -4.279721E-02 -4.164758E-02 -4.067053E-02 -3.963645E-02 -3.827347E-02 -3.622128E-02 -3.366764E-02 -3.092118E-02 -2.799852E-02 -2.491656E-02     -0.021692 -1.834117E-02 -1.488002E-02
 -1.132426E-02 -7.689576E-03  -3.99206E-03 -2.487333E-04   3.52264E-03   7.30353E-03  1.107446E-02  1.481474E-02  1.850208E-02  2.211224E-02  2.518029E-02  2.773722E-02  3.020809E-02  3.218378E-02  3.371452E-02     0.0351912  3.660979E-02  3.796668E-02  3.925911E-02  4.048567E-02
  4.193698E-02     0.0438025  4.570058E-02  4.738983E-02  4.889409E-02     0.0502345  5.142922E-02     0.0535578  5.692966E-02  5.945405E-02             0
             0 -5.062027E-02 -4.926677E-02 -4.804249E-02 -4.702741E-02 -4.580341E-02 -4.436127E-02 -4.290158E-02    -0.0417508 -4.077223E-02 -3.973598E-02 -3.836953E-02 -3.631117E-02    -0.0337491 -3.099335E-02 -2.806084E-02 -2.496863E-02 -2.173356E-02 -1.837199E-02    -0.0148999
 -1.133296E-02 -7.686817E-03 -3.977518E-03  -2.22022E-04  3.561975E-03  7.356016E-03     0.0111407  1.489539E-02  1.859787E-02  2.222387E-02  2.530635E-02  2.787589E-02  3.035944E-02  3.234546E-02  3.388412E-02  3.536813E-02  3.679305E-02  3.815474E-02  3.944973E-02  4.067599E-02
  4.212412E-02     0.0439816  4.586821E-02  4.754544E-02  4.903795E-02  5.036728E-02  5.155175E-02  5.366157E-02  5.700261E-02  5.949971E-02             0
