 51            10 
             0    -0.2672684    -0.2609056    -0.2553883    -0.2509435    -0.2457432    -0.2398014    -0.2339676    -0.2294683     -0.225695    -0.2217507    -0.2166103    -0.2089839    -0.1996395    -0.1909462    -0.1830076    -0.1746439    -0.1622281    -0.1485082    -0.1346683
    -0.1199814    -0.1047875 -8.912808E-02 -7.310075E-02 -5.690075E-02 -4.044379E-02 -2.371142E-02 -6.731508E-03  9.509462E-03  2.469037E-02  3.783736E-02  4.888539E-02  5.966135E-02  6.841859E-02  7.533262E-02  8.219559E-02  8.903123E-02  9.583521E-02     0.1026366     0.1090128
     0.1163758     0.1267658     0.1380177     0.1484319     0.1585637     0.1683098     0.1774929     0.1947584     0.2229549     0.2471884             0
             0    -0.2703987    -0.2640334    -0.2584963    -0.2540303    -0.2487987    -0.2428135     -0.236929    -0.2323851    -0.2285711    -0.2245805    -0.2193742    -0.2116361    -0.2021267    -0.1932448    -0.1850758    -0.1763868    -0.1636372    -0.1495762    -0.1353684
    -0.1202641    -0.1046171 -8.848781E-02 -7.199357E-02 -5.533513E-02 -3.843804E-02    -0.0212936 -3.916884E-03  1.268271E-02  2.820493E-02  4.165621E-02  5.296548E-02  6.399858E-02  7.296096E-02  8.003113E-02  8.704046E-02     0.0940094     0.1009341     0.1078454     0.1143153
      0.121791     0.1322928       0.14361     0.1540453     0.1641389     0.1737461      0.182685     0.1993671     0.2266205     0.2494951             0
             0    -0.3199271    -0.3138078    -0.3081802    -0.3035539    -0.2980416    -0.2916338    -0.2852362    -0.2802403    -0.2760156    -0.2715624    -0.2657099    -0.2569154    -0.2459488    -0.2355544    -0.2258407    -0.2153426    -0.1979772    -0.1782106    -0.1580038
    -0.1364164    -0.1140135 -9.092224E-02 -6.734359E-02    -0.0435966 -1.960859E-02  4.596852E-03  2.895434E-02  5.201754E-02  7.332407E-02  9.151916E-02      0.106614     0.1211094     0.1326676     0.1416589     0.1504385     0.1590268     0.1674137     0.1756318     0.1831804
     0.1917096     0.2032781     0.2151402     0.2254595     0.2348245      0.243158     0.2503804     0.2629049      0.278637     0.2835241             0
             0    -0.3624774    -0.3579975    -0.3532894     -0.349268     -0.344323    -0.3384157    -0.3323738    -0.3275781    -0.3234815    -0.3191218    -0.3133402    -0.3045402    -0.2933901    -0.2826568    -0.2724826    -0.2613002    -0.2387842    -0.2121229    -0.1845678
    -0.1550425    -0.1243933 -9.281634E-02 -6.058404E-02 -2.812067E-02  4.683069E-03     0.0377919  7.109462E-02      0.102569     0.1315175     0.1560348     0.1761744     0.1952451     0.2101633     0.2215839      0.232528     0.2430035     0.2529834     0.2624939     0.2709683
     0.2801965     0.2919325     0.3028285      0.311168     0.3176162     0.3223076     0.3254202     0.3291011     0.3259234     0.3099398             0
             0     -0.392802    -0.3907486     -0.387598    -0.3846821    -0.3808741    -0.3760991    -0.3710191    -0.3668896    -0.3633152    -0.3594687    -0.3543211    -0.3464066    -0.3363023    -0.3265498    -0.3174129    -0.3074242    -0.2799009    -0.2459887    -0.2107994
    -0.1732132    -0.1343604 -9.444726E-02    -0.0537276 -1.262652E-02  2.910759E-02     0.0715269      0.114564     0.1555959     0.1936723     0.2260918     0.2527171     0.2777868     0.2971338     0.3117269     0.3254291     0.3381947      0.349944     0.3606723     0.3697578
     0.3790211     0.3893126     0.3967169      0.400264     0.4008648     0.3991292     0.3956931     0.3864416     0.3613477     0.3272709             0
             0    -0.4135105    -0.4141144    -0.4128146    -0.4112593    -0.4088905    -0.4055725     -0.401731    -0.3984532    -0.3955444    -0.3923537    -0.3880273    -0.3813172    -0.3728215    -0.3648541    -0.3580051    -0.3511559    -0.3187175    -0.2773679    -0.2346788
    -0.1895206    -0.1432389 -9.594569E-02 -4.774978E-02  1.064439E-03     0.0510306     0.1024505     0.1554937     0.2070577     0.2560872       0.29884     0.3344994     0.3684346     0.3946536     0.4142706     0.4323607     0.4486807     0.4629649     0.4750825     0.4843503
      0.492483     0.4981841     0.4973902     0.4915086     0.4821209     0.4706548     0.4583123      0.433053      0.386453      0.338359             0
             0    -0.4246176    -0.4272485    -0.4275173    -0.4271796    -0.4261615    -0.4242452    -0.4215637     -0.419022    -0.4166414    -0.4139212    -0.4101323    -0.4041661    -0.3967862      -0.39033    -0.3858932    -0.3828744    -0.3464557    -0.2991521    -0.2508577
    -0.2003703    -0.1490986 -9.698831E-02 -4.394656E-02  9.946346E-03  6.554279E-02     0.1234864     0.1843602     0.2449473     0.3045182     0.3585549     0.4051508     0.4510439     0.4875899     0.5152624     0.5407823     0.5632891     0.5818653     0.5958612     0.6044331
     0.6091656     0.6043578     0.5881752     0.5676226     0.5451023     0.5226053     0.5014107     0.4619829     0.4002607     0.3440172             0
             0    -0.4295234    -0.4332053    -0.4343562    -0.4347458    -0.4345932    -0.4336428    -0.4317942    -0.4297465    -0.4276688    -0.4251465    -0.4215042    -0.4156722    -0.4086334    -0.4028631    -0.3998072    -0.3992184    -0.3605507    -0.3100037    -0.2587956
    -0.2056363    -0.1519284 -9.750347E-02    -0.0421424  1.420205E-02  7.257396E-02     0.1338418     0.1988946     0.2645904     0.3306526     0.3923966     0.4472371     0.5032603     0.5498202     0.5861016     0.6204022     0.6509112     0.6753883      0.691767      0.698525
     0.6978074     0.6787555     0.6458213     0.6121351     0.5795785     0.5496429     0.5230468     0.4756614     0.4064223     0.3464602             0
             0    -0.4322134     -0.436519    -0.4382204    -0.4390854    -0.4395355    -0.4393199    -0.4381811    -0.4365733    -0.4347303     -0.432264    -0.4285541    -0.4225769     -0.415573    -0.4101356    -0.4079263    -0.4089275    -0.3688478    -0.3163183    -0.2633759
    -0.2086572    -0.1535472 -9.780133E-02 -4.111936E-02  1.662751E-02  7.660475E-02     0.1398295     0.2074047      0.276288     0.3466043     0.4137385     0.4747556     0.5390722     0.5948376     0.6398497     0.6841448      0.725014     0.7582921     0.7786793     0.7814354
     0.7720912     0.7353094     0.6857397     0.6409853     0.6008999     0.5658289     0.5357252     0.4834188     0.4098168     0.3477849             0
             0    -0.4335815    -0.4382211    -0.4402294    -0.4413711     -0.442197    -0.4424967    -0.4419672    -0.4408399    -0.4392802    -0.4366836    -0.4326893     -0.426401    -0.4192899    -0.4139813    -0.4122296    -0.4141399    -0.3732696    -0.3196553     -0.265782
    -0.2102377    -0.1543926 -9.795789E-02 -4.058815E-02  1.789112E-02  7.871301E-02     0.1429799     0.2119221     0.2825753      0.355345     0.4257599     0.4907799     0.5609597     0.6240889     0.6769639     0.7317179     0.7857171     0.8335165     0.8642382     0.8558029
     0.8317213     0.7745308     0.7105002     0.6577013     0.6127368     0.5745767     0.5424666     0.4874503     0.4115482     0.3484539             0
