 51            10 
             0  3.619186E-03  3.729828E-03  3.810265E-03   3.87207E-03     0.0039419  4.019567E-03     0.0040942  4.150988E-03  4.198234E-03  4.247262E-03  4.310731E-03  4.404055E-03  4.517253E-03  4.636664E-03  4.761942E-03  4.892719E-03  5.028614E-03  5.169227E-03  5.314145E-03
  5.462943E-03  5.615185E-03  5.770427E-03  5.928217E-03  6.088098E-03   6.24961E-03  6.412294E-03   6.57569E-03  6.739339E-03   6.90279E-03  7.045246E-03  7.166772E-03  7.287538E-03  7.387394E-03  7.466797E-03  7.545666E-03  7.623951E-03  7.701604E-03  7.778575E-03  7.854817E-03
  7.949147E-03  8.079023E-03  8.223807E-03  8.364609E-03  8.501104E-03  8.632989E-03  8.759975E-03  9.003611E-03  9.475205E-03  9.998054E-03             0
             0  3.615508E-03  3.726333E-03  3.806913E-03  3.868832E-03  3.938791E-03  4.016606E-03  4.091382E-03  4.148281E-03  4.195618E-03  4.244743E-03  4.308337E-03  4.401847E-03  4.515271E-03  4.634922E-03  4.760451E-03  4.891491E-03  5.027658E-03  5.168552E-03  5.313756E-03
  5.462846E-03  5.615382E-03  5.770919E-03  5.929003E-03  6.089175E-03  6.250973E-03  6.413937E-03  6.577603E-03  6.741513E-03  6.905212E-03  7.047873E-03  7.169568E-03  7.290493E-03  7.390474E-03  7.469973E-03  7.548933E-03  7.627306E-03  7.705042E-03   7.78209E-03  7.858406E-03
  7.952824E-03  8.082809E-03  8.227701E-03  8.368593E-03  8.505161E-03  8.637102E-03  8.764131E-03  9.007825E-03  9.479391E-03  1.000194E-02             0
             0  3.559023E-03  3.672632E-03  3.755397E-03  3.819039E-03  3.890989E-03  3.971059E-03  4.048037E-03  4.106628E-03  4.155383E-03  4.205985E-03  4.271504E-03  4.367861E-03  4.484763E-03  4.608101E-03  4.737509E-03  4.872599E-03  5.012965E-03  5.158184E-03  5.307814E-03
  5.461401E-03   5.61848E-03  5.778575E-03  5.941202E-03  6.105872E-03  6.272093E-03  6.439374E-03  6.607222E-03  6.775154E-03  6.942687E-03  7.088518E-03  7.212801E-03  7.336179E-03  7.438084E-03  7.519057E-03  7.599424E-03  7.679135E-03   7.75814E-03  7.836387E-03  7.913832E-03
  8.009573E-03  8.141225E-03  8.287743E-03  8.429987E-03  8.567648E-03  8.700432E-03  8.828071E-03  9.072555E-03  9.543528E-03  1.006127E-02             0
             0  3.518488E-03  3.633951E-03  3.718204E-03  3.783031E-03  3.856361E-03  3.938009E-03   4.01654E-03  4.076332E-03  4.126096E-03  4.177756E-03  4.244654E-03  4.343064E-03  4.462488E-03  4.588514E-03  4.720763E-03  4.858833E-03  5.002301E-03  5.150724E-03  5.303644E-03
  5.460584E-03  5.621056E-03  5.784562E-03  5.950595E-03  6.118641E-03  6.288184E-03  6.458707E-03  6.629694E-03  6.800636E-03   6.97103E-03  7.119216E-03  7.245411E-03  7.370588E-03  7.473894E-03  7.555933E-03   7.63731E-03  7.717975E-03  7.797875E-03  7.876961E-03  7.955183E-03
  8.051824E-03  8.184583E-03  8.332137E-03  8.475196E-03  8.613461E-03  8.746656E-03  8.874524E-03  9.119146E-03  9.588748E-03  1.010207E-02             0
             0  3.493319E-03  3.609848E-03  3.694974E-03  3.760503E-03   3.83466E-03  3.917262E-03  3.996741E-03   4.05727E-03  4.107655E-03  4.159968E-03  4.227721E-03   4.32741E-03  4.448415E-03  4.576133E-03  4.710177E-03  4.850136E-03  4.995576E-03  5.146042E-03  5.301062E-03
  5.460147E-03  5.622795E-03  5.788493E-03  5.956718E-03  6.126941E-03  6.298629E-03  6.471247E-03  6.644266E-03  6.817157E-03  6.989401E-03  7.139104E-03  7.266528E-03  7.392857E-03  7.497053E-03  7.579764E-03  7.661776E-03  7.743034E-03  7.823487E-03  7.903083E-03  7.981776E-03
  8.078951E-03  8.212352E-03  8.360477E-03  8.503955E-03  8.642497E-03  8.775839E-03  8.903738E-03  9.148216E-03  9.616506E-03  1.012668E-02             0
             0  3.477804E-03  3.594942E-03  3.680579E-03  3.746523E-03  3.821173E-03  3.904349E-03  3.984402E-03  4.045381E-03  4.096147E-03   4.14886E-03  4.217142E-03  4.317622E-03  4.439609E-03  4.568383E-03   4.70355E-03  4.844693E-03   4.99137E-03   5.14312E-03  5.299462E-03
     0.0054599  5.623921E-03  5.791004E-03  5.960617E-03   6.13222E-03  6.305272E-03  6.479227E-03  6.653542E-03  6.827679E-03  7.001107E-03   7.15178E-03  7.279988E-03  7.407049E-03  7.511809E-03  7.594945E-03  7.677354E-03  7.758982E-03  7.839776E-03  7.919685E-03   7.99866E-03
  8.096155E-03  8.229925E-03  8.378364E-03  8.522053E-03  8.660712E-03  8.794087E-03  8.921947E-03  9.166223E-03  9.633494E-03  1.014156E-02             0
             0  3.470076E-03  3.587499E-03  3.673379E-03  3.739523E-03  3.814411E-03  3.897867E-03  3.978202E-03  4.039403E-03  4.090357E-03  4.143271E-03  4.211815E-03  4.312691E-03   4.43517E-03  4.564475E-03  4.700209E-03  4.841949E-03  4.989251E-03   5.14165E-03   5.29866E-03
  5.459781E-03  5.624498E-03  5.792283E-03     0.0059626  6.134905E-03  6.308651E-03  6.483288E-03  6.658267E-03  6.833043E-03   7.00708E-03  7.158253E-03  7.286865E-03  7.414302E-03  7.519351E-03  7.602704E-03  7.685315E-03   7.76713E-03  7.848094E-03  7.928159E-03  8.007273E-03
  8.104921E-03  8.238865E-03  8.387443E-03  8.531217E-03  8.669911E-03  8.803279E-03  8.931097E-03  9.175227E-03  9.641916E-03  1.014889E-02             0
             0  3.466773E-03  3.584314E-03  3.670295E-03  3.736523E-03  3.811512E-03  3.895086E-03  3.975541E-03  4.036836E-03  4.087871E-03   4.14087E-03  4.209526E-03  4.310572E-03  4.433263E-03  4.562796E-03  4.698772E-03   4.84077E-03  4.988341E-03  5.141018E-03  5.298316E-03
  5.459731E-03  5.624747E-03  5.792834E-03  5.963454E-03  6.136063E-03  6.310109E-03   6.48504E-03  6.660306E-03   6.83536E-03   7.00966E-03  7.161051E-03  7.289839E-03   7.41744E-03  7.522614E-03  7.606061E-03   7.68876E-03  7.770655E-03  7.851693E-03  7.931823E-03  8.010997E-03
  8.108709E-03  8.242725E-03  8.391358E-03  8.535163E-03  8.673867E-03  8.807228E-03  8.935022E-03  9.179082E-03  9.645509E-03  1.015201E-02             0
             0  3.464991E-03  3.582594E-03   3.66863E-03  3.734902E-03  3.809945E-03  3.893583E-03  3.974102E-03  4.035448E-03  4.086527E-03  4.139571E-03  4.208288E-03  4.309425E-03  4.432231E-03  4.561887E-03  4.697996E-03  4.840132E-03  4.987848E-03  5.140677E-03   5.29813E-03
  5.459704E-03  5.624882E-03  5.793133E-03  5.963918E-03   6.13669E-03  6.310898E-03   6.48599E-03  6.661412E-03  6.836616E-03   7.01106E-03  7.162569E-03  7.291452E-03  7.419143E-03  7.524385E-03  7.607884E-03   7.69063E-03  7.772569E-03  7.853647E-03  7.933812E-03  8.013017E-03
  8.110764E-03  8.244819E-03   8.39348E-03     0.0085373  8.676009E-03  8.809363E-03  8.937145E-03  9.181164E-03  9.647445E-03  1.015368E-02             0
             0  3.464094E-03  3.581728E-03  3.667791E-03  3.734086E-03  3.809155E-03  3.892825E-03  3.973377E-03  4.034748E-03  4.085848E-03  4.138916E-03  4.207664E-03  4.308847E-03  4.431711E-03  4.561429E-03  4.697604E-03   4.83981E-03     0.0049876  5.140505E-03  5.298037E-03
  5.459691E-03   5.62495E-03  5.793284E-03  5.964152E-03  6.137007E-03  6.311297E-03  6.486469E-03  6.661971E-03  6.837251E-03  7.011767E-03  7.163336E-03  7.292268E-03  7.420003E-03  7.525281E-03  7.608805E-03  7.691576E-03  7.773536E-03  7.854634E-03  7.934818E-03  8.014039E-03
  8.111804E-03  8.245876E-03  8.394552E-03  8.538379E-03   8.67709E-03  8.810441E-03  8.938215E-03  9.182213E-03   9.64842E-03  1.015453E-02             0
