 51            10 
             0    -0.2966885    -0.2878243     -0.280743    -0.2751532    -0.2687029    -0.2613978    -0.2542666    -0.2487832    -0.2441919    -0.2393989      -0.23316    -0.2239195    -0.2126239    -0.2006447    -0.1880422    -0.1748785    -0.1612103    -0.1471028    -0.1326372
    -0.1179463    -0.1034662 -8.892813E-02 -7.126906E-02    -0.0538934 -3.680112E-02 -1.999862E-02 -3.505609E-03     0.0126423  2.839405E-02  4.177334E-02  5.294346E-02  6.377807E-02  7.249109E-02  7.927425E-02  8.585332E-02  9.220929E-02     0.0983206     0.1041625     0.1097065
     0.1162248     0.1259332     0.1366991     0.1479786     0.1598245     0.1703117       0.17968     0.1964996     0.2242468     0.2475693             0
             0    -0.3018665    -0.2929514    -0.2857848     -0.280141    -0.2736479    -0.2662792    -0.2590652    -0.2535056    -0.2488427    -0.2439662    -0.2376062    -0.2281571    -0.2165699    -0.2042521    -0.1912991    -0.1778025    -0.1637653     -0.149237    -0.1343016
    -0.1190967    -0.1039932 -8.765544E-02 -6.971131E-02 -5.232725E-02 -3.519398E-02    -0.0182796 -1.588636E-03  1.484072E-02  3.094931E-02  4.470302E-02  5.623927E-02  6.749532E-02  7.661836E-02  8.376813E-02  9.075947E-02  9.758388E-02     0.1042327     0.1106887      0.116914
     0.1243035     0.1349283     0.1461337     0.1569505     0.1670982     0.1763442     0.1848792     0.2006002     0.2272463      0.249619             0
             0     -0.379809     -0.370443    -0.3623818    -0.3558338    -0.3480747    -0.3390167    -0.3299107    -0.3227618    -0.3166961    -0.3102827    -0.3018318    -0.2890972    -0.2732229    -0.2561199    -0.2379428    -0.2188497    -0.1988744    -0.1781159    -0.1567214
    -0.1349131    -0.1132476 -8.983164E-02 -6.416737E-02 -3.937965E-02 -1.505034E-02  8.834386E-03  3.223035E-02  5.503984E-02  7.713079E-02  9.570131E-02     0.1110592     0.1257988     0.1375193     0.1465747     0.1552928     0.1636602      0.171665     0.1792873     0.1864861
     0.1948429     0.2064001     0.2179866     0.2284951     0.2377619     0.2456382     0.2523898     0.2638765     0.2786337     0.2834626             0
             0    -0.4568723    -0.4511242    -0.4446433    -0.4388218    -0.4313074    -0.4218488    -0.4116958    -0.4033787     -0.396142    -0.3883147    -0.3777896    -0.3615111    -0.3406632    -0.3177766    -0.2931517    -0.2671121    -0.2397811    -0.2113488    -0.1820492
    -0.1522011    -0.1225689 -9.057613E-02 -5.548871E-02 -2.155701E-02  1.180038E-02  4.459606E-02  7.674304E-02     0.1080532     0.1382589     0.1634388     0.1840464     0.2035301     0.2187074     0.2302322     0.2411009     0.2512815     0.2607496     0.2694788     0.2774271
     0.2862819     0.2976239     0.3077951     0.3157206     0.3215768     0.3255005     0.3279114     0.3302765     0.3254607     0.3097683             0
             0     -0.519464     -0.522133    -0.5206532    -0.5179791    -0.5131195    -0.5054529    -0.4957733    -0.4870797    -0.4791299    -0.4701656    -0.4576901    -0.4376144    -0.4110127    -0.3813152    -0.3491784     -0.315283    -0.2799249    -0.2434138    -0.2060537
    -0.1682111    -0.1307851 -9.045886E-02 -4.615104E-02 -3.093573E-03     0.0395625  8.192921E-02     0.1239613     0.1654287      0.205916     0.2399569     0.2678627     0.2941216     0.3142889     0.3293504     0.3432186     0.3557876     0.3669775     0.3767298     0.3850003
     0.3934245     0.4022789     0.4077085     0.4092174     0.4078883     0.4045068     0.3997282     0.3883737     0.3606483     0.3270364             0
             0     -0.567176    -0.5821415    -0.5894198    -0.5929276    -0.5941339     -0.591657    -0.5848533    -0.5769009    -0.5687368    -0.5587148    -0.5438915    -0.5186152    -0.4839853    -0.4452005    -0.4036763    -0.3606818    -0.3166903    -0.2720539    -0.2270346
     -0.181921    -0.1376059 -9.000301E-02 -3.758586E-02  1.371443E-02  6.515571E-02     0.1171405     0.1698948     0.2234029     0.2773433     0.3242715     0.3636756     0.4014677     0.4307303     0.4524593     0.4720832     0.4891825      0.503399     0.5144827     0.5223435
     0.5282564     0.5292367     0.5226381     0.5104175     0.4957373     0.4804735     0.4653295     0.4362647     0.3856894     0.3380907             0
             0    -0.5951293    -0.6217641    -0.6392976    -0.6511109    -0.6619125    -0.6694215    -0.6698411    -0.6648073    -0.6572556     -0.645919    -0.6272841    -0.5934656    -0.5471873     -0.497026    -0.4452883    -0.3935946    -0.3422303    -0.2912846    -0.2407564
    -0.1907049    -0.1418821 -8.959503E-02 -3.192222E-02  2.488447E-02     0.0825124      0.141791     0.2034801     0.2682311     0.3365282     0.3994924     0.4551643     0.5116807     0.5579901      0.593429     0.6259689     0.6540005     0.6757687     0.6897365     0.6952432
     0.6926754     0.6721809     0.6391897     0.6026919     0.5683296     0.5382826     0.5120444     0.4664877     0.3995237     0.3437348             0
             0    -0.6079903     -0.641325    -0.6657414    -0.6839262    -0.7034735    -0.7224239    -0.7341902    -0.7354993    -0.7300294    -0.7162889    -0.6908992    -0.6451144    -0.5866003    -0.5268514    -0.4678233    -0.4106472    -0.3550493     -0.300721    -0.2473833
       -0.1949    -0.1439048 -8.938194E-02 -2.919255E-02  3.029354E-02  9.102037E-02      0.154111     0.2207473     0.2922183     0.3700047     0.4450628     0.5146893     0.5899363     0.6567161     0.7110705     0.7643503     0.8130317     0.8516535     0.8731008     0.8716528
     0.8489956     0.7905992     0.7226831        0.6613      0.610223     0.5694262     0.5360408     0.4809153     0.4057117     0.3461724             0
             0    -0.6151861    -0.6527069    -0.6818541    -0.7048741    -0.7320738    -0.7635111    -0.7929648    -0.8096817    -0.8121592    -0.7902893    -0.7492577    -0.6854289    -0.6139678     -0.546088    -0.4816906    -0.4208291    -0.3625537    -0.3061729    -0.2511783
    -0.1972882     -0.145051 -8.925632E-02 -2.763323E-02  3.339211E-02  9.592637E-02     0.1612912     0.2309732     0.3067646     0.3910311      0.475083     0.5561032     0.6486232     0.7376022     0.8156793     0.8999736     0.9870718      1.067367      1.117876      1.088666
      1.015614     0.8958253     0.7864727     0.7016805     0.6370673     0.5884743     0.5502923     0.4891403     0.4091249     0.3474943             0
             0    -0.6188935    -0.6587365    -0.6907215    -0.7169387    -0.7500477    -0.7940667    -0.8512989    -0.9114253    -0.9578613    -0.8919379    -0.8073735    -0.7155762    -0.6312884     -0.557251    -0.4893718    -0.4263231    -0.3665402    -0.3090411    -0.2531624
    -0.1985317     -0.145646 -8.918962E-02 -2.681983E-02  3.501164E-02  9.850225E-02     0.1650892     0.2364451     0.3146892     0.4028162     0.4926346     0.5816357     0.6878352      0.797751     0.9024925      1.030389       1.19079       1.39721      1.667769      1.422724
      1.199974     0.9838657       0.83044     0.7265112     0.6524404     0.5989473     0.5579469     0.4934303     0.4108672      0.348162             0
