 51            10 
             0    -0.2985125    -0.2898463    -0.2831077    -0.2776603    -0.2712761    -0.2641503     -0.257289    -0.2520669    -0.2477243    -0.2432227    -0.2374048    -0.2288819    -0.2184428    -0.2069623    -0.1939159    -0.1797725    -0.1657575    -0.1511607    -0.1359792
     -0.120808    -0.1056887 -8.996961E-02 -7.374827E-02 -5.784296E-02 -4.150946E-02 -2.485608E-02  -8.82035E-03   7.37983E-03  2.366072E-02  3.719898E-02  4.834115E-02  5.899784E-02  6.744169E-02  7.394339E-02  8.061607E-02  8.743764E-02  9.395631E-02     0.1001567     0.1065014
     0.1145958     0.1249476     0.1362865     0.1470586     0.1563224       0.16632     0.1767158     0.1946721     0.2227122     0.2470102             0
             0    -0.3030971    -0.2943181    -0.2874522    -0.2819073    -0.2754125      -0.26814    -0.2611099    -0.2557433     -0.251272    -0.2466285    -0.2406174    -0.2317945    -0.2209856    -0.2091255    -0.1957479    -0.1813365    -0.1670262    -0.1520821    -0.1365083
    -0.1208887    -0.1052712 -8.904551E-02 -7.233912E-02 -5.595262E-02 -3.917813E-02 -2.214402E-02  -5.74096E-03  1.082836E-02  2.746092E-02  4.131918E-02  5.275042E-02  6.370834E-02  7.240231E-02     0.0790914  8.593291E-02  9.289622E-02  9.953483E-02     0.1058401     0.1122798
     0.1204614     0.1309202     0.1423743     0.1532145     0.1625356      0.172424     0.1823882     0.1994814     0.2265308     0.2495772             0
             0    -0.3815111    -0.3724358    -0.3648267    -0.3584764    -0.3508067    -0.3419541    -0.3331447     -0.326281    -0.3204886    -0.3143994    -0.3064257    -0.2945344    -0.2796925    -0.2631578    -0.2442881    -0.2237871    -0.2034045    -0.1820608    -0.1597685
    -0.1373814    -0.1149912 -9.174731E-02 -6.785544E-02    -0.0444873 -2.066549E-02   3.39839E-03      0.026407  4.943032E-02  7.228486E-02  9.105472E-02     0.1063346     0.1207567     0.1319936      0.140521     0.1491094     0.1577198     0.1657922     0.1733183     0.1808474
      0.190226     0.2018224     0.2138748     0.2246924     0.2334374     0.2420246     0.2501301     0.2629954     0.2786254     0.2836105             0
             0    -0.4599091    -0.4552056    -0.4497361    -0.4445674    -0.4376361    -0.4288415    -0.4193302    -0.4115084    -0.4046933    -0.3973202    -0.3874153    -0.3721524    -0.3524449    -0.3299725    -0.3039655    -0.2755059    -0.2473169    -0.2178646    -0.1871731
    -0.1564228     -0.125732 -9.392022E-02 -6.124716E-02    -0.0292943  3.289815E-03  3.621612E-02  6.769286E-02  9.914099E-02     0.1302336     0.1555675     0.1759952     0.1950178     0.2095686     0.2204399     0.2311838     0.2417417     0.2514072       0.26017     0.2686517
     0.2788649     0.2907597     0.3019173     0.3108279     0.3170161     0.3218644     0.3254414     0.3292389     0.3260341     0.3100774             0
             0     -0.524776    -0.5306635    -0.5319422    -0.5314111    -0.5288032    -0.5233245    -0.5153229    -0.5076367    -0.5003827    -0.4920089    -0.4801611    -0.4608224    -0.4346638    -0.4042056    -0.3688164    -0.3302782    -0.2927742    -0.2541793    -0.2144622
    -0.1750768    -0.1360637 -9.580895E-02 -5.451405E-02 -1.405261E-02  2.740987E-02  6.959929E-02     0.1102968     0.1513767     0.1923473     0.2259342     0.2530366     0.2781615     0.2971471     0.3111347     0.3246819     0.3376687     0.3491698     0.3591538     0.3682886
     0.3786084     0.3892275     0.3969201     0.4009718     0.4018463     0.4000411     0.3962903     0.3867099     0.3615824     0.3274652             0
             0     -0.575445     -0.597976    -0.6122541    -0.6218236    -0.6300259    -0.6344538    -0.6326505    -0.6272017    -0.6203427    -0.6108997    -0.5959689    -0.5692335    -0.5315631    -0.4879655    -0.4385842    -0.3863572    -0.3374156    -0.2886329    -0.2396377
    -0.1919442    -0.1453049 -9.753927E-02 -4.863546E-02 -5.725799E-04  4.907924E-02     0.1002218     0.1504166     0.2022277     0.2551543     0.2996953      0.336303     0.3707295     0.3968881     0.4160604     0.4343322     0.4513579     0.4657109     0.4772256       0.48654
      0.495444     0.5013611     0.5004519     0.4944356     0.4858361     0.4738019     0.4598784     0.4335375     0.3867979     0.3386023             0
             0     -0.605956    -0.6456275    -0.6770646    -0.7022933    -0.7304176    -0.7571124    -0.7728207    -0.7751523    -0.7705473    -0.7588212    -0.7360871    -0.6918711    -0.6317541    -0.5671704    -0.4991908    -0.4313437    -0.3710186    -0.3133167    -0.2570024
    -0.2032836     -0.151443 -9.874376E-02 -4.489584E-02  8.176262E-03     0.0634363     0.1210752     0.1787419     0.2399175     0.3045738     0.3615012     0.4102381      0.458195      0.496328     0.5249631     0.5526115     0.5781369     0.5985326       0.61272     0.6207741
       0.62376     0.6164335      0.597497     0.5743818      0.552438     0.5284641     0.5041198     0.4626938     0.4006777     0.3442907             0
             0     -0.620208    -0.6702129    -0.7141569    -0.7527667    -0.8014093    -0.8573026    -0.9043705    -0.9251517    -0.9270825    -0.9089555    -0.8679641    -0.7927724    -0.7037418    -0.6182027    -0.5350433    -0.4561979    -0.3886957    -0.3258638     -0.265617
    -0.2088218    -0.1544187 -9.934006E-02 -4.312235E-02  1.236915E-02     0.0703968     0.1313515     0.1930286      0.259596     0.3316427     0.3974184     0.4559785     0.5167058     0.5684481     0.6095017     0.6515979     0.6924262     0.7255371     0.7458479     0.7489483
     0.7367461     0.7050943     0.6629813     0.6227021     0.5897139      0.557401     0.5265194     0.4765083     0.4068741     0.3467478             0
             0    -0.6282471    -0.6848817    -0.7378314    -0.7872577    -0.8551822    -0.9454234      -1.04448     -1.112352     -1.141343     -1.096294      -1.00841    -0.8816392    -0.7585952    -0.6535089    -0.5582916    -0.4715893    -0.3993126    -0.3332489    -0.2706183
    -0.2120098    -0.1561246 -9.968527E-02 -4.211689E-02     0.0147591  7.438865E-02     0.1372977      0.201405     0.2713737     0.3483472     0.4205328     0.4869047     0.5591348     0.6253968     0.6819146     0.7457694      0.815289     0.8804929     0.9251906     0.9064217
     0.8540026     0.7807661     0.7113394     0.6549934     0.6131605      0.574926     0.5397173     0.4843526     0.4102885     0.3480803             0
             0     -0.632412    -0.6927965    -0.7513489    -0.8083014    -0.8919636     -1.018571     -1.202137     -1.415027     -1.667675     -1.399069     -1.166316    -0.9553705    -0.7962272    -0.6752248    -0.5717087    -0.4801225    -0.4050559     -0.337184    -0.2732571
    -0.2136817    -0.1570167    -0.0998669 -4.159486E-02  1.600434E-02  7.647715E-02      0.140428     0.2058566     0.2777314     0.3575912     0.4338135     0.5055658     0.5867949     0.6667202     0.7407956      0.836078     0.9620766       1.12957      1.369114      1.164983
     0.9856432     0.8425564     0.7438815     0.6743652     0.6263924     0.5844928     0.5467661     0.4884329     0.4120303     0.3487534             0
