 51            10 
             0 -1.680765E-02 -1.643118E-02 -1.588239E-02 -1.543122E-02    -0.0149034    -0.0143029    -0.0137162    -0.0132653     -0.012888 -1.249444E-02 -1.198261E-02 -1.122546E-02 -1.030097E-02 -9.320621E-03 -8.287985E-03 -7.206845E-03 -6.081191E-03    -0.0049152 -3.713216E-03
 -2.479736E-03 -1.219405E-03  6.299496E-05  1.362554E-03  2.674293E-03  3.993222E-03  5.314398E-03   6.63297E-03  7.944217E-03  9.243588E-03  1.036634E-02  1.131753E-02  1.225589E-02  1.302586E-02  1.363488E-02  1.423651E-02  1.483035E-02  1.541602E-02  1.599313E-02  1.656135E-02
  1.726008E-02  1.821304E-02  1.926163E-02  2.026774E-02  2.122967E-02  2.214598E-02  2.301552E-02  2.465914E-02  2.769238E-02  3.051156E-02             0
             0 -1.693993E-02    -0.0165619 -1.600952E-02 -1.555523E-02 -1.502359E-02 -1.441857E-02 -1.382731E-02 -1.337282E-02 -1.299247E-02 -1.259569E-02 -1.207961E-02 -1.131606E-02 -1.038358E-02 -9.394624E-03 -8.352782E-03 -7.261894E-03  -6.12601E-03 -4.949374E-03 -3.736403E-03
 -2.491675E-03  -1.21992E-03  7.398833E-05  1.385045E-03  2.708174E-03  4.038284E-03  5.370333E-03   6.69937E-03  8.020581E-03  9.329322E-03  1.045968E-02  1.141697E-02      0.012361     0.0131353  1.374756E-02  1.435222E-02  1.494887E-02  1.553712E-02  1.611659E-02  1.668694E-02
  1.738805E-02  1.834374E-02  1.939459E-02  2.040211E-02  2.136465E-02  2.228086E-02  2.314963E-02  2.479056E-02  2.781205E-02  3.060634E-02             0
             0 -1.899962E-02 -1.860109E-02 -1.799469E-02 -1.749302E-02 -1.690307E-02 -1.622871E-02 -1.556696E-02 -1.505683E-02 -1.462916E-02 -1.418223E-02 -1.359998E-02 -1.273654E-02 -1.167918E-02 -1.055511E-02 -9.368608E-03 -8.124312E-03 -6.827213E-03 -5.482601E-03 -4.096048E-03
 -2.673385E-03 -1.220683E-03  2.557486E-04  1.749379E-03  3.253538E-03  4.761505E-03  6.266589E-03  7.762206E-03  9.241951E-03  1.069966E-02  1.195078E-02     0.0130048     0.0140383  1.488078E-02  1.554407E-02  1.619617E-02  1.683658E-02  1.746489E-02  1.808068E-02  1.868361E-02
  1.942078E-02  2.041726E-02  2.150031E-02  2.252632E-02  2.349457E-02  2.440477E-02  2.525707E-02  2.684675E-02  2.966598E-02  3.205697E-02             0
             0 -2.064207E-02 -2.025124E-02 -1.961561E-02 -1.908523E-02 -1.845711E-02 -1.773457E-02    -0.0170214 -1.646942E-02 -1.600548E-02    -0.0155195 -1.488493E-02 -1.394094E-02 -1.278064E-02 -1.154324E-02    -0.0102337 -8.857497E-03 -7.420541E-03 -5.929132E-03 -4.389904E-03
 -2.809791E-03 -1.196032E-03  4.438206E-04  2.101894E-03  3.770075E-03  5.440098E-03   7.10363E-03  8.752354E-03  1.037806E-02  1.197273E-02  1.333419E-02  1.447584E-02  1.558933E-02  1.649158E-02  1.719883E-02  1.789091E-02  1.856723E-02  1.922729E-02  1.987065E-02  2.049695E-02
  2.125812E-02  2.227743E-02  2.337087E-02     0.0243928      0.025344  2.622594E-02  2.704057E-02  2.853975E-02  3.110024E-02  3.309901E-02             0
             0 -2.174526E-02 -2.137938E-02 -2.073589E-02 -2.019394E-02 -1.954732E-02 -1.879845E-02 -1.805467E-02 -1.747652E-02 -1.698929E-02 -1.647764E-02 -1.580799E-02 -1.480866E-02 -1.357591E-02 -1.225744E-02 -1.085898E-02  -9.38684E-03 -7.847801E-03 -6.248991E-03 -4.597821E-03
 -2.901955E-03 -1.169329E-03   5.91792E-04  2.372761E-03  4.164604E-03  5.958066E-03  7.743668E-03  9.511738E-03  1.125248E-02  1.295608E-02  1.440574E-02  1.561737E-02  1.679432E-02  1.774334E-02  1.848446E-02  1.920666E-02  1.990922E-02  2.059152E-02  2.125305E-02  2.189344E-02
  2.266716E-02  2.369371E-02  2.478077E-02  2.578343E-02  2.670462E-02  2.754805E-02  2.831778E-02  2.971834E-02  3.204267E-02  3.374587E-02             0
             0 -2.246429E-02 -2.212819E-02 -2.148815E-02 -2.094448E-02 -2.029124E-02 -1.952984E-02 -1.876904E-02 -1.817518E-02 -1.767341E-02 -1.714524E-02 -1.645243E-02 -1.541552E-02 -1.413239E-02 -1.275687E-02 -1.129557E-02 -9.755657E-03 -8.144708E-03 -6.470499E-03 -4.740949E-03
 -2.964113E-03 -1.148231E-03  6.981675E-04   2.56616E-03   4.44644E-03   6.32933E-03   8.20476E-03  1.006224E-02  1.189086E-02     0.0136793  1.519885E-02  1.646646E-02  1.769437E-02  1.868077E-02  1.944868E-02  2.019429E-02  2.091663E-02  2.161489E-02  2.228846E-02  2.293693E-02
  2.371589E-02  2.473996E-02  2.581087E-02  2.678663E-02     0.0276729  2.847593E-02  2.920199E-02  3.051209E-02  3.264732E-02  3.414439E-02             0
             0 -2.283627E-02 -2.252217E-02 -2.188857E-02 -2.134732E-02 -2.069395E-02 -1.992895E-02 -1.916117E-02 -1.855997E-02     -0.018051 -1.751428E-02    -0.0168091 -1.575145E-02 -1.443992E-02 -1.303209E-02 -1.153531E-02 -9.957463E-03 -8.306615E-03 -6.590909E-03 -4.818493E-03
 -2.997536E-03 -1.136318E-03   7.56635E-04  2.672416E-03  4.601726E-03  6.534856E-03  8.461631E-03  1.037132E-02  1.225255E-02  1.409324E-02  1.565714E-02  1.696102E-02  1.822257E-02  1.923389E-02  2.001966E-02     0.0207807  2.151575E-02  2.222376E-02  2.290395E-02  2.355586E-02
  2.433523E-02  2.535231E-02  2.640576E-02  2.735741E-02  2.821554E-02  2.898845E-02  2.968392E-02  3.093386E-02  3.295667E-02  3.434277E-02             0
             0 -2.299785E-02 -2.269476E-02 -2.206508E-02 -2.152576E-02 -2.087324E-02 -2.010755E-02 -1.933731E-02 -1.873316E-02 -1.822116E-02 -1.768069E-02 -1.696997E-02 -1.590284E-02 -1.457821E-02 -1.315551E-02 -1.164253E-02 -1.004749E-02 -8.378686E-03 -6.644417E-03 -4.852901E-03
 -3.012335E-03 -1.130984E-03   7.82662E-04  2.719743E-03  4.671008E-03  6.626787E-03  8.576917E-03  1.051064E-02  1.241645E-02  1.428199E-02  1.586748E-02  1.718935E-02  1.846791E-02  1.949207E-02  2.028712E-02  2.105621E-02  2.179784E-02  2.251075E-02  2.319402E-02  2.384713E-02
  2.462575E-02  2.563753E-02  2.668012E-02  2.761802E-02  2.846099E-02  2.921837E-02  2.989859E-02  3.111935E-02     0.0330904  3.442753E-02             0
             0 -2.308573E-02 -2.278902E-02 -2.216182E-02    -0.0216238 -2.097205E-02 -2.020628E-02 -1.943492E-02 -1.882926E-02 -1.831564E-02 -1.777312E-02 -1.705931E-02 -1.598683E-02    -0.0146548 -1.322374E-02 -1.170171E-02    -0.0100971 -8.418357E-03 -6.673841E-03 -4.871809E-03
 -3.020461E-03 -1.128046E-03  7.969777E-04  2.745785E-03  4.709165E-03  6.677484E-03  8.640609E-03  1.058778E-02  1.250746E-02  1.438719E-02  1.598515E-02  1.731756E-02  1.860623E-02  1.963814E-02  2.043886E-02  2.121291E-02     0.0219586     0.0226745  2.335955E-02  2.401319E-02
  2.479095E-02  2.579886E-02  2.683427E-02  2.776354E-02     0.0285973  2.934548E-02  3.001682E-02  3.122083E-02  3.316296E-02  3.447326E-02             0
             0 -2.313019E-02 -2.283684E-02 -2.221101E-02 -2.167375E-02    -0.0210225 -2.025681E-02 -1.948498E-02    -0.0188786 -1.836416E-02 -1.782059E-02 -1.710519E-02 -1.602992E-02 -1.469404E-02 -1.325864E-02 -1.173194E-02 -1.012242E-02 -8.438583E-03 -6.688832E-03 -4.881438E-03
 -3.024598E-03 -1.126548E-03  8.042707E-04  2.759056E-03  4.728621E-03  6.703357E-03  8.673151E-03  1.062725E-02  1.255413E-02  1.444126E-02  1.604581E-02  1.738383E-02  1.867796E-02  1.971415E-02  2.051802E-02  2.129487E-02  2.204288E-02  2.276048E-02     0.0234465  2.410032E-02
     0.0248774  2.588284E-02  2.691406E-02  2.783848E-02  2.866722E-02  2.941047E-02  3.007712E-02  3.127238E-02  3.319962E-02  3.449628E-02             0
