 51            10 
             0    -0.1503571    -0.1570464    -0.1555055    -0.1533651    -0.1503343    -0.1465592    -0.1426909    -0.1396533    -0.1370855    -0.1343859    -0.1308535    -0.1255931     -0.119133    -0.1122593    -0.1050052 -9.740252E-02 -8.948093E-02 -8.126658E-02 -7.277907E-02
 -6.402575E-02 -5.499349E-02    -0.0456496 -3.612639E-02 -2.652224E-02 -1.691337E-02 -7.361378E-03  2.082096E-03  1.137241E-02     0.0204702  2.823163E-02  3.474091E-02     0.0410948  4.625118E-02  5.029882E-02  5.426634E-02  5.815135E-02  6.195166E-02  6.566533E-02  6.929063E-02
  7.370993E-02  7.965682E-02  8.608045E-02  9.212633E-02  9.779214E-02     0.1030779     0.1079852     0.1170491     0.1324557     0.1410777             0
             0    -0.1526993    -0.1595339    -0.1579917    -0.1558322     -0.152766    -0.1489397    -0.1450119    -0.1419237    -0.1393108    -0.1365617    -0.1329617    -0.1275947    -0.1209953    -0.1139661    -0.1065421 -9.875644E-02 -9.063975E-02 -8.221912E-02 -7.351598E-02
 -6.454052E-02 -5.528295E-02 -4.571266E-02 -3.596198E-02 -2.613164E-02 -1.630019E-02 -6.531405E-03   3.12087E-03  1.260982E-02  2.189388E-02  2.980558E-02  3.643445E-02  4.289793E-02  4.813671E-02     0.0522453  5.626868E-02  6.020436E-02  6.405009E-02  6.780393E-02  7.146418E-02
  7.592071E-02  8.190651E-02  8.835538E-02  9.440853E-02     0.1000651     0.1053265     0.1101965     0.1191633     0.1342567     0.1423387             0
             0    -0.1893419    -0.1986671    -0.1971909    -0.1947639    -0.1911433    -0.1864828    -0.1815796    -0.1776618    -0.1743142    -0.1707593    -0.1660636    -0.1589788    -0.1501448    -0.1406251     -0.130475    -0.1197507    -0.1085065 -9.679256E-02    -0.0846507
 -7.210623E-02    -0.0591554 -4.576503E-02 -3.213847E-02 -1.843471E-02 -4.782359E-03  8.709048E-03     0.0219419  3.482625E-02  4.727772E-02  5.772478E-02  6.635556E-02  7.463428E-02  8.121892E-02  8.631108E-02  9.122219E-02  9.594764E-02     0.1004838     0.1048279     0.1089785
     0.1139239     0.1203387     0.1269069     0.1327386     0.1378709     0.1423473     0.1462157     0.1528341     0.1614455     0.1597846             0
             0     -0.225008    -0.2385435      -0.23821    -0.2362358    -0.2327349    -0.2278211    -0.2223328    -0.2177889     -0.213826    -0.2095401    -0.2037858     -0.194919    -0.1836136    -0.1712298    -0.1578747    -0.1436585    -0.1286844    -0.1130428 -9.680302E-02
 -8.000278E-02 -6.263224E-02 -4.463744E-02 -2.629462E-02 -7.816846E-03  1.062157E-02  2.886488E-02     0.0467619     0.0641571  8.088598E-02  9.478899E-02     0.1061462     0.1168702     0.1252221     0.1315692     0.1375664     0.1432008     0.1484629     0.1533467     0.1578499
     0.1630052     0.1692457     0.1749622     0.1793901     0.1826817     0.1849984     0.1864973     0.1881478     0.1861416     0.1732513             0
             0    -0.2534518    -0.2725277    -0.2745387    -0.2739041     -0.271423    -0.2670901    -0.2616219    -0.2567935    -0.2524353    -0.2475831    -0.2409084    -0.2303221    -0.2164621    -0.2010457    -0.1843003     -0.166445    -0.1476676     -0.128113    -0.1078743
 -8.698254E-02 -6.539138E-02 -4.298737E-02 -2.007539E-02  3.127105E-03  2.644994E-02  4.973558E-02  7.281154E-02  9.546795E-02       0.11744      0.135778     0.1507321     0.1647417     0.1754746     0.1834932     0.1908962      0.197643     0.2037029     0.2090567     0.2136984
     0.2186204     0.2237312     0.2271238     0.2284799     0.2282423     0.2268257     0.2245834     0.2190074     0.2047014     0.1820724             0
             0    -0.2747011    -0.3000029    -0.3053805    -0.3069374    -0.3064266     -0.303608    -0.2988332    -0.2940686      -0.28951    -0.2841994    -0.2766347    -0.2641858    -0.2474443    -0.2286512    -0.2082668    -0.1866837    -0.1641963    -0.1409957    -0.1171736
 -9.271951E-02 -6.751227E-02 -4.133751E-02 -1.447004E-02  1.293269E-02  4.077626E-02  6.898095E-02  9.743793E-02      0.125964     0.1542515     0.1783695     0.1982847     0.2170667     0.2314047     0.2419966     0.2515697     0.2599961     0.2671721     0.2730302     0.2775488
     0.2815578     0.2839693     0.2827106     0.2786004     0.2727003     0.2658466      0.258632     0.2442419     0.2179032      0.187714             0
             0    -0.2868936    -0.3171537    -0.3258285    -0.3297891    -0.3317361    -0.3311334    -0.3276914    -0.3233472    -0.3187872    -0.3131208    -0.3046874    -0.2902693    -0.2705629    -0.2485357     -0.224942    -0.2003279    -0.1750399    -0.1492585    -0.1230284
 -9.626985E-02 -6.877473E-02 -4.022688E-02 -1.084184E-02  1.930951E-02  5.024326E-02  8.201263E-02     0.1146609     0.1481654     0.1823581      0.212503     0.2380641     0.2627917     0.2820414     0.2963312     0.3091652     0.3201855     0.3290634      0.335559     0.3395849
     0.3416567     0.3391743     0.3306695     0.3191428     0.3064834     0.2938596     0.2819082     0.2599232     0.2251843     0.1905931             0
             0    -0.2924409     -0.325322     -0.335962    -0.3414818    -0.3452001    -0.3464226    -0.3442929     -0.340467    -0.3360034    -0.3300815    -0.3209299    -0.3049152    -0.2830474    -0.2588984    -0.2333787    -0.2070708    -0.1803023    -0.1532139    -0.1258025
 -9.793836E-02 -6.935958E-02 -3.969172E-02 -9.112285E-03  2.236125E-02  5.481513E-02  8.839352E-02     0.1232574     0.1595348     0.1972445     0.2313008     0.2608357     0.2901707     0.3136784     0.3314435     0.3476117     0.3615113     0.3724103     0.3796584     0.3829467
     0.3825108     0.3745631     0.3593532     0.3419398      0.324535     0.3082356     0.2934945     0.2673293      0.228437     0.1918363             0
             0    -0.2955263     -0.329977    -0.3418751    -0.3484494    -0.3534587    -0.3561615    -0.3552783    -0.3520362    -0.3477233    -0.3415629    -0.3317173    -0.3142991    -0.2907649    -0.2651302    -0.2383505    -0.2109864     -0.183326    -0.1554693    -0.1273758
 -9.888071E-02 -6.968779E-02 -3.938648E-02    -0.0081298     0.0240987  5.743057E-02  9.207076E-02     0.1282635     0.1662524     0.2062186     0.2429225     0.2753036     0.3081917     0.3353232     0.3563054     0.3758874      0.393109     0.4066867     0.4151105     0.4172127
     0.4133864     0.3994759     0.3782878     0.3562863     0.3355082     0.3167595     0.3002453     0.2715253     0.2302298     0.1925104             0
             0    -0.2971096    -0.3324056    -0.3450154    -0.3522154     -0.358047    -0.3618061    -0.3619971    -0.3593873    -0.3552881    -0.3488692    -0.3383349    -0.3197623    -0.2950765    -0.2685194    -0.2410077    -0.2130551     -0.184911    -0.1566452     -0.128193
 -9.936889E-02 -6.985717E-02    -0.0392275 -7.619181E-03  2.500311E-02     0.0587964     0.0940007     0.1309099     0.1698411     0.2110866     0.2493594     0.2835158     0.3187892     0.3486303     0.3722852     0.3951232     0.4161575     0.4337231     0.4448963     0.4442792
     0.4354398     0.4154021     0.3894904     0.3643757     0.3415099       0.32133     0.3038188     0.2737042     0.2311445     0.1928508             0
