 51            10 
             0    -0.2966187    -0.2877595    -0.2806813    -0.2750923    -0.2686412     -0.261335     -0.254203    -0.2487192    -0.2441278     -0.239335    -0.2330969    -0.2238584    -0.2125665    -0.2005921    -0.1879941     -0.174834     -0.161173    -0.1470811    -0.1326479
      -0.11801    -0.1033689 -8.653481E-02 -6.961447E-02 -5.270021E-02 -3.587535E-02 -1.921141E-02 -2.771991E-03  1.338322E-02  2.919617E-02  4.268329E-02     0.0539923  6.502798E-02     0.0739797  8.100387E-02  8.788603E-02  9.462208E-02     0.1012087     0.1076433     0.1139245
     0.1215835     0.1319022     0.1430733     0.1536138      0.163511     0.1727467     0.1813192     0.1971534     0.2243093     0.2475819             0
             0    -0.3017594    -0.2928462    -0.2856919    -0.2800484    -0.2735412    -0.2661596     -0.258936    -0.2533702    -0.2487029    -0.2438231    -0.2374612     -0.228016    -0.2164404    -0.2041427    -0.1912032     -0.177697    -0.1636602    -0.1491513    -0.1342612
    -0.1191378    -0.1040189 -8.695584E-02 -6.954779E-02 -5.218496E-02 -3.497129E-02 -1.795987E-02 -1.193132E-03  1.528111E-02  3.140666E-02  4.515724E-02  5.668123E-02  6.791636E-02  7.701638E-02  8.414694E-02  9.112091E-02  9.793189E-02     0.1045744     0.1110442       0.11734
     0.1249997     0.1353612     0.1465827     0.1572033     0.1671888     0.1764289     0.1849538     0.2006308     0.2272009      0.249498             0
             0    -0.3796608    -0.3702877    -0.3622344    -0.3556832    -0.3479033    -0.3388259    -0.3297048    -0.3225462    -0.3164737    -0.3100553    -0.3016014    -0.2888727    -0.2730168    -0.2559454    -0.2377917    -0.2186889    -0.1987172    -0.1779878    -0.1566576
     -0.134963    -0.1132687 -8.880854E-02 -6.390149E-02 -3.913246E-02 -1.467834E-02  9.352739E-03  3.286284E-02  5.574093E-02  7.785951E-02  9.642775E-02     0.1117696     0.1264804     0.1381683     0.1471958     0.1558873     0.1642315     0.1722198     0.1798459     0.1871082
     0.1957409     0.2069863     0.2185309     0.2288203     0.2379082     0.2457602     0.2524854     0.2639007      0.278536     0.2833138             0
             0    -0.4566332    -0.4508303    -0.4443227    -0.4384794    -0.4309239    -0.4214255    -0.4112422    -0.4029073    -0.3956592    -0.3878248    -0.3772976    -0.3610348    -0.3402295    -0.3174074    -0.2928403    -0.2668084     -0.239498    -0.2111163    -0.1819096
    -0.1522132    -0.1225246 -8.906881E-02 -5.498626E-02 -2.105165E-02  1.250686E-02  4.553799E-02  7.788136E-02     0.1093296     0.1396197     0.1648368     0.1854552     0.2049288     0.2200813     0.2315801     0.2424203     0.2525718     0.2620119     0.2707261       0.27871
     0.2877901     0.2987334     0.3087044     0.3163324     0.3219672     0.3258039     0.3281398     0.3303625     0.3253345     0.3095959             0
             0    -0.5190795    -0.5215568    -0.5199365    -0.5171736    -0.5122025    -0.5044261     -0.494668    -0.4859344    -0.4779638    -0.4689917    -0.4565254    -0.4365064    -0.4100277    -0.3804895    -0.3485108    -0.3146889     -0.279406    -0.2429947    -0.2057752
    -0.1681318    -0.1306207 -8.840427E-02 -4.532278E-02 -2.216998E-03  4.075025E-02  8.349159E-02      0.125872     0.1676384     0.2083801     0.2426142     0.2706646     0.2970403     0.3172747     0.3323726     0.3462601     0.3588303     0.3699985     0.3797096     0.3879443
     0.3964196     0.4046966     0.4095401     0.4105353     0.4088584     0.4052256     0.4002538     0.3885994     0.3605211     0.3268493             0
             0    -0.5666074    -0.5811095    -0.5879773    -0.5912104    -0.5920905    -0.5892771     -0.582233    -0.5741708    -0.5659619    -0.5559431    -0.5411852    -0.5161216     -0.481866    -0.4434959    -0.4023729    -0.3596137    -0.3158171    -0.2713736    -0.2265696
    -0.1817162    -0.1372981 -8.742142E-02 -3.640955E-02  1.500359E-02  6.689655E-02      0.119452     0.1728041     0.2269271     0.2815247     0.3290915     0.3690822     0.4074812     0.4372341     0.4593253     0.4792602     0.4965913      0.510919     0.5219558      0.529592
     0.5350139     0.5348651     0.5266361     0.5132572     0.4978543     0.4819477     0.4663568     0.4366927      0.385577     0.3378949             0
             0    -0.5944031    -0.6202354    -0.6369293    -0.6481096    -0.6580974    -0.6646682    -0.6643434     -0.658971    -0.6513065     -0.640031    -0.6216814    -0.5885827    -0.5433205    -0.4941085     -0.443197    -0.3919974    -0.3409972    -0.2903591    -0.2401266
    -0.1903927    -0.1414636 -8.665276E-02    -0.0304923  2.648687E-02     0.0846942     0.1447409     0.2073182     0.2731188     0.3427379     0.4072348     0.4645377     0.5230429     0.5712872     0.6083605     0.6425217      0.671989      0.694733     0.7088894     0.7135318
     0.7085295     0.6847582     0.6473849     0.6080716       0.57214     0.5407449      0.513662     0.4671086     0.3994278     0.3435348             0
             0    -0.6071787    -0.6394867    -0.6627204    -0.6799293    -0.6981013    -0.7152532    -0.7253454    -0.7258655    -0.7202298    -0.7065998    -0.6819437    -0.6378179    -0.5812135    -0.5230033    -0.4651866    -0.4087134    -0.3536016    -0.2996564    -0.2466635
    -0.1945304    -0.1434297 -8.626353E-02 -2.763573E-02     0.0320561  9.343425E-02      0.157411     0.2251244     0.2979605      0.377621     0.4550882     0.5275471     0.6066956     0.6778992     0.7364928     0.7946448     0.8484679      0.891529     0.9148377     0.9102554
     0.8794053     0.8120221        0.7354     0.6689718     0.6153955      0.572603     0.5380503     0.4816473      0.405625     0.3459707             0
             0     -0.614323    -0.6506666    -0.6783733    -0.7001256    -0.7253973    -0.7540165    -0.7805185    -0.7966344    -0.8014827    -0.7771856    -0.7367001    -0.6758183    -0.6073123    -0.5415398     -0.478673    -0.4186727    -0.3609695    -0.3050222    -0.2504039
    -0.1968842    -0.1445427 -8.603668E-02 -2.600266E-02  3.524877E-02  9.847876E-02     0.1648048     0.2356897     0.3130692     0.3996324     0.4868393     0.5718405     0.6703816     0.7671363     0.8536585      0.949346      1.051333      1.149154      1.213428      1.168612
      1.069112     0.9274637     0.8035554     0.7112479     0.6432797     0.5921602     0.5525668     0.4899416     0.4090439     0.3472917             0
             0    -0.6180024    -0.6565806    -0.6869602    -0.7116997    -0.7424226    -0.7826544    -0.8365829    -0.9090014     -1.032523    -0.8894574    -0.7925478    -0.7040579    -0.6237113    -0.5522464     -0.486123    -0.4240377    -0.3648793    -0.3078431    -0.2523584
    -0.1981093    -0.1451201     -0.085917 -2.515039E-02  3.691829E-02      0.101129     0.1687192     0.2413511     0.3213186     0.4120156     0.5055192     0.5994143     0.7135918     0.8350928     0.9541919      1.105382      1.305835      1.585764      2.000771      1.610059
      1.291892      1.026368     0.8511925     0.7374133     0.6593309     0.6029457     0.5603772     0.4942701     0.4107893     0.3479589             0
