 51            10 
             0    -0.2965594    -0.2877051    -0.2806294    -0.2750413    -0.2685905    -0.2612843    -0.2541524     -0.248669    -0.2440779    -0.2392856    -0.2330482    -0.2238114    -0.2125221    -0.2005509    -0.1879559    -0.1747988    -0.1611421    -0.1470573    -0.1326322
    -0.1180012     -0.103822    -0.0918532 -7.182495E-02 -5.348717E-02 -3.599788E-02 -1.901699E-02 -2.426028E-03  1.379593E-02  2.962726E-02  4.310362E-02  5.439097E-02  6.539555E-02  7.431532E-02  8.131133E-02  8.816312E-02  9.486674E-02     0.1014188     0.1078167     0.1140582
     0.1216631      0.131893     0.1429411      0.153339     0.1630793     0.1721557     0.1805716     0.1961018      0.222628      0.242442             0
             0    -0.3016762    -0.2927673    -0.2856189    -0.2799759    -0.2734636    -0.2660767     -0.258849    -0.2532807    -0.2486119    -0.2437311    -0.2373691    -0.2279265    -0.2163574    -0.2040693    -0.1911364    -0.1776294    -0.1635953    -0.1490966    -0.1342238
    -0.1191245    -0.1044989 -8.683595E-02 -6.899384E-02 -5.154269E-02 -3.424615E-02 -1.715796E-02 -3.314734E-04  1.617813E-02  3.231261E-02  4.604976E-02  5.755099E-02  6.875483E-02  7.782455E-02  8.493015E-02  9.187972E-02  9.866799E-02     0.1052905     0.1117437     0.1180259
     0.1256679      0.135958     0.1470615      0.157515     0.1673015     0.1763697      0.184739     0.2001253     0.2261786     0.2479268             0
             0    -0.3795483    -0.3701756    -0.3621259    -0.3555732    -0.3477852    -0.3386994    -0.3295718    -0.3224092    -0.3163342    -0.3099142      -0.30146    -0.2887351    -0.2728896    -0.2558335    -0.2376913    -0.2185894    -0.1986229    -0.1779089    -0.1566031
    -0.1349408    -0.1139475 -8.859746E-02 -6.303911E-02 -3.811112E-02 -1.350382E-02  1.067198E-02  3.430103E-02  5.726034E-02     0.0794181  9.798545E-02     0.1133067     0.1279804     0.1396271      0.148618      0.157271     0.1655764     0.1735264      0.181116     0.1883434
       0.19693     0.2080575     0.2194177     0.2294749     0.2382923     0.2458983     0.2523949     0.2633806     0.2772754     0.2815438             0
             0     -0.456466    -0.4506389    -0.4441177    -0.4382626    -0.4306885    -0.4211713    -0.4109741    -0.4026314    -0.3953789    -0.3875421    -0.3770155    -0.3607621    -0.3399797    -0.3171894    -0.2926508    -0.2666308    -0.2393358    -0.2109806    -0.1818091
    -0.1521517    -0.1234015 -8.862484E-02 -5.355312E-02 -1.930533E-02  1.455925E-02  4.788618E-02  8.049051E-02     0.1121461     0.1425801     0.1678659     0.1885078     0.2079719     0.2230927     0.2345554     0.2453506     0.2554502      0.264833     0.2734858     0.2814047
     0.2903959     0.3011562     0.3108318     0.3181188     0.3233483     0.3267848     0.3287344     0.3302248     0.3239869     0.3076458             0
             0    -0.5188309    -0.5212127    -0.5195217    -0.5167107    -0.5116839     -0.503853    -0.4940565    -0.4853042    -0.4773246    -0.4683506    -0.4558913    -0.4359036    -0.4094889     -0.380031    -0.3481302    -0.3143568     -0.279119    -0.2427599    -0.2055958
     -0.168002    -0.1316554 -8.765732E-02 -4.321866E-02  3.914407E-04  4.386011E-02  8.709754E-02     0.1299356     0.1720917     0.2131339     0.2475412     0.2756795     0.3020827     0.3222941     0.3373527     0.3511839     0.3636848     0.3747746     0.3844016     0.3925492
     0.4009114     0.4089952     0.4134656     0.4140455     0.4118133      0.407571     0.4019848     0.3891532     0.3592345     0.3247917             0
             0    -0.5662588    -0.5805246    -0.5871855    -0.5902714    -0.5909832    -0.5879978    -0.5808311    -0.5727138    -0.5644839      -0.55447    -0.5397505    -0.5148009    -0.4807382    -0.4425803    -0.4016559    -0.3590322    -0.3153447    -0.2710015    -0.2262876
    -0.1815029    -0.1384504 -8.638349E-02 -3.368533E-02     0.0184098  7.098889E-02       0.12423     0.1782193      0.232878      0.287857     0.3355772     0.3755634     0.4138165     0.4433427     0.4652142     0.4849116     0.5020136     0.5161482     0.5270523     0.5346299
     0.5400705       0.54011      0.531835     0.5183215      0.502407     0.4857532       0.46933     0.4380127     0.3844062     0.3357757             0
             0    -0.5939702    -0.6193908    -0.6356617    -0.6465049    -0.6560658    -0.6621383    -0.6613951    -0.6558153    -0.6480796    -0.6368558    -0.6186941    -0.5860082    -0.5412827    -0.4925637    -0.4420653    -0.3911391    -0.3403373     -0.289859    -0.2397557
    -0.1901123    -0.1426834 -8.542567E-02 -2.737204E-02     0.0303987  8.940304E-02     0.1502381     0.2135193     0.2798355     0.3496416     0.4138494     0.4705028     0.5278756      0.574761     0.6105779     0.6434069     0.6716226     0.6934106      0.707137     0.7120129
     0.7080134     0.6865861     0.6511435     0.6131199     0.5773582     0.5454066     0.5174489      0.468964     0.3983485     0.3413871             0
             0    -0.6067005    -0.6384808     -0.661118    -0.6778052    -0.6952348    -0.7113465    -0.7202435    -0.7198961    -0.7138551    -0.7006101    -0.6768019    -0.6338707    -0.5783586    -0.5209706    -0.4637669    -0.4076788    -0.3528301    -0.2990839    -0.2462443
     -0.194215    -0.1446803 -8.494689E-02 -2.432918E-02  3.620398E-02  9.842709E-02     0.1632291     0.2316477      0.304913     0.3844805       0.46106     0.5319335     0.6083415     0.6760199     0.7310893     0.7851206     0.8346031     0.8739202      0.895435     0.8924028
     0.8660764     0.8065437     0.7358304     0.6729336     0.6205336     0.5775381      0.542182     0.4837591     0.4045916     0.3438112             0
             0    -0.6138173    -0.6495556    -0.6765344     -0.697602    -0.7217864    -0.7485343    -0.7718386    -0.7838408    -0.7846396    -0.7643716    -0.7279813     -0.670301    -0.6037289    -0.5391316    -0.4770508    -0.4175212    -0.3601269     -0.304405    -0.2499555
    -0.1965481    -0.1458104 -8.466943E-02 -2.259113E-02  3.952904E-02     0.1036294     0.1707969     0.2423752     0.3201009     0.4063193     0.4920759     0.5745359      0.668492     0.7588047     0.8382481     0.9245625      1.014879      1.099984      1.155457      1.118968
      1.035143     0.9123202     0.8001038     0.7139122      0.648151     0.5971808     0.5568721     0.4921985      0.408037      0.345126             0
             0    -0.6174818    -0.6554095    -0.6849756    -0.7089056    -0.7382008    -0.7753332    -0.8207466    -0.8695663    -0.9165996    -0.8500023    -0.7766737    -0.6967063    -0.6195284    -0.5495833    -0.4843762    -0.4228183    -0.3639968    -0.3072012    -0.2518942
    -0.1977621    -0.1463966 -8.452354E-02 -2.168461E-02  4.126673E-02     0.1063603     0.1747986     0.2481121     0.3283668      0.418541     0.5101724     0.6007442     0.7086313     0.8204764     0.9277945      1.060866       1.23298      1.468377      1.826881      1.491202
      1.226861      1.000485     0.8441663     0.7389641     0.6639385     0.6079745     0.5647616     0.4966017     0.4097963     0.3457901             0
