 51            10 
             0     -0.296713    -0.2872296    -0.2790715    -0.2734606    -0.2676902    -0.2607202    -0.2536185    -0.2480113    -0.2432353    -0.2381612    -0.2314316    -0.2211463    -0.2088758    -0.1959642    -0.1835967    -0.1719231    -0.1589931    -0.1449912    -0.1300347
    -0.1141766 -9.740096E-02 -8.114077E-02 -6.546169E-02 -4.901078E-02 -3.313036E-02 -1.799165E-02 -2.567478E-03     0.0129744  2.849388E-02  4.195479E-02  5.338238E-02  6.468445E-02  7.399551E-02  8.138807E-02  8.826537E-02  9.462252E-02     0.1009101     0.1071191     0.1132409
     0.1207732     0.1310394      0.142311     0.1531085     0.1634416     0.1727885     0.1811311     0.1968022     0.2241181     0.2476315             0
             0    -0.3023205    -0.2934462    -0.2861268    -0.2804669    -0.2742504    -0.2669871    -0.2598529    -0.2543584    -0.2497514      -0.24493    -0.2386224    -0.2291176    -0.2175387    -0.2049152    -0.1917433    -0.1787969    -0.1648542    -0.1502074    -0.1349597
    -0.1191875    -0.1026564 -8.603957E-02 -6.967257E-02 -5.255719E-02 -3.573823E-02 -1.953189E-02 -3.185794E-03      0.013126  2.926752E-02  4.306163E-02  5.463777E-02  6.597246E-02  7.526328E-02  8.266708E-02  8.965124E-02  9.618221E-02     0.1026652     0.1090677     0.1153795
     0.1231392     0.1336032     0.1449457      0.155691     0.1658699     0.1753164     0.1839472     0.2000652     0.2270147     0.2497031             0
             0    -0.3804449    -0.3711821    -0.3629909    -0.3564725    -0.3490673     -0.340166    -0.3311839    -0.3241336    -0.3181511    -0.3118185    -0.3034444    -0.2906374    -0.2747735    -0.2572175    -0.2387147    -0.2203533    -0.2004836    -0.1795451    -0.1577084
    -0.1351044    -0.1114187 -8.763677E-02 -6.424394E-02 -3.984722E-02 -1.596679E-02   6.92288E-03  2.984391E-02  5.250099E-02  7.465179E-02  9.329244E-02     0.1087174     0.1235737      0.135522     0.1449115     0.1536395     0.1616633     0.1694863     0.1770655      0.184387
     0.1931966     0.2046684     0.2164709     0.2270263     0.2364059     0.2445451     0.2514614     0.2634344     0.2787257     0.2836566             0
             0    -0.4579995    -0.4526415    -0.4462887    -0.4407345    -0.4337243    -0.4245856    -0.4146823    -0.4065377    -0.3994324    -0.3917207    -0.3812923    -0.3648806    -0.3439717    -0.3203391    -0.2951368    -0.2699264    -0.2426026    -0.2138249    -0.1838493
    -0.1528727    -0.1204675 -8.796985E-02 -5.600133E-02 -2.264018E-02     0.0100426  4.139855E-02  7.280163E-02     0.1037963      0.133974     0.1591574     0.1797834     0.1993597     0.2147928     0.2267217     0.2376013     0.2473674     0.2566359     0.2653458      0.273475
      0.282892     0.2943709     0.3049693     0.3132676     0.3194908     0.3238496     0.3266097     0.3296766     0.3257906     0.3100522             0
             0    -0.5214238    -0.5253006    -0.5247869    -0.5231211    -0.5192363    -0.5124265    -0.5033774    -0.4950418    -0.4873166    -0.4785007    -0.4660813    -0.4456148    -0.4185839    -0.3874359    -0.3540635    -0.3207471    -0.2849704    -0.2476893    -0.2092226
      -0.16979    -0.1287784 -8.777225E-02 -4.740404E-02  -5.12724E-03  3.653641E-02  7.686512E-02     0.1176712     0.1583851     0.1984233     0.2320606     0.2596265     0.2856478     0.3058725     0.3212588     0.3349891      0.346935     0.3578291     0.3675632     0.3760954
     0.3852554     0.3948591     0.4013424     0.4041054     0.4038549     0.4013875     0.3974102      0.387294     0.3610907     0.3273829             0
             0    -0.5702157    -0.5880151    -0.5982134    -0.6045536    -0.6081988    -0.6082841    -0.6033425     -0.596296    -0.5885684    -0.5786623    -0.5635539    -0.5368287     -0.500343    -0.4582669    -0.4138538      -0.37048    -0.3250629    -0.2788246    -0.2319986
    -0.1846859    -0.1359588 -8.747084E-02 -3.970524E-02  1.058496E-02  6.062301E-02      0.109804     0.1605484     0.2123965     0.2647901     0.3100935     0.3479602     0.3842375     0.4125515     0.4339272     0.4526334      0.468299     0.4817282     0.4926282     0.5008817
     0.5079752     0.5115867      0.508068     0.4994715     0.4877128     0.4745384     0.4611526     0.4344111      0.386151     0.3384779             0
             0    -0.5991024    -0.6306159    -0.6541547    -0.6720278    -0.6886753    -0.7032034    -0.7091735    -0.7067159    -0.7001379    -0.6885637    -0.6681771    -0.6293317    -0.5770656    -0.5197278    -0.4620394    -0.4082383    -0.3539925    -0.3003978    -0.2472964
    -0.1944732    -0.1406119    -0.0872687 -3.470334E-02  2.090812E-02  7.675537E-02     0.1325114     0.1912999     0.2531559     0.3181143     0.3771152     0.4286264     0.4803581      0.522589     0.5551547      0.583849     0.6074428     0.6263235     0.6392181     0.6455231
     0.6458305     0.6339216     0.6099696     0.5824097     0.5546297     0.5287309     0.5056646     0.4638666     0.3999605     0.3441426             0
             0     -0.612471     -0.652044    -0.6849498    -0.7121399    -0.7414749     -0.773593    -0.7971836    -0.8041749    -0.8005849    -0.7858078    -0.7556669    -0.6985426    -0.6280985    -0.5569228    -0.4890825    -0.4283707    -0.3688366    -0.3111656    -0.2547848
    -0.1992033    -0.1428452 -8.717462E-02 -3.230991E-02  2.588238E-02  8.461601E-02     0.1437698     0.2069401     0.2746449     0.3476635     0.4166108     0.4793135     0.5457187     0.6036752     0.6506549     0.6941495     0.7316039     0.7617388     0.7794265     0.7805035
     0.7659527      0.728105     0.6789792      0.632948      0.592201     0.5573668     0.5282345     0.4778518     0.4061291     0.3465891             0
             0    -0.6199746    -0.6646489    -0.7041634    -0.7386218    -0.7794219    -0.8308979     -0.880407    -0.9066527     -0.911321     -0.888168    -0.8385916    -0.7550735     -0.664937    -0.5816562    -0.5060647    -0.4405846    -0.3776308    -0.3174428    -0.2591029
     -0.201912    -0.1441195 -8.712216E-02 -3.094724E-02  2.872512E-02  8.913519E-02     0.1503043     0.2161492       0.28757     0.3660046     0.4421965     0.5138088     0.5933487     0.6677821     0.7321621     0.7968648     0.8594018     0.9169767     0.9539279     0.9356013
     0.8857685     0.8071073     0.7295853      0.666771     0.6158535     0.5746768     0.5415388     0.4858012     0.4095293     0.3479158             0
             0    -0.6238489    -0.6713806    -0.7149416    -0.7542948     -0.804062    -0.8743735    -0.9594887     -1.028025     -1.067244     -1.009477     -0.917505    -0.7980411    -0.6888804    -0.5963517    -0.5156124     -0.447251    -0.3823415    -0.3207653    -0.2613707
    -0.2033278     -0.144784    -0.0870953 -3.023789E-02  3.020872E-02  9.150334E-02     0.1537511     0.2210573     0.2945699     0.3761927     0.4569557      0.534686     0.6243895     0.7139764     0.7974258     0.8912528      1.001645      1.143786      1.334305      1.164315
      1.011584     0.8695771     0.7631259     0.6870164     0.6291977     0.5841067      0.548645     0.4899391     0.4112642     0.3485859             0
