 51            10 
             0    -0.2967716     -0.287902    -0.2808166     -0.275226    -0.2687778    -0.2614751    -0.2543457    -0.2488631    -0.2442722    -0.2394793    -0.2332399    -0.2239968    -0.2126962    -0.2007103    -0.1881019    -0.1749339    -0.1612558     -0.147123    -0.1325912
    -0.1176923    -0.1023389    -0.0858481 -6.926494E-02 -5.265443E-02 -3.609316E-02 -1.964856E-02 -3.373052E-03  1.268002E-02  2.845381E-02  4.196107E-02     0.0533231  6.444963E-02  7.351139E-02     0.0806438  8.765654E-02  9.454891E-02     0.1013224     0.1079797     0.1145245
     0.1225697     0.1330763      0.144256     0.1546204     0.1641298     0.1731164     0.1815414     0.1972258     0.2244151     0.2478614             0
             0    -0.3020414     -0.293128    -0.2859327     -0.280286    -0.2738296     -0.266488    -0.2592942    -0.2537484    -0.2490957    -0.2442276    -0.2378735    -0.2284164    -0.2168075    -0.2044437    -0.1914583    -0.1779974    -0.1639655    -0.1494016    -0.1343718
    -0.1189372    -0.1030706 -8.633856E-02 -6.939886E-02 -5.236816E-02 -3.543615E-02 -1.870313E-02 -2.134221E-03  1.423165E-02  3.032272E-02  4.408519E-02  5.564222E-02  6.693438E-02  7.610261E-02  8.329393E-02  9.032284E-02  9.718442E-02     0.1038978     0.1104774     0.1169378
     0.1248887     0.1353815     0.1466594     0.1572449     0.1670319     0.1762289     0.1847679     0.2005441     0.2272839     0.2497603             0
             0    -0.3800535    -0.3707076     -0.362626    -0.3560812    -0.3483731    -0.3393556    -0.3302808    -0.3231532    -0.3171031    -0.3107024    -0.3022604    -0.2895143    -0.2736056    -0.2564311    -0.2381994    -0.2191488    -0.1991753    -0.1783633    -0.1568347
    -0.1347026    -0.1119556 -8.800465E-02    -0.0637944    -0.0395194 -1.548078E-02   8.14338E-03  3.136395E-02     0.0540814  7.614511E-02  9.472517E-02      0.110109     0.1248941     0.1366715     0.1457788     0.1545429     0.1629533     0.1710311     0.1787923     0.1862535
     0.1952332     0.2066734     0.2183235     0.2286509     0.2376041     0.2454636     0.2522449     0.2638271     0.2787417     0.2836396             0
             0    -0.4572837    -0.4516481     -0.445217    -0.4394314    -0.4320076    -0.4226302    -0.4125392    -0.4042602     -0.397049    -0.3892398    -0.3787236    -0.3624153     -0.341485    -0.3184606    -0.2937066    -0.2676851    -0.2403261    -0.2117996    -0.1823051
    -0.1520156    -0.1209244 -8.823881E-02 -5.516763E-02 -2.196662E-02  1.096007E-02  4.335724E-02  7.521461E-02     0.1063432     0.1364529     0.1615946     0.1821957     0.2017038     0.2169323     0.2285105     0.2394305     0.2496589     0.2592103     0.2680962     0.2763332
     0.2858517     0.2971762     0.3074346     0.3153573      0.321089     0.3250917     0.3275978     0.3301501     0.3256095     0.3099755             0
             0    -0.5201496    -0.5231965    -0.5219961    -0.5194802    -0.5148456    -0.5073977    -0.4978763    -0.4892657    -0.4813618    -0.4724185    -0.4599324     -0.439749    -0.4129045    -0.3828845    -0.3504086     -0.316415    -0.2809277    -0.2442271    -0.2065735
    -0.1681524    -0.1288971 -8.774568E-02    -0.0460178 -3.930788E-03  3.811271E-02  7.987482E-02     0.1214066     0.1624762     0.2026408     0.2364331     0.2641509     0.2902625     0.3103588     0.3253932     0.3392508     0.3518164     0.3630596     0.3729627     0.3815326
     0.3906287     0.3998053     0.4055188     0.4075441     0.4065964     0.4035475      0.399026     0.3880675     0.3608021     0.3272629             0
             0    -0.5682132    -0.5840823    -0.5921841    -0.5961964    -0.5980396    -0.5962253    -0.5898973    -0.5821657    -0.5740961    -0.5640771    -0.5491385    -0.5234556    -0.4880847    -0.4484826    -0.4061192    -0.3627294    -0.3183813    -0.2733758    -0.2279117
    -0.1820608    -0.1355772 -8.704408E-02 -3.771181E-02  1.237772E-02  6.298694E-02     0.1140811     0.1659851     0.2186575     0.2717178     0.3177781     0.3563796     0.3933466      0.421961      0.443223     0.4624447     0.4792017     0.4932311     0.5043452     0.5124899
     0.5190955     0.5215533     0.5161597     0.5058827     0.4928198      0.478492     0.4639572     0.4356923     0.3858265     0.3383287             0
             0    -0.5964686    -0.6246656    -0.6438855    -0.6568803    -0.6692556     -0.678587    -0.6804323     -0.676044    -0.6687179    -0.6572796    -0.6381303    -0.6029549    -0.5546834    -0.5026746    -0.4492362    -0.3966646    -0.3446216    -0.2930845    -0.2419506
    -0.1910243     -0.139799 -8.651665E-02 -3.226088E-02  2.315681E-02  7.975896E-02     0.1378605     0.1982886     0.2615943     0.3280821     0.3889343     0.4423634     0.4961791     0.5399263     0.5732479     0.6037202      0.629859     0.6502595     0.6636603     0.6694767
     0.6680629     0.6529238      0.624507     0.5932723     0.5629689     0.5349454     0.5098722     0.4656578     0.3996405     0.3439783             0
             0    -0.6094938    -0.6448265    -0.6716192    -0.6916341    -0.7138165    -0.7361687    -0.7509546    -0.7537255    -0.7487651     -0.734651     -0.707939    -0.6591857    -0.5970176    -0.5343086    -0.4728107    -0.4143676    -0.3578583    -0.3027923    -0.2487513
    -0.1953169    -0.1418033 -8.625413E-02 -2.964198E-02     0.0283637  8.795679E-02     0.1496998     0.2148077     0.2843911      0.359601     0.4313455     0.4971175     0.5671826      0.628336     0.6775314     0.7251896      0.768212     0.8022441     0.8214778      0.820945
     0.8016222     0.7564268     0.6992715     0.6473194     0.6028683     0.5651023     0.5333347     0.4799362     0.4058168     0.3464182             0
             0     -0.616789    -0.6566005    -0.6886413    -0.7140385    -0.7448847    -0.7814708    -0.8160982    -0.8358971    -0.8405131    -0.8166457     -0.772673    -0.7036988    -0.6267707    -0.5548944    -0.4874014    -0.4249792    -0.3656286    -0.3084123    -0.2526519
    -0.1977641    -0.1429409 -8.610239E-02 -2.814814E-02  3.134285E-02  9.267706E-02     0.1565858     0.2245615     0.2981533     0.3792601     0.4589921     0.5346619      0.619391     0.6989762     0.7676203     0.8404856     0.9146609       0.98285      1.026542       1.00134
     0.9382704     0.8446722     0.7547587     0.6838044     0.6281727     0.5834448     0.5472246     0.4880677     0.4092228     0.3477414             0
             0    -0.6205503    -0.6628546    -0.6980633    -0.7270446    -0.7646015    -0.8153809    -0.8806019    -0.9514374     -1.036782    -0.9320925    -0.8369582    -0.7371793    -0.6457675    -0.5669256    -0.4955193    -0.4307214    -0.3697643     -0.311373    -0.2546933
    -0.1990394    -0.1435322 -8.602275E-02 -2.736962E-02  3.289876E-02  9.515301E-02     0.1602232     0.2297698     0.3056256     0.3902182     0.4750143     0.5575179     0.6536703      0.750375     0.8406533     0.9489571      1.083702       1.26023      1.506256      1.280876
      1.086369     0.9156227     0.7919368     0.7057936      0.642529     0.5934831     0.5546663     0.4923058     0.4109613     0.3484097             0
