 51            10 
             0    -0.2964802     -0.287633    -0.2805604    -0.2749738    -0.2685235    -0.2612178    -0.2540865    -0.2486036    -0.2440131    -0.2392215    -0.2329854    -0.2237507    -0.2124648    -0.2004975    -0.1879063    -0.1747529    -0.1611014    -0.1470239    -0.1326035
    -0.1179217     -0.102929 -8.574346E-02 -6.856441E-02 -5.145945E-02 -3.449414E-02 -1.773223E-02 -1.235497E-03  1.493656E-02     0.0307272  4.416354E-02  5.541154E-02  6.637136E-02  7.524973E-02  8.221069E-02  8.902563E-02  9.569068E-02     0.1022024     0.1085577      0.114754
     0.1222978     0.1324297     0.1433457     0.1535928     0.1631706     0.1720832     0.1803395     0.1955656     0.2215949     0.2437292             0
             0    -0.3015732    -0.2926708    -0.2855287    -0.2798864    -0.2733698    -0.2659782     -0.258747    -0.2531766    -0.2485065    -0.2436252    -0.2372634     -0.227824     -0.216262    -0.2039836    -0.1910578    -0.1775516    -0.1635212    -0.1490333    -0.1341743
    -0.1190398    -0.1036094 -8.601811E-02 -6.841253E-02 -5.088634E-02 -3.350801E-02 -1.634385E-02  5.417714E-04  1.708632E-02     0.0332294  4.695288E-02  5.843116E-02  6.960355E-02  7.864287E-02  8.572344E-02  9.264851E-02  9.941398E-02     0.1060163     0.1124525     0.1187202
      0.126342     0.1365612     0.1475455     0.1578319     0.1674207     0.1763158     0.1845286     0.1996227     0.2251566     0.2464412             0
             0    -0.3794105    -0.3700405    -0.3619949    -0.3554411     -0.347646    -0.3385524    -0.3294188    -0.3222528    -0.3161758    -0.3097547    -0.3013007    -0.2885805    -0.2727462    -0.2557057    -0.2375756    -0.2184769    -0.1985172    -0.1778194     -0.156533
    -0.1348176    -0.1126618    -0.0873943 -6.214453E-02 -3.707517E-02 -1.231547E-02  1.200432E-02  3.575175E-02  5.879189E-02  8.098856E-02  9.955479E-02     0.1148553     0.1294916     0.1410969     0.1500513     0.1586658      0.166932     0.1748436     0.1823963     0.1895878
     0.1981253     0.2091351     0.2203102     0.2301345     0.2386825     0.2460412      0.252308     0.2628623     0.2760133     0.2798674             0
             0    -0.4562676    -0.4504186    -0.4438841    -0.4380174    -0.4304255    -0.4208903    -0.4106798      -0.40233    -0.3950736    -0.3872352    -0.3767099     -0.360467    -0.3397086    -0.3169507    -0.2924414    -0.2664365    -0.2391592    -0.2108316    -0.1816881
    -0.1519517    -0.1215797 -8.682343E-02 -5.207917E-02 -1.754193E-02  1.662798E-02  5.025006E-02  8.311483E-02     0.1149774     0.1455551     0.1709094     0.1915745      0.211029     0.2261178     0.2375443     0.2482944     0.2583418      0.267667     0.2762579      0.284111
     0.2930107      0.303587     0.3129675     0.3199116      0.324737     0.3277721     0.3293339     0.3300894      0.322637     0.3057971             0
             0    -0.5185459    -0.5208336    -0.5190719     -0.516212    -0.5111297    -0.5032446    -0.4934103    -0.4846401    -0.4766523     -0.467677     -0.455226    -0.4352712    -0.4089221    -0.3795458    -0.3477237    -0.3140034    -0.2788141    -0.2425086    -0.2053907
    -0.1676963    -0.1292715 -8.519579E-02 -4.106546E-02  3.019246E-03  4.698864E-02     0.0907214     0.1340163     0.1765614     0.2179032     0.2524826     0.2807074     0.3071369     0.3273241     0.3423426     0.3561167     0.3685476     0.3795584     0.3891011     0.3971611
     0.4054089      0.413297     0.4173987     0.4175602     0.4147751     0.4099236     0.4037221     0.3897108     0.3579456     0.3228407             0
             0    -0.5658695    -0.5798984     -0.586352    -0.5892878    -0.5898294    -0.5866709    -0.5793809    -0.5712088    -0.5629586    -0.5529509    -0.5382718    -0.5134397    -0.4795728    -0.4416299    -0.4009056    -0.3584239    -0.3148503    -0.2706096    -0.2259751
    -0.1810808    -0.1355545 -8.331884E-02 -3.090518E-02  2.183681E-02      0.075101     0.1290263     0.1836507     0.2388421     0.2941978     0.3420655     0.3820409     0.4201404     0.4494331     0.4710794     0.4905344     0.5074031      0.521342     0.5321128     0.5396334
     0.5450971     0.5453221     0.5370209     0.5233725     0.5069558     0.4895612     0.4723083     0.4393374     0.3832333     0.3337665             0
             0     -0.593494    -0.6184999    -0.6343462     -0.644846     -0.653973    -0.6595371    -0.6583595     -0.652559    -0.6447476    -0.6335825    -0.6156248     -0.583371    -0.5391935    -0.4909753    -0.4408925    -0.3902488    -0.3396522    -0.2893368     -0.239351
    -0.1896019    -0.1394507 -8.197138E-02 -2.419176E-02  3.433173E-02  9.413142E-02     0.1557519     0.2197324     0.2865567      0.356537     0.4204377       0.47642     0.5326319     0.5781289      0.612664     0.6441348     0.6710754     0.6918908     0.7051821     0.7103018
     0.7073346     0.6882669     0.6548231     0.6181077     0.5825456     0.5500582     0.5212352     0.4708239     0.3972672     0.3393511             0
             0    -0.6061775    -0.6374261    -0.6594641    -0.6756186    -0.6922868     -0.707309    -0.7148848    -0.7135147    -0.7069962    -0.6942111    -0.6714093    -0.6298018    -0.5754321    -0.5188857    -0.4623006    -0.4066091    -0.3520315    -0.2984881    -0.2457898
    -0.1936595    -0.1412857 -8.130751E-02 -2.096074E-02     0.0403731     0.1034391     0.1690625     0.2381797     0.3118628     0.3913171     0.4669777     0.5362256      0.609834     0.6739176     0.7253952     0.7752275     0.8202868     0.8557866      0.875466     0.8740364
     0.8523463     0.8007528      0.736099     0.6767854     0.6256152     0.5824517      0.546308     0.4858752     0.4035562     0.3417642             0
             0    -0.6132661    -0.6483941    -0.6746408    -0.6950071    -0.7180614    -0.7427752    -0.7623004    -0.7692474    -0.7659907    -0.7497609    -0.7184104    -0.6645162    -0.6000406    -0.5366622    -0.4753775    -0.4163326    -0.3592561    -0.3037637    -0.2494709
     -0.195966    -0.1423234 -8.092513E-02 -1.911666E-02  4.383054E-02     0.1087989     0.1768035     0.2490671     0.3271246     0.4129719     0.4972356     0.5770959     0.6663738     0.7501206     0.8223503     0.8991103     0.9775144      1.049548      1.095369      1.068071
      1.000387     0.8966643     0.7964058     0.7164226     0.6529447     0.6021708     0.5611679     0.4944591     0.4070282     0.3430732             0
             0    -0.6169154    -0.6541869    -0.6829343    -0.7060312    -0.7338169    -0.7674346    -0.8024052     -0.825878    -0.8327867    -0.8062969    -0.7583009    -0.6887865    -0.6151918    -0.5468494    -0.4825753    -0.4215605    -0.3630855    -0.3065349    -0.2513933
     -0.197166    -0.1428615    -0.0807248 -1.815535E-02  4.563637E-02     0.1116102     0.1808918     0.2548781     0.3354038     0.4250247     0.5147331     0.6019086     0.7033803     0.8053847     0.9006935      1.015272      1.158252      1.345258      1.604157       1.36658
       1.16032     0.9738728     0.8368206      0.740329     0.6684544      0.612967     0.5691342     0.4989369     0.4088014     0.3437344             0
