 51            10 
             0    -0.2716479    -0.2626485    -0.2555031    -0.2498742    -0.2433893    -0.2360514    -0.2288923    -0.2233892    -0.2187822    -0.2139734    -0.2077146    -0.1984453    -0.1871159    -0.1751024    -0.1624677    -0.1492748     -0.135573    -0.1214178    -0.1068649
 -9.194578E-02 -7.657257E-02 -6.006106E-02 -4.345923E-02 -2.683204E-02 -1.025603E-02  6.201387E-03  2.248782E-02  3.854996E-02  5.433095E-02  6.784284E-02  7.920779E-02  9.033612E-02  9.939846E-02     0.1065308      0.113543     0.1204343     0.1272062     0.1338613     0.1404034
     0.1484446     0.1589443     0.1701141     0.1804667     0.1899623     0.1989328     0.2073393      0.222982     0.2500454     0.2731509             0
             0    -0.2769072    -0.2678678    -0.2606139      -0.25493    -0.2484381    -0.2410621    -0.2338393    -0.2282732    -0.2236047    -0.2187209    -0.2123476    -0.2028643    -0.1912265     -0.178835    -0.1658231    -0.1523373    -0.1382816    -0.1236951    -0.1086439
 -9.318894E-02 -7.730258E-02 -6.055034E-02 -4.359234E-02 -2.654523E-02 -9.598723E-03  7.146902E-03  2.372661E-02  4.010151E-02  5.619983E-02  6.996704E-02  8.152711E-02  9.282125E-02     0.1019902     0.1091816     0.1162102     0.1230709     0.1297828     0.1363605     0.1428184
     0.1507655     0.1612516     0.1725198     0.1830934     0.1928665     0.2020472     0.2105678     0.2263024     0.2529166     0.2750429             0
             0    -0.3549185    -0.3454468    -0.3373069    -0.3307249    -0.3229814    -0.3139296    -0.3048258     -0.297678    -0.2916121    -0.2851957    -0.2767346    -0.2639623    -0.2480247    -0.2308226    -0.2125644    -0.1934888    -0.1734915    -0.1526569    -0.1311068
    -0.1089544    -0.0861877 -6.221656E-02 -3.798806E-02    -0.0136967  1.035638E-02  3.399311E-02  5.722446E-02  7.995092E-02     0.1020219     0.1206067     0.1359935     0.1507807     0.1625588     0.1716662     0.1804299     0.1888394     0.1969159     0.2046752     0.2121339
     0.2211097     0.2325433     0.2441837     0.2544992     0.2634386     0.2712818     0.2780447     0.2895854     0.3043744     0.3089214             0
             0    -0.4321487    -0.4263873    -0.4198979    -0.4140752    -0.4066159    -0.3972043    -0.3870842    -0.3787851     -0.371558    -0.3637332    -0.3531978    -0.3368633    -0.3159042    -0.2928521    -0.2680716    -0.2420251    -0.2146423    -0.1860932    -0.1565773
    -0.1262674 -9.515642E-02 -6.245073E-02 -2.936132E-02  3.856055E-03  3.679719E-02  6.920693E-02     0.1010751     0.1322127     0.1623296     0.1874761     0.2080802     0.2275903     0.2428195     0.2543979     0.2653175      0.275545      0.285095      0.293979     0.3022135
     0.3117282     0.3230461     0.3332948     0.3412056     0.3469234     0.3509099     0.3533975     0.3559084     0.3512422     0.3352574             0
             0    -0.4950145    -0.4979357     -0.496677    -0.4941239    -0.4894539    -0.4819717    -0.4724213    -0.4637906    -0.4558708    -0.4469119    -0.4344066     -0.414197    -0.3873237    -0.3572759    -0.3247736     -0.290755    -0.2552439    -0.2185207    -0.1808456
    -0.1424042    -0.1031291 -6.195761E-02    -0.0202115  2.189187E-02  6.394982E-02     0.1057245     0.1472671     0.1883456     0.2285174     0.2623145     0.2900353     0.3161489      0.336246     0.3512805     0.3651377     0.3777024     0.3889442     0.3988453     0.4074129
     0.4165051     0.4256752      0.431379     0.4333924     0.4324308     0.4293658     0.4248258     0.4138258     0.3864348     0.3525448             0
             0    -0.5430781    -0.5588216     -0.566865    -0.5708402    -0.5726479    -0.5707994    -0.5644424    -0.5566906    -0.5486051    -0.5385705    -0.5236127    -0.4979036    -0.4625039    -0.4228741    -0.3804842    -0.3370694    -0.2926975    -0.2476694    -0.2021838
    -0.1563126    -0.1098093 -6.125601E-02 -1.190551E-02  3.820037E-02  8.882403E-02     0.1399308     0.1918455     0.2445269     0.2975944     0.3436595     0.3822639     0.4192329      0.447848     0.4691102     0.4883314     0.5050875     0.5191155     0.5302278       0.53837
     0.5449719     0.5474231     0.5420197     0.5317308     0.5186542     0.5043102     0.4897569     0.4614505     0.4114592     0.3636106             0
             0    -0.5713336    -0.5994048    -0.6185663     -0.631524    -0.6438639     -0.653161    -0.6549774    -0.6505689    -0.6432269     -0.631773    -0.6126046    -0.5774029    -0.5291026    -0.4770661    -0.4236012    -0.3710046    -0.3189378    -0.2673781    -0.2162227
     -0.165276    -0.1140311 -6.072858E-02 -6.454594E-03  4.897945E-02      0.105596     0.1637101      0.224149     0.2874636     0.3539587     0.4148155     0.4682476     0.5220653     0.5658131     0.5991348     0.6296067     0.6557446     0.6761437     0.6895426     0.6953565
     0.6939389     0.6787932     0.6503668     0.6191203     0.5888031     0.5607635     0.5356719      0.491416     0.4252732     0.3692602             0
             0    -0.5843587    -0.6195658    -0.6463001    -0.6662779    -0.6884249    -0.7107428    -0.7254997    -0.7282505    -0.7232741    -0.7091444    -0.6824132    -0.6336338    -0.5714368       -0.5087    -0.4471757    -0.3887076    -0.3321745    -0.2770859    -0.2230234
    -0.1695687    -0.1160353 -6.046605E-02 -3.835693E-03  5.418633E-02     0.1137938     0.1755494      0.240668     0.3102604     0.3854775     0.4572267     0.5230016     0.5930685     0.6542227     0.7034181     0.7510757     0.7940972     0.8281279     0.8473597     0.8468244
     0.8274979     0.7822961     0.7251312     0.6731673     0.6287025     0.5909204     0.5591344     0.5056944     0.4314495     0.3717001             0
             0    -0.5916539    -0.6313397    -0.6633222    -0.6886823    -0.7194931    -0.7560449    -0.7906433     -0.810422    -0.8150222    -0.7911392    -0.7471473    -0.6781468      -0.60119    -0.5292859    -0.4617664    -0.3993192    -0.3399448    -0.2827059    -0.2269241
    -0.1720158     -0.117173 -6.031432E-02 -2.341854E-03  5.716548E-02     0.1185141     0.1824354     0.2504218     0.3240226     0.4051365     0.4848731      0.560546     0.6452769     0.7248627     0.7935067     0.8663715     0.9405459      1.008733      1.052424      1.027219
     0.9641458     0.8705413     0.7806183     0.7096522     0.6540068     0.6092628     0.5730243     0.5138259     0.4348555     0.3730233             0
             0    -0.5954152    -0.6375938    -0.6727442    -0.7016883    -0.7392099     -0.789955    -0.8551471    -0.9259623     -1.011291    -0.9065859    -0.8114325    -0.7116274    -0.6201867     -0.541317    -0.4698844    -0.4050614    -0.3440805    -0.2856666    -0.2289655
    -0.1732912    -0.1177642 -6.023468E-02 -1.563335E-03  5.872139E-02     0.1209901     0.1860727     0.2556301     0.3314949     0.4160946     0.5008953     0.5834019     0.6795561     0.7762613     0.8665395     0.9748428      1.109587      1.286113      1.532137      1.306754
      1.112244     0.9414915     0.8177963     0.7316414      0.668363     0.6193011      0.580466      0.518064     0.4365939     0.3736916             0
