 51            10 
             0     -0.271499    -0.2625085    -0.2553701    -0.2497425    -0.2432544    -0.2359128    -0.2287511    -0.2232468    -0.2186392    -0.2138306    -0.2075731    -0.1983082    -0.1869875    -0.1749856    -0.1623613    -0.1491763    -0.1354918    -0.1213777    -0.1069239
 -9.226686E-02 -7.760812E-02 -6.075301E-02 -4.381373E-02 -2.688265E-02 -1.004305E-02  6.633594E-03  2.308376E-02  3.924781E-02  5.506768E-02  6.855923E-02  7.987096E-02  9.090831E-02  9.986053E-02     0.1068846     0.1137662     0.1205012     0.1270863     0.1335189     0.1397976
     0.1474528     0.1577649     0.1689263      0.179455     0.1893381     0.1985575     0.2071112     0.2229034      0.249933     0.2728663             0
             0    -0.2766325    -0.2675904    -0.2603768    -0.2546955     -0.248152    -0.2407357    -0.2334828    -0.2278966    -0.2232133    -0.2183178    -0.2119366    -0.2024652    -0.1908607    -0.1785355    -0.1655696    -0.1520384     -0.137978    -0.1234468    -0.1085358
 -9.339315E-02 -7.825658E-02    -0.0611729 -4.374631E-02 -2.636714E-02 -9.139184E-03  7.884551E-03  2.466175E-02  4.114461E-02  5.727699E-02  7.103194E-02  8.255865E-02  9.379548E-02      0.102896     0.1100265         0.117       0.12381      0.130451     0.1369189     0.1432123
     0.1508684     0.1612237     0.1724358     0.1830449     0.1930164     0.2022402     0.2107465     0.2263816     0.2528255     0.2747763             0
             0    -0.3545329    -0.3450313    -0.3369188    -0.3303299    -0.3225138    -0.3134018    -0.3042514    -0.2970724     -0.290984    -0.2845499    -0.2760768    -0.2633218    -0.2474372    -0.2303383    -0.2121582    -0.1930304     -0.173035    -0.1522833    -0.1309322
    -0.1092183 -8.750629E-02 -6.302552E-02 -3.809996E-02 -1.331461E-02  1.115376E-02  3.519715E-02     0.0587177  8.160441E-02     0.1037298     0.1223025     0.1376471     0.1523596      0.164048     0.1730755     0.1817664     0.1901097     0.1980965     0.2057207     0.2129806
     0.2216098     0.2328489     0.2443842     0.2546621      0.263736     0.2715717     0.2782783     0.2896518     0.3041609     0.3085916             0
             0    -0.4315052    -0.4255738    -0.4190071    -0.4131261    -0.4055345    -0.3960013    -0.3857888    -0.3774336    -0.3701696    -0.3623194     -0.351773     -0.335484    -0.3146499    -0.2918002    -0.2672068    -0.2411499    -0.2138158    -0.1854118    -0.1561842
    -0.1264685 -9.676215E-02 -6.328575E-02    -0.0291847  4.766228E-03      0.038339  7.138244E-02     0.1037363     0.1351932     0.1654901     0.1907116     0.2113328      0.230808     0.2459611     0.2574599     0.2682995       0.27845     0.2878888     0.2966011     0.3045825
      0.313659     0.3245961     0.3345578     0.3421743     0.3477951     0.3516155     0.3539328     0.3561137     0.3509595     0.3348738             0
             0    -0.4939516    -0.4963003    -0.4946209    -0.4918202    -0.4868131     -0.479002    -0.4692146    -0.4604607    -0.4524741    -0.4434864    -0.4310008    -0.4109556    -0.3844482    -0.3548824    -0.3228773    -0.2890304    -0.2537238    -0.2172902    -0.1800498
    -0.1423871    -0.1048582 -6.262119E-02 -1.952119E-02  2.360091E-02  6.658242E-02     0.1093361     0.1517269      0.193502     0.2342505      0.268489     0.2965422     0.3229196     0.3431545     0.3582524     0.3721394     0.3847086     0.3958754     0.4055846     0.4138168
     0.4222887     0.4305594     0.4353936     0.4363773     0.4346864     0.4310373     0.4260469     0.4143507     0.3861461     0.3521273             0
             0    -0.5414795    -0.5558531    -0.5626616    -0.5658571    -0.5667011     -0.563853    -0.5567796    -0.5486971    -0.5404723    -0.5304378    -0.5156607    -0.4905708    -0.4562865    -0.4178888    -0.3767394    -0.3339551    -0.2901349    -0.2456691    -0.2008442
    -0.1559715    -0.1115356 -6.163833E-02 -1.060794E-02  4.082152E-02  9.272873E-02     0.1452965     0.1986591     0.2527907     0.3073951     0.3549664     0.3949597     0.4333605     0.4631139     0.4852051     0.5051394     0.5224695     0.5367957     0.5478307     0.5554644
     0.5608828     0.5607278     0.5524895     0.5390992     0.5236823     0.5077595     0.4921499     0.4624441     0.4112021     0.3631728             0
             0    -0.5692751     -0.594979    -0.6116136    -0.6227562    -0.6327081    -0.6392441    -0.6388901    -0.6334974    -0.6258168    -0.6145257    -0.5961568     -0.563032     -0.517741    -0.4685013    -0.4175635    -0.3663389     -0.315315    -0.2646545    -0.2144012
     -0.164648     -0.115701 -6.086966E-02 -4.690686E-03     0.0523048     0.1105264     0.1705855     0.2331732     0.2989824     0.3686082     0.4331095     0.4904152     0.5489219     0.5971668       0.63424     0.6684007     0.6978669     0.7206094     0.7347639     0.7394039
     0.7343981     0.7106207     0.6732381     0.6339135     0.5979679     0.5665566     0.5394552       0.49286     0.4250529     0.3688127             0
             0    -0.5820508    -0.6142303    -0.6374049     -0.654576     -0.672712    -0.6898291    -0.6998921    -0.7003918    -0.6947402    -0.6810945    -0.6564192    -0.6122672    -0.5556339    -0.4973962    -0.4395531    -0.3830549    -0.3279194    -0.2739519    -0.2209381
    -0.1687856    -0.1176672 -6.048042E-02 -1.834116E-03  5.787404E-02     0.1192665     0.1832555     0.2509794      0.323824     0.4034913     0.4809629     0.5534245     0.6325745     0.7037785     0.7623719     0.8205232     0.8743452     0.9174047     0.9407114     0.9361268
     0.9052733     0.8378842     0.7612531     0.6948135     0.6412234     0.5984147     0.5638434     0.5073986     0.4312501     0.3712486             0
             0     -0.589195    -0.6254101    -0.6530578    -0.6747724     -0.700008    -0.7285924    -0.7550651    -0.7711607    -0.7759931    -0.7516803    -0.7111756    -0.6502675    -0.5817328    -0.5159327    -0.4530395    -0.3930142    -0.3352873    -0.2793177    -0.2246785
    -0.1711395    -0.1187802 -6.025358E-02  -2.01047E-04  6.106671E-02      0.124311     0.1906493     0.2615447     0.3389328     0.4255027     0.5127139     0.5977178     0.6962603     0.7930152     0.8795372     0.9752238      1.077209      1.175028        1.2393      1.194482
      1.094979     0.9533253     0.8294082     0.7370896     0.6691076     0.6179719       0.57836     0.5156929      0.434669     0.3725696             0
             0    -0.5928743    -0.6313241    -0.6616446    -0.6863465    -0.7170331    -0.7572303    -0.8111296    -0.8835278     -1.007034    -0.8639521    -0.7670232    -0.6785072    -0.5981318    -0.5266393    -0.4604895    -0.3983792    -0.3391971    -0.2821385     -0.226633
    -0.1723646    -0.1193576 -6.013389E-02  6.512267E-04  6.273623E-02     0.1269612     0.1945637      0.267206     0.3471822      0.437886     0.5313938     0.6252915     0.7394704     0.8609716     0.9800702      1.131259       1.33171      1.611636      2.026639      1.635927
      1.317758      1.052229     0.8770452     0.7632549     0.6851587     0.6287573     0.5861703     0.5200214     0.4364144     0.3732369             0
