 51            10 
             0    -0.2423999    -0.2358069    -0.2301883    -0.2256804    -0.2204211    -0.2144241    -0.2085455    -0.2040159    -0.2002193    -0.1962525    -0.1910852    -0.1834234     -0.174042    -0.1653195    -0.1573592    -0.1489776     -0.136539    -0.1227961    -0.1089351
 -9.422784E-02 -7.901452E-02 -6.333686E-02 -4.729243E-02 -3.107672E-02 -1.460535E-02  2.140186E-03  1.913199E-02  3.538306E-02  5.057174E-02  6.372407E-02     0.0747757  8.555423E-02  9.431275E-02     0.1012273     0.1080904     0.1149256     0.1217287     0.1285288     0.1349031
     0.1422633     0.1526479      0.163892     0.1742962     0.1844154     0.1941462     0.2033115     0.2205363     0.2486124     0.2724496             0
             0    -0.2455305    -0.2389348    -0.2332965    -0.2287672    -0.2234766    -0.2174363    -0.2115068    -0.2069327    -0.2030953    -0.1990822     -0.193849    -0.1860754     -0.176529    -0.1676176    -0.1594267    -0.1507194    -0.1379471    -0.1238631    -0.1096344
 -9.450961E-02 -7.884329E-02 -6.269568E-02 -4.618431E-02 -2.951013E-02 -1.259865E-02  4.558891E-03  2.194741E-02  3.855696E-02  5.408682E-02  6.754331E-02  7.885604E-02  8.989158E-02  9.885512E-02     0.1059257      0.112935     0.1199034     0.1268272     0.1337369     0.1402048
     0.1476774     0.1581735     0.1694824     0.1799073     0.1899879     0.1995795     0.2085004     0.2251414      0.252273     0.2747579             0
             0     -0.295059    -0.2887094    -0.2829805     -0.278291    -0.2727196    -0.2662566    -0.2598141    -0.2547879    -0.2505397    -0.2460641    -0.2401847    -0.2313547     -0.220351    -0.2099271    -0.2001917    -0.1896752     -0.172287    -0.1524975    -0.1322698
     -0.110662 -8.823968E-02 -6.513015E-02    -0.0415344 -1.777169E-02   6.23068E-03  3.044919E-02  5.481844E-02  7.789157E-02  9.920569E-02      0.117406     0.1325042      0.147002     0.1585613     0.1675531     0.1763326     0.1849203     0.1933063     0.2015228     0.2090693
     0.2175954     0.2291582     0.2410119     0.2513207     0.2606727     0.2689906      0.276195     0.2886784     0.3042884     0.3087868             0
             0    -0.3376094    -0.3328992    -0.3280897     -0.324005     -0.319001    -0.3130386    -0.3069518    -0.3021257    -0.2980057    -0.2936236    -0.2878149    -0.2789795    -0.2677923    -0.2570295    -0.2468335    -0.2356328    -0.2130941    -0.1864098    -0.1588337
    -0.1292881 -9.861949E-02    -0.0670243    -0.0347749 -2.295817E-03  3.052227E-02  6.364416E-02  9.695864E-02     0.1284429      0.157399     0.1819215     0.2020646     0.2211376     0.2360569     0.2474779     0.2584219      0.268897     0.2788758     0.2883847     0.2968571
     0.3060822     0.3178124        0.3287     0.3370291     0.3434642       0.34814     0.3512346     0.3548743     0.3515747     0.3352025             0
             0     -0.367934    -0.3656503    -0.3623983    -0.3594192     -0.355552    -0.3507219     -0.345597    -0.3414372    -0.3378394    -0.3339705    -0.3287959     -0.320846    -0.3107045    -0.3009226    -0.2917638    -0.2817568    -0.2542108    -0.2202756    -0.1850654
    -0.1474588    -0.1085866 -6.865525E-02 -2.791849E-02  1.319829E-02  5.494675E-02  9.737911E-02      0.140428     0.1814697     0.2195538     0.2519783     0.2786071     0.3036791     0.3230273     0.3376209     0.3513229     0.3640881     0.3758363      0.386563     0.3956465
     0.4049067     0.4151924     0.4225883      0.426125     0.4267127     0.4249615     0.4215074     0.4122148      0.386999     0.3525335             0
             0    -0.3886425    -0.3890161    -0.3876149    -0.3859964    -0.3835685    -0.3801953    -0.3763089    -0.3730009    -0.3700687    -0.3668555    -0.3625021    -0.3557565    -0.3472238    -0.3392269     -0.332356    -0.3254885    -0.2930274    -0.2516549    -0.2089448
    -0.1637662    -0.1174651 -7.015369E-02 -2.194069E-02  2.688923E-02  7.686973E-02     0.1283027     0.1813576     0.2329315     0.2819686     0.3247265     0.3603893     0.3943269      0.420547     0.4401644     0.4582545     0.4745739      0.488857      0.500973     0.5102388
     0.5183684     0.5240638     0.5232615     0.5173695     0.5079687     0.4964871     0.4841266     0.4588262     0.4121042     0.3636217             0
             0    -0.3997496    -0.4021502    -0.4023177    -0.4019167    -0.4008395    -0.3988681    -0.3961416    -0.3935696    -0.3911656     -0.388423    -0.3846071    -0.3786055    -0.3711884    -0.3647027    -0.3602442     -0.357207    -0.3207655     -0.273439    -0.2251237
    -0.1746159    -0.1233248 -7.119631E-02 -1.813748E-02  3.577112E-02  9.138189E-02     0.1493385     0.2102241      0.270821     0.3303995     0.3844414     0.4310406     0.4769361     0.5134833     0.5411561      0.566676     0.5891822     0.6077573     0.6217516     0.6303216
      0.635051     0.6302374     0.6140464     0.5934834     0.5709501     0.5484375     0.5272249     0.4877561      0.425912     0.3692799             0
             0    -0.4046555    -0.4081069    -0.4091565    -0.4094829    -0.4092712    -0.4082656    -0.4063722    -0.4042941    -0.4021931    -0.3996483     -0.395979    -0.3901115    -0.3830357    -0.3772359    -0.3741581    -0.3735511    -0.3348606    -0.2842907    -0.2330616
     -0.179882    -0.1261547 -7.171148E-02 -1.633332E-02  4.002682E-02  9.841306E-02      0.159694     0.2247584     0.2904641     0.3565339      0.418283     0.4731269     0.5291525     0.5757135     0.6119953     0.6462958     0.6768042     0.7012803     0.7176573     0.7244133
     0.7236927      0.704635     0.6716925     0.6379958     0.6054263     0.5754752      0.548861     0.5014346     0.4320735     0.3717229             0
             0    -0.4073454    -0.4114206    -0.4130208    -0.4138226    -0.4142135    -0.4139428    -0.4127591    -0.4111209    -0.4092546    -0.4067658    -0.4030289    -0.3970163    -0.3899753    -0.3845084    -0.3822772    -0.3832602    -0.3431577    -0.2906053    -0.2376419
    -0.1829028    -0.1277735 -7.200934E-02 -1.531029E-02  4.245227E-02     0.1024438     0.1656817     0.2332685     0.3021617     0.3724856     0.4396249     0.5006454     0.5649643     0.6207308     0.6657434     0.7100384     0.7509069      0.784184     0.8045697     0.8073238
     0.7979763     0.7611889     0.7116109      0.666846     0.6267477     0.5916611     0.5615394     0.5091919      0.435468     0.3730476             0
             0    -0.4087135    -0.4131228    -0.4150297    -0.4161083     -0.416875    -0.4171196    -0.4165452    -0.4153876    -0.4138044    -0.4111854    -0.4071642    -0.4008403    -0.3936922     -0.388354    -0.3865806    -0.3884725    -0.3475794    -0.2939422     -0.240048
    -0.1844833    -0.1286189 -7.216591E-02 -1.477908E-02  4.371588E-02     0.1045521      0.168832     0.2377859      0.308449     0.3812262     0.4516463     0.5166697     0.5868518     0.6499822     0.7028574     0.7576115       0.81161     0.8594084     0.8901285     0.8816912
     0.8576065     0.8004103     0.7363713      0.683562     0.6385845     0.6004089     0.5682809     0.5132234     0.4371994     0.3737166             0
