 51            10 
             0     -0.271567    -0.2625721    -0.2554307    -0.2498024    -0.2433153    -0.2359749     -0.228814    -0.2233101    -0.2187026    -0.2138938    -0.2076356    -0.1983687    -0.1870443    -0.1750375    -0.1624088    -0.1492201    -0.1355284    -0.1213986    -0.1069122
 -9.220172E-02 -7.770335E-02 -6.314529E-02 -4.546485E-02 -2.807073E-02 -1.096257E-02  5.853476E-03  2.235788E-02  3.851512E-02  5.427425E-02  6.765832E-02  7.883149E-02  8.966809E-02  9.838192E-02     0.1051653     0.1117441     0.1180994     0.1242096     0.1300499      0.135592
     0.1421075     0.1518098      0.162567      0.173834     0.1856637     0.1961333     0.2054821     0.2222586     0.2498782     0.2728481             0
             0    -0.2767368    -0.2676939    -0.2604683    -0.2547868    -0.2482578    -0.2408544    -0.2336113    -0.2280313    -0.2233524    -0.2184603     -0.212081    -0.2026057    -0.1909896    -0.1786443    -0.1656649    -0.1521433    -0.1380824    -0.1235317    -0.1085752
    -0.0933506 -7.822887E-02     -0.061871 -4.390737E-02 -2.650662E-02 -9.358857E-03  7.568045E-03  2.426966E-02  4.070785E-02  5.682347E-02  7.058173E-02  8.212085E-02  9.337871E-02     0.1025024     0.1096522     0.1166431     0.1234665     0.1301139      0.136568      0.142791
      0.150177     0.1607951      0.171991     0.1827957     0.1929291     0.2021587     0.2106752     0.2263545     0.2528746     0.2748991             0
             0    -0.3546784    -0.3451849    -0.3370648    -0.3304794    -0.3226843    -0.3135918    -0.3044566    -0.2972874    -0.2912058    -0.2847768    -0.2763066    -0.2635458    -0.2476428    -0.2305121    -0.2123086    -0.1931905    -0.1731915    -0.1524106     -0.130995
     -0.109167 -8.748313E-02    -0.0640472 -3.836349E-02 -1.355913E-02  1.078463E-02  3.468185E-02  5.808845E-02  8.090676E-02     0.1030047     0.1215798     0.1369406      0.151682     0.1634031     0.1724586     0.1811763     0.1895427      0.197546     0.2051665      0.212363
     0.2207164     0.2322668     0.2438439     0.2543403     0.2635928     0.2714529     0.2781859     0.2896309     0.3042622     0.3087422             0
             0    -0.4317417     -0.425866    -0.4193264    -0.4134673    -0.4059171    -0.3964239    -0.3862417    -0.3779044    -0.3706517    -0.3628088    -0.3522645    -0.3359598    -0.3150831    -0.2921688    -0.2675175     -0.241453    -0.2140982    -0.1856435    -0.1563228
    -0.1264549 -9.680444E-02 -6.479169E-02 -2.968482E-02  4.263516E-03  3.763536E-02  7.044353E-02     0.1026011     0.1339201     0.1641329     0.1893174     0.2099278     0.2294133     0.2445913     0.2561161     0.2669844      0.277164     0.2866307      0.295358      0.303304
     0.3121554     0.3234906     0.3336524     0.3415658     0.3474078     0.3513152     0.3537076      0.356031     0.3510892     0.3350479             0
             0    -0.4943333    -0.4968748    -0.4953362    -0.4926246    -0.4877292    -0.4800279    -0.4703192    -0.4616054    -0.4536397    -0.4446597    -0.4321651    -0.4120631    -0.3854326    -0.3557075    -0.3235443    -0.2896238     -0.254242    -0.2177085    -0.1803273
     -0.142465    -0.1050206 -6.467439E-02 -2.034714E-02  2.272696E-02  6.539748E-02     0.1077767     0.1498194     0.1912956     0.2317899     0.2658354     0.2937441     0.3200048     0.3401727     0.3552343      0.369102     0.3816701     0.3928587     0.4026091     0.4108772
     0.4192978     0.4281456     0.4335658     0.4350626     0.4337193     0.4303216     0.4255244     0.4141282     0.3862768     0.3523161             0
             0    -0.5420454    -0.5568833    -0.5641029    -0.5675731    -0.5687436    -0.5662321    -0.5593993    -0.5514266    -0.5432466    -0.5332089    -0.5183665    -0.4930639    -0.4584052    -0.4195928    -0.3780422    -0.3350227    -0.2910074    -0.2463486    -0.2013082
    -0.1561749    -0.1118414 -6.421854E-02 -1.178195E-02  3.953496E-02  9.099069E-02     0.1429879     0.1957529     0.2492698     0.3032172       0.35015     0.3895569     0.4273508     0.4566141     0.4783431     0.4979666     0.5150649     0.5292799     0.5403618     0.5482203
     0.5541296     0.5551033     0.5484954     0.5362627     0.5215683     0.5062882     0.4911257     0.4620192      0.411318     0.3633704             0
             0    -0.5699986    -0.5965059    -0.6139807    -0.6257564    -0.6365222    -0.6439967    -0.6443871     -0.639333    -0.6317654    -0.6204131     -0.601759    -0.5679143    -0.5216073    -0.4714183    -0.4196542    -0.3679354    -0.3165474    -0.2655793    -0.2150299
    -0.1649588    -0.1161176 -6.381055E-02 -6.118309E-03      0.050705     0.1083474     0.1676385     0.2293382      0.294098     0.3624021     0.4253708     0.4810455     0.5375637     0.5838736     0.6193125      0.651852     0.6798826     0.7016494     0.7156152     0.7211196
     0.7185484     0.6980472     0.6650467      0.628537     0.5941606     0.5640973     0.5378407     0.4922423     0.4251523     0.3690144             0
             0    -0.5828596    -0.6160668    -0.6404245    -0.6585717    -0.6780832     -0.696999    -0.7087361     -0.710025    -0.7045392    -0.6907831    -0.6653741    -0.6195632    -0.5610202    -0.5012437    -0.4421892     -0.384988    -0.3293664    -0.2750157    -0.2216568
    -0.1691538    -0.1181404 -6.359746E-02 -3.388643E-03  5.611408E-02     0.1168553     0.1799584     0.2466054     0.3180852     0.3958786      0.470941     0.5405704     0.6158191     0.6825994     0.7369537     0.7902329     0.8389132     0.8775335     0.8989789     0.8975286
     0.8748681     0.8164652     0.7485399     0.6871449     0.6360539     0.5952408      0.561837     0.5066699     0.4313403      0.371452             0
             0    -0.5900555    -0.6274487    -0.6565372    -0.6795197    -0.7066835    -0.7380863    -0.7675108    -0.7842073     -0.786669    -0.7647835    -0.7237327    -0.6598777    -0.5883877    -0.5204802    -0.4560565      -0.39517    -0.3368708    -0.2804676    -0.2254519
     -0.171542    -0.1192865 -6.347184E-02 -1.829322E-03  5.921264E-02     0.1217614     0.1871386     0.2568313     0.3326314     0.4169049     0.5009612     0.5819842     0.6745058     0.7634852     0.8415621     0.9258558      1.012953      1.093246      1.143753       1.11454
      1.041486      0.921691     0.8123294     0.7275254     0.6628981      0.614289     0.5760885     0.5148948     0.4347535      0.372774             0
             0    -0.5937628    -0.6334783    -0.6654046    -0.6915843    -0.7246574    -0.7686418    -0.8258449     -0.885951    -0.9323711     -0.866432    -0.7818484     -0.690025    -0.6057083    -0.5316432    -0.4637377    -0.4006639    -0.3408573    -0.2833358     -0.227436
    -0.1727856    -0.1198815 -6.340515E-02 -1.015926E-03  6.083217E-02     0.1243372     0.1909367     0.2623032     0.3405561       0.42869     0.5185128     0.6075166     0.7137177     0.8236338      0.928375      1.056271       1.21667      1.423088      1.693642      1.448597
      1.225845      1.009731     0.8562966     0.7523561     0.6782711     0.6247619      0.583743     0.5191848     0.4364958     0.3734417             0
