 51            10 
             0    -0.2714413    -0.2624551    -0.2553189    -0.2496923    -0.2432044    -0.2358628    -0.2287012    -0.2231971    -0.2185898    -0.2137817     -0.207525    -0.1982618    -0.1869437     -0.174945    -0.1623237    -0.1491417    -0.1354615    -0.1213545    -0.1069089
 -9.225929E-02 -7.806399E-02 -6.600238E-02 -4.588442E-02 -2.749944E-02 -9.982628E-03  7.016187E-03  2.361997E-02  3.985159E-02  5.569027E-02  6.917134E-02  8.046168E-02  9.146822E-02     0.1003888     0.1073849     0.1142364     0.1209393     0.1274901     0.1338862     0.1401256
      0.147727     0.1579508     0.1689899     0.1793765     0.1891033      0.198164     0.2065617     0.2220506     0.2484446      0.267616             0
             0    -0.2765515    -0.2675129    -0.2603049    -0.2546239    -0.2480753    -0.2406535    -0.2333965    -0.2278077    -0.2231229    -0.2182264    -0.2118451    -0.2023763    -0.1907784    -0.1784627    -0.1655034    -0.1519715    -0.1379137    -0.1233928    -0.1084993
 -9.338111E-02 -7.873933E-02    -0.0610576 -4.320028E-02 -2.573571E-02 -8.427187E-03     0.0086715  2.550697E-02  4.202399E-02  5.816428E-02  7.190507E-02  8.340845E-02  9.461346E-02     0.1036833     0.1107886     0.1177374     0.1245244     0.1311451     0.1375961     0.1438757
     0.1515138     0.1617971     0.1728907     0.1833323     0.1931044      0.202156     0.2105065     0.2258504     0.2517765      0.273175             0
             0    -0.3544226    -0.3449205    -0.3368114    -0.3302209    -0.3223966     -0.313276     -0.304119    -0.2969361    -0.2908451    -0.2844094    -0.2759359    -0.2631849    -0.2473106    -0.2302269    -0.2120584    -0.1929315    -0.1729413    -0.1522051    -0.1308786
    -0.1091973 -8.818781E-02 -6.281882E-02 -3.724514E-02 -1.230363E-02  1.231576E-02  3.650216E-02  6.014029E-02  8.310713E-02     0.1052708     0.1238419     0.1391653     0.1538402     0.1654871     0.1744778       0.18313     0.1914341     0.1993825     0.2069699     0.2141947
     0.2227773     0.2338981     0.2452485     0.2552938     0.2640969     0.2716863     0.2781641     0.2891075      0.302875     0.3067934             0
             0    -0.4313402    -0.4253837    -0.4188031    -0.4129102    -0.4052999    -0.3957479    -0.3855214    -0.3771583    -0.3698898    -0.3620374    -0.3514915    -0.3352119    -0.3144007    -0.2915828    -0.2670179    -0.2409729    -0.2136542    -0.1852768    -0.1560845
    -0.1264082 -9.764171E-02    -0.0628461 -2.775902E-02  6.502351E-03  4.037905E-02  7.371663E-02     0.1063301     0.1379932     0.1684331     0.1937227     0.2143669     0.2338322     0.2489532     0.2604157     0.2712101     0.2813085     0.2906896     0.2993402     0.3072565
     0.3162439     0.3269974     0.3366632     0.3439382     0.3491535     0.3525734     0.3545041     0.3559522      0.349587     0.3328958             0
             0     -0.493705    -0.4959575    -0.4942071    -0.4913583    -0.4862953    -0.4784296    -0.4686038    -0.4598311    -0.4518356    -0.4428458    -0.4303673    -0.4103535      -0.38391    -0.3544245    -0.3224973     -0.288699    -0.2534375    -0.2170561    -0.1798712
    -0.1422585    -0.1058956 -6.187853E-02 -1.742448E-02  2.619923E-02  6.968006E-02     0.1129282     0.1557753     0.1979391     0.2389873     0.2733984     0.3015389     0.3279434      0.348155     0.3632134     0.3770438     0.3895435     0.4006316     0.4102565     0.4184014
     0.4267597     0.4348368     0.4392974     0.4398653     0.4376188     0.4333599     0.4277548     0.4148809     0.3848349     0.3500418             0
             0    -0.5411329    -0.5552694     -0.561871    -0.5649191    -0.5655946    -0.5625744    -0.5553784    -0.5472408    -0.5389949    -0.5289653    -0.5142265    -0.4892507    -0.4551592    -0.4169737    -0.3760231    -0.3333743    -0.2896631    -0.2452976    -0.2005631
    -0.1557594    -0.1126906 -6.060465E-02 -7.891085E-03  4.421768E-02  9.680894E-02     0.1500608     0.2040593     0.2587256     0.3137106     0.3614347     0.4014231     0.4396775      0.469204     0.4910752      0.510772     0.5278727     0.5420057     0.5529077     0.5604826
     0.5659193     0.5659521     0.5576672     0.5441417     0.5282128     0.5115423     0.4951002     0.4637406     0.4100067     0.3610259             0
             0    -0.5688444    -0.5941356    -0.6103472    -0.6211526    -0.6306772    -0.6367149    -0.6359425    -0.6303422    -0.6225906    -0.6113511    -0.5931701    -0.5604581    -0.5157037    -0.4669572    -0.4164324    -0.3654812    -0.3146558    -0.2641551    -0.2140311
    -0.1643688    -0.1169236    -0.0596468 -1.577756E-03  5.620663E-02     0.1152232     0.1760689     0.2393594     0.3056833     0.3754954     0.4397072     0.4963629      0.553737     0.6006227     0.6364395     0.6692678     0.6974823     0.7192687     0.7329929     0.7378662
     0.7338627     0.7124287     0.6769761     0.6389403     0.6031643      0.571196     0.5432193     0.4946919      0.423949     0.3666373             0
             0    -0.5815747    -0.6132256    -0.6358035    -0.6524529    -0.6698462    -0.6859232    -0.6947908    -0.6944231    -0.6883662    -0.6751055     -0.651278    -0.6083205    -0.5527797    -0.4953641     -0.438134    -0.3820209    -0.3271485    -0.2733801    -0.2205197
    -0.1684715    -0.1189205 -5.916801E-02  1.465119E-03  6.201193E-02     0.1242473       0.18906     0.2574878     0.3307608     0.4103345     0.4869179     0.5577939     0.6342033      0.701882     0.7569513     0.8109819     0.8604633     0.8997788     0.9212916     0.9182567
     0.8919262     0.8323867     0.7616633     0.6987543     0.6463399     0.6033276     0.5679525     0.5094872     0.4301921     0.3690615             0
             0    -0.5886914    -0.6243004    -0.6512198    -0.6722496    -0.6963978    -0.7231109     -0.746386    -0.7583677    -0.7591506    -0.7388669    -0.7024574    -0.6447508      -0.57815    -0.5135251    -0.4514179    -0.3918633    -0.3344453    -0.2787012     -0.224231
    -0.1708045    -0.1200505 -5.889054E-02   3.20318E-03  6.533701E-02     0.1294496     0.1966279     0.2682154     0.3459488     0.4321733     0.5179339     0.6003963     0.6943539      0.784667     0.8641104     0.9504243      1.040739      1.125843      1.181314      1.144822
      1.060993     0.9381635     0.8259369      0.739733     0.6739573     0.6229703     0.5826426     0.5179265     0.4336376     0.3703763             0
             0     -0.592356    -0.6301543    -0.6596611    -0.6835533    -0.7128122    -0.7499099    -0.7952939    -0.8440933    -0.8911106    -0.8244976    -0.7511498    -0.6711562    -0.5939494    -0.5239768    -0.4587433    -0.3971604    -0.3383153    -0.2814974    -0.2261696
    -0.1720185    -0.1206367 -5.874465E-02  4.109711E-03     0.0670747     0.1321805     0.2006295     0.2739523     0.3542147      0.444395     0.5360304     0.6266048     0.7344934     0.8463389      0.953657      1.086728      1.258841      1.494237      1.852738      1.517057
      1.252711      1.026329     0.8699995     0.7647851     0.6897449      0.633764     0.5905321     0.5223297     0.4353969     0.3710404             0
