 51            10 
             0 -1.665705E-02 -1.520074E-02 -1.405803E-02    -0.0131588 -1.212381E-02 -1.095564E-02    -0.0098199  -8.94947E-03 -8.222265E-03 -7.464805E-03 -6.480958E-03 -5.028041E-03 -3.257539E-03  -1.38331E-03  5.878824E-04  2.648848E-03  4.792006E-03  7.009425E-03  9.292856E-03
  1.163376E-02  1.402334E-02  1.645249E-02  1.891181E-02  2.139174E-02  2.388273E-02  2.637533E-02  2.886027E-02  3.132855E-02     0.0337715  3.587968E-02  3.766393E-02  3.942228E-02  4.086348E-02  4.200255E-02  4.312693E-02  4.423585E-02  4.532859E-02  4.640444E-02  4.746277E-02
  4.876297E-02  5.053368E-02     0.0524781  5.433962E-02  5.611516E-02  5.780215E-02  5.939855E-02  6.240701E-02  6.790109E-02  7.313044E-02             0
             0 -1.692495E-02 -1.546066E-02 -1.431051E-02 -1.340506E-02 -1.236253E-02 -1.118545E-02    -0.0100407 -9.163174E-03 -8.429943E-03 -7.666105E-03 -6.673853E-03 -5.208269E-03 -3.421959E-03 -1.530656E-03  4.587927E-04  2.539095E-03  4.702552E-03  6.941101E-03  9.246346E-03
  1.160959E-02  1.402185E-02  1.647386E-02  1.895601E-02  2.145857E-02  2.397178E-02  2.648597E-02     0.0289917  3.147976E-02  3.394132E-02     0.0360646  3.786096E-02  3.963053E-02  4.108031E-02  4.222582E-02     0.0433562  4.447068E-02  4.556853E-02  4.664904E-02  4.771156E-02
  4.901645E-02  5.079254E-02  5.274136E-02  5.460561E-02  5.638231E-02      0.058069  5.966379E-02  6.266674E-02  6.813713E-02  7.331792E-02             0
             0 -2.109793E-02 -1.951654E-02 -1.825448E-02 -1.725467E-02 -1.609692E-02 -1.478297E-02 -1.349901E-02 -1.251152E-02 -1.168468E-02 -1.082163E-02 -9.698393E-03 -8.034969E-03 -6.001134E-03 -3.841903E-03  -1.56545E-03  8.193183E-04  3.302841E-03  5.874962E-03  8.524993E-03
  1.124176E-02  1.401362E-02  1.682845E-02     0.0196736  2.253613E-02  2.540301E-02  2.826129E-02  3.109823E-02  3.390146E-02     0.0366591     0.0390223  4.101075E-02  4.295792E-02  4.454295E-02  4.578961E-02  4.701395E-02  4.821507E-02  4.939213E-02  5.054439E-02  5.167118E-02
  5.304708E-02  5.490319E-02  5.691467E-02     0.0588142  6.060063E-02  6.227377E-02  6.383415E-02     0.0667319  7.179388E-02  7.618549E-02             0
             0 -2.443629E-02 -2.281132E-02 -2.148848E-02 -2.043192E-02 -1.919926E-02 -1.779053E-02 -1.640508E-02 -1.533477E-02 -1.443609E-02 -1.349557E-02 -1.226844E-02 -1.044485E-02 -8.206023E-03  -5.82089E-03 -3.299021E-03 -6.510019E-04  2.111716E-03  4.976956E-03  7.931912E-03
  1.096321E-02  1.405691E-02  1.719842E-02  2.037241E-02  2.356303E-02  2.675415E-02  2.992954E-02  3.307297E-02  3.616843E-02  3.920028E-02  4.178438E-02  4.394818E-02  4.605531E-02  4.775976E-02  4.909419E-02  5.039824E-02  5.167083E-02  5.291098E-02  5.411786E-02  5.529078E-02
     0.0567138  5.861412E-02  6.064443E-02  6.253362E-02  6.428369E-02  6.589796E-02  6.738075E-02  7.009318E-02  7.463078E-02  7.824805E-02             0
             0 -2.668491E-02    -0.0250726 -2.373376E-02    -0.0226554 -2.138742E-02 -1.992764E-02 -1.848213E-02 -1.736013E-02 -1.641529E-02 -1.542372E-02 -1.412666E-02 -1.219243E-02 -9.808367E-03 -7.260479E-03 -4.559949E-03 -1.719145E-03  1.248698E-03  4.329705E-03   7.50951E-03
  1.077331E-02  1.410581E-02  1.749105E-02  2.091217E-02  2.435162E-02  2.779133E-02  3.121278E-02  3.459705E-02  3.792493E-02  4.117709E-02  4.393974E-02  4.624525E-02  4.848088E-02  5.027993E-02  5.168278E-02  5.304759E-02  5.437295E-02  5.565763E-02  5.690066E-02  5.810132E-02
     0.0595486  6.146161E-02  6.347637E-02  6.532377E-02  6.701034E-02  6.854407E-02  6.993372E-02  7.244268E-02     0.0764991  7.952956E-02             0
             0 -2.815396E-02 -2.657928E-02 -2.524877E-02 -2.416892E-02 -2.288993E-02 -2.140707E-02 -1.992881E-02 -1.877599E-02 -1.780237E-02 -1.677783E-02 -1.543433E-02 -1.342428E-02 -1.093812E-02 -8.274429E-03 -5.446344E-03  -2.46813E-03  6.453251E-04  3.878811E-03  7.216952E-03
  1.064421E-02  1.414476E-02  1.770221E-02  2.129918E-02  2.491757E-02  2.853852E-02  3.214243E-02  3.570881E-02  3.921624E-02  4.264237E-02  4.554886E-02  4.796986E-02  5.031084E-02  5.218721E-02  5.364544E-02  5.505854E-02  5.642449E-02  5.774167E-02  5.900886E-02  6.022524E-02
     0.0616818  6.358701E-02  6.556493E-02  6.735335E-02     0.0689648  7.041278E-02  7.171061E-02  7.403097E-02  7.769987E-02  8.031955E-02             0
             0 -2.891537E-02 -2.737487E-02 -2.605931E-02 -2.498642E-02 -2.370948E-02    -0.0222216 -2.073079E-02 -1.956388E-02 -1.857608E-02 -1.753438E-02 -1.616574E-02 -1.411306E-02 -1.156821E-02 -8.837734E-03 -5.936605E-03 -2.880562E-03  3.144169E-04  3.632405E-03  7.057615E-03
  1.057434E-02  1.416676E-02  1.781857E-02  2.151251E-02  2.523057E-02  2.895395E-02  3.266294E-02  3.633673E-02  3.995313E-02  4.348836E-02  4.648834E-02  4.898642E-02  5.139939E-02  5.332947E-02  5.482629E-02  5.627273E-02  5.766603E-02  5.900388E-02  6.028463E-02  6.150735E-02
      0.062963  6.484999E-02  6.678666E-02     0.0685203  7.006941E-02  7.145198E-02  7.268438E-02  7.487769E-02      0.078315  8.071295E-02             0
             0 -2.924642E-02 -2.772406E-02    -0.0264177 -2.534996E-02 -2.407626E-02 -2.258853E-02 -2.109389E-02 -1.992155E-02 -1.892781E-02 -1.787855E-02 -1.649844E-02 -1.442581E-02 -1.185332E-02 -9.091644E-03 -6.156774E-03  -3.06518E-03  1.666846E-04  3.522624E-03  6.986738E-03
  1.054331E-02     0.0141766  1.787043E-02  2.160767E-02  2.537046E-02  2.914014E-02  3.289713E-02  3.662064E-02  4.028837E-02  4.387615E-02  4.692245E-02     0.0494597  5.191031E-02     0.0538693  5.538723E-02  5.685213E-02  5.826052E-02  5.960946E-02  6.089679E-02  6.212138E-02
  6.357376E-02  6.544613E-02     0.0673558  6.905704E-02  7.057174E-02  7.192001E-02  7.311943E-02  7.525067E-02  7.858107E-02  8.088106E-02             0
             0 -2.942653E-02 -2.791497E-02 -2.661444E-02 -2.555018E-02 -2.427906E-02 -2.279231E-02 -2.129629E-02 -2.012131E-02 -1.912444E-02 -1.807099E-02 -1.668436E-02 -1.460023E-02 -1.201187E-02 -9.232447E-03 -6.278571E-03  -3.16711E-03  8.524585E-05  3.462176E-03  6.947741E-03
  1.052625E-02  1.418202E-02  1.789897E-02  2.166007E-02  2.544757E-02  2.924293E-02  3.302667E-02     0.0367781  4.047493E-02  4.409289E-02     0.0471663  4.972686E-02     0.0522004     0.0541775  5.570893E-02  5.718588E-02  5.860429E-02  5.996056E-02  6.125194E-02  6.247699E-02
  6.392587E-02  6.578679E-02  6.767779E-02  6.935811E-02  7.085157E-02     0.0721793  7.335941E-02     0.0754549  7.872547E-02  8.097176E-02             0
             0 -2.951768E-02    -0.0280119    -0.0267146 -2.565235E-02 -2.438288E-02 -2.289702E-02 -2.140066E-02 -2.022453E-02 -1.922614E-02 -1.817052E-02 -1.678042E-02 -1.469012E-02 -1.209334E-02 -9.304627E-03 -6.340888E-03 -3.219185E-03  4.368455E-05  3.431351E-03  6.927865E-03
  1.051756E-02  1.418479E-02  1.791351E-02  2.168678E-02  2.548691E-02  2.929542E-02  3.309292E-02  3.685876E-02  4.057072E-02  4.420453E-02  4.729236E-02  4.986554E-02  5.235175E-02  5.433919E-02  5.587855E-02  5.736282E-02  5.878757E-02  6.014864E-02  6.144257E-02  6.266733E-02
  6.411302E-02  6.596589E-02  6.784543E-02  6.951373E-02  7.099545E-02  7.231209E-02  7.348195E-02  7.555868E-02  7.879844E-02  8.101743E-02             0
