 51            10 
             0  2.370646E-02  2.386182E-02  2.396327E-02  2.403861E-02     0.0241215  2.421175E-02  2.429696E-02  2.436107E-02  2.441405E-02  2.446868E-02      0.024539  2.464159E-02  2.476485E-02  2.489381E-02  2.502812E-02     0.0251674  2.531127E-02  2.545932E-02  2.561114E-02
     0.0257663  2.592436E-02  2.608487E-02  2.624737E-02  2.641142E-02  2.657654E-02  2.674226E-02  2.690815E-02  2.707372E-02  2.723853E-02  2.738167E-02  2.750347E-02     0.0276242  2.772374E-02  2.780276E-02     0.0278811  2.795872E-02  2.803555E-02  2.811157E-02  2.818671E-02
  2.827948E-02  2.840681E-02     0.0285481  2.868485E-02  2.881671E-02     0.0289434  2.906461E-02  2.929558E-02  2.973103E-02  3.016307E-02             0
             0  2.370278E-02  2.385832E-02  2.395991E-02  2.403537E-02     0.0241184  2.420879E-02  2.429414E-02  2.435836E-02  2.441143E-02  2.446616E-02  2.453661E-02  2.463938E-02  2.476287E-02  2.489207E-02  2.502663E-02  2.516618E-02  2.531032E-02  2.545865E-02  2.561076E-02
  2.576621E-02  2.592456E-02  2.608536E-02  2.624816E-02  2.641249E-02     0.0265779  2.674391E-02  2.691006E-02  2.707589E-02  2.724095E-02     0.0273843  2.750627E-02  2.762715E-02  2.772683E-02  2.780594E-02  2.788437E-02  2.796207E-02  2.803899E-02  2.811508E-02     0.0281903
  2.828316E-02  2.841059E-02      0.028552  2.868883E-02  2.882077E-02  2.894751E-02  2.906877E-02  2.929979E-02  2.973522E-02  3.016696E-02             0
             0     0.0236463  2.380462E-02     0.0239084  2.398558E-02  2.407059E-02  2.416324E-02  2.425079E-02  2.431671E-02  2.437119E-02     0.0244274  2.449977E-02  2.460539E-02  2.473236E-02  2.486525E-02  2.500369E-02  2.514729E-02  2.529562E-02  2.544828E-02  2.560482E-02
  2.576476E-02  2.592766E-02  2.609302E-02  2.626036E-02     0.0264292  2.659902E-02  2.676935E-02  2.693969E-02  2.710954E-02  2.727843E-02  2.742496E-02  2.754951E-02  2.767285E-02  2.777445E-02  2.785503E-02  2.793487E-02  2.801391E-02     0.0280921  2.816939E-02  2.824573E-02
  2.833992E-02  2.846902E-02  2.861205E-02  2.875024E-02  2.888327E-02  2.901085E-02  2.913273E-02  2.936454E-02  2.979937E-02     0.0302263             0
             0  2.360576E-02  2.376593E-02     0.0238712  2.394957E-02  2.403596E-02  2.413019E-02     0.0242193  2.428641E-02  2.434191E-02  2.439917E-02  2.447292E-02  2.458059E-02  2.471009E-02  2.484567E-02  2.498695E-02  2.513352E-02  2.528496E-02  2.544083E-02  2.560065E-02
  2.576395E-02  2.593024E-02  2.609901E-02  2.626976E-02  2.644197E-02  2.661512E-02  2.678869E-02  2.696216E-02  2.713503E-02  2.730678E-02  2.745566E-02  2.758213E-02  2.770726E-02  2.781026E-02  2.789192E-02  2.797276E-02  2.805276E-02  2.813184E-02  2.820997E-02  2.828709E-02
  2.838218E-02  2.851239E-02  2.865645E-02  2.879546E-02  2.892909E-02  2.905709E-02  2.917919E-02  2.941114E-02     0.0298446     0.0302671             0
             0  2.358059E-02  2.374183E-02  2.384797E-02  2.392704E-02  2.401426E-02  2.410944E-02     0.0241995  2.426735E-02  2.432346E-02  2.438138E-02  2.445599E-02  2.456494E-02  2.469601E-02  2.483328E-02  2.497636E-02  2.512482E-02  2.527824E-02  2.543614E-02  2.559807E-02
  2.576351E-02  2.593198E-02  2.610294E-02  2.627589E-02  2.645027E-02  2.662557E-02  2.680123E-02  2.697674E-02  2.715155E-02  2.732516E-02  2.747555E-02  2.760325E-02  2.772953E-02  2.783342E-02  2.791575E-02  2.799723E-02  2.807782E-02  2.815746E-02     0.0282361  2.831369E-02
  2.840931E-02  2.854016E-02     0.0286848  2.882422E-02  2.895813E-02  2.908628E-02     0.0292084  2.944021E-02  2.987236E-02  3.029172E-02             0
             0  2.356507E-02  2.372692E-02  2.383357E-02  2.391306E-02  2.400077E-02  2.409652E-02  2.418716E-02  2.425546E-02  2.431196E-02  2.437028E-02  2.444541E-02  2.455515E-02  2.468721E-02  2.482553E-02  2.496973E-02  2.511938E-02  2.527403E-02  2.543322E-02  2.559647E-02
  2.576327E-02     0.0259331  2.610546E-02  2.627978E-02  2.645555E-02  2.663221E-02  2.680921E-02  2.698602E-02  2.716208E-02  2.733686E-02  2.748823E-02  2.761671E-02  2.774373E-02  2.784818E-02  2.793093E-02  2.801281E-02  2.809377E-02  2.817375E-02     0.0282527  2.833058E-02
  2.842652E-02  2.855774E-02  2.870269E-02  2.884232E-02  2.897635E-02  2.910453E-02  2.922662E-02  2.945822E-02  2.988935E-02  3.030661E-02             0
             0  2.355734E-02  2.371948E-02  2.382637E-02  2.390606E-02  2.399401E-02  2.409004E-02  2.418095E-02  2.424948E-02  2.430617E-02  2.436469E-02  2.444008E-02  2.455022E-02  2.468277E-02  2.482163E-02  2.496639E-02  2.511664E-02  2.527191E-02  2.543175E-02  2.559566E-02
  2.576315E-02  2.593368E-02  2.610673E-02  2.628177E-02  2.645824E-02  2.663559E-02  2.681328E-02  2.699074E-02  2.716744E-02  2.734284E-02     0.0274947  2.762359E-02  2.775098E-02  2.785573E-02  2.793869E-02  2.802078E-02  2.810192E-02  2.818207E-02  2.826118E-02  2.833919E-02
  2.843528E-02  2.856668E-02  2.871177E-02  2.885148E-02  2.898555E-02  2.911372E-02  2.923577E-02  2.946723E-02  2.989778E-02  3.031394E-02             0
             0  2.355404E-02  2.371629E-02  2.382329E-02  2.390306E-02  2.399111E-02  2.408726E-02  2.417829E-02  2.424691E-02  2.430368E-02  2.436229E-02  2.443779E-02     0.0245481  2.468086E-02  2.481995E-02  2.496495E-02  2.511546E-02      0.025271  2.543112E-02  2.559532E-02
     0.0257631  2.593393E-02  2.610729E-02  2.628262E-02     0.0264594  2.663705E-02  2.681503E-02  2.699278E-02  2.716976E-02  2.734542E-02     0.0274975  2.762656E-02  2.775412E-02  2.785899E-02  2.794205E-02  2.802422E-02  2.810545E-02  2.818567E-02  2.826484E-02  2.834292E-02
  2.843907E-02  2.857054E-02  2.871569E-02  2.885543E-02  2.898951E-02  2.911767E-02     0.0292397  2.947108E-02  2.990137E-02  3.031705E-02             0
             0  2.355226E-02  2.371457E-02  2.382162E-02  2.390144E-02  2.398954E-02  2.408576E-02  2.417685E-02  2.424552E-02  2.430233E-02  2.436099E-02  2.443656E-02  2.454695E-02  2.467983E-02  2.481904E-02  2.496418E-02  2.511482E-02  2.527051E-02  2.543078E-02  2.559514E-02
  2.576307E-02  2.593407E-02  2.610759E-02  2.628309E-02  2.646002E-02  2.663784E-02  2.681598E-02  2.699389E-02  2.717101E-02  2.734682E-02  2.749902E-02  2.762818E-02  2.775582E-02  2.786076E-02  2.794387E-02  2.802609E-02  2.810736E-02  2.818762E-02  2.826683E-02  2.834494E-02
  2.844113E-02  2.857263E-02  2.871781E-02  2.885757E-02  2.899165E-02     0.0291198  2.924182E-02  2.947316E-02  2.990331E-02  3.031873E-02             0
             0  2.355136E-02  2.371371E-02  2.382078E-02  2.390062E-02  2.398875E-02      0.024085  2.417613E-02  2.424482E-02  2.430166E-02  2.436033E-02  2.443593E-02  2.454637E-02  2.467931E-02  2.481858E-02  2.496378E-02     0.0251145  2.527026E-02  2.543061E-02  2.559504E-02
  2.576306E-02  2.593413E-02  2.610774E-02  2.628332E-02  2.646034E-02  2.663824E-02  2.681646E-02  2.699445E-02  2.717165E-02  2.734753E-02  2.749979E-02  2.762899E-02  2.775669E-02  2.786166E-02     0.0279448  2.802704E-02  2.810833E-02  2.818861E-02  2.826784E-02  2.834596E-02
  2.844217E-02  2.857369E-02  2.871888E-02  2.885865E-02  2.899273E-02  2.912088E-02  2.924289E-02  2.947421E-02  2.990428E-02  3.031958E-02             0
