 51            10 
             0    -0.2733395    -0.2645704    -0.2577816    -0.2523006    -0.2458825    -0.2387238    -0.2318348    -0.2265934    -0.2222358    -0.2177194    -0.2118835    -0.2033363    -0.1928704    -0.1813632    -0.1682891    -0.1541178    -0.1400775    -0.1254566    -0.1102518
 -9.505937E-02 -7.992066E-02 -6.418311E-02 -4.794431E-02 -3.202342E-02 -1.567549E-02  9.911035E-04  1.703809E-02  3.324808E-02  4.953732E-02  6.308115E-02  7.422704E-02     0.0848864  9.333163E-02  9.983398E-02     0.1065069     0.1133283     0.1198463     0.1260457     0.1323888
     0.1404806     0.1508276      0.162159     0.1729213     0.1821743     0.1921566     0.2025328     0.2204475     0.2483711     0.2722795             0
             0    -0.2779309    -0.2690454     -0.262128    -0.2565486    -0.2500194    -0.2427136    -0.2356554    -0.2302693    -0.2257828    -0.2211244     -0.215095    -0.2062474    -0.1954114    -0.1835244    -0.1701191    -0.1556802    -0.1413448    -0.1263767    -0.1107799
 -9.513904E-02 -7.950202E-02 -6.325777E-02 -4.653386E-02 -3.013172E-02    -0.0133428  3.704428E-03  2.011862E-02     0.0366976  5.333829E-02  6.720194E-02  7.863673E-02  8.959715E-02  9.829234E-02     0.1049819     0.1118235     0.1187865     0.1254243     0.1317282     0.1381661
     0.1463448     0.1567984     0.1682442      0.179074     0.1883836     0.1982561     0.2082007      0.225252     0.2521822     0.2748532             0
             0    -0.3563456    -0.3471636    -0.3395028     -0.333118    -0.3254137    -0.3165279    -0.3076904    -0.3008072    -0.2949995    -0.2888953    -0.2809033    -0.2689874    -0.2541183    -0.2375567    -0.2186592    -0.1981307     -0.177723    -0.1563554    -0.1340401
    -0.1116317 -8.922204E-02 -6.595964E-02 -4.205027E-02 -1.866652E-02  5.169693E-03  2.924666E-02  5.226637E-02  7.529931E-02  9.816195E-02     0.1169372     0.1322206     0.1466451     0.1578832     0.1664111     0.1749995     0.1836096     0.1916812     0.1992059     0.2067332
     0.2161089        0.2277     0.2397441     0.2505512     0.2592846     0.2678559     0.2759418     0.2887652      0.304276     0.3088863             0
             0    -0.4347437    -0.4299335    -0.4244123     -0.419209    -0.4122432    -0.4034153     -0.393876    -0.3860346    -0.3792042    -0.3718161     -0.361893    -0.3466054    -0.3268707    -0.3043714    -0.2783367    -0.2498495    -0.2216354    -0.1921591    -0.1614447
    -0.1306732 -9.996291E-02 -6.813259E-02 -3.544203E-02 -3.473573E-03  2.912493E-02  6.206432E-02  9.355214E-02     0.1250099     0.1561106     0.1814498      0.201881     0.2209061      0.235458     0.2463298     0.2570738     0.2676313      0.277296     0.2860574     0.2945374
     0.3047476     0.3166372     0.3277864     0.3366866     0.3428632     0.3476956     0.3512529     0.3550086     0.3516845     0.3353532             0
             0    -0.4996107    -0.5053915    -0.5066185    -0.5060527    -0.5034105    -0.4978984    -0.4898686    -0.4821629    -0.4748937    -0.4665049    -0.4546388    -0.4352754    -0.4090897    -0.3786045    -0.3431876    -0.3046219    -0.2670927    -0.2284739    -0.1887338
    -0.1493272    -0.1102946 -7.002135E-02 -2.870896E-02  1.176808E-02  5.324495E-02  9.544744E-02      0.136156     0.1772455     0.2182242     0.2518165     0.2789223     0.3040497     0.3230364     0.3370246     0.3505718     0.3635583     0.3750584     0.3850411     0.3941741
      0.404491     0.4151048     0.4227891     0.4268304     0.4276933     0.4258722     0.4221017     0.4124795     0.3872328      0.352741             0
             0    -0.5502797     -0.572704    -0.5869303    -0.5964652     -0.604633    -0.6090277    -0.6071962    -0.6017279    -0.5948536    -0.5853956    -0.5704466    -0.5436865    -0.5059889    -0.4623643    -0.4129554    -0.3607009    -0.3117341    -0.2629275    -0.2139093
    -0.1661947    -0.1195358 -7.175168E-02 -2.283039E-02  2.524809E-02  7.491428E-02       0.12607     0.1762758     0.2280964     0.2810311     0.3255774     0.3621886     0.3966177     0.4227774     0.4419502      0.460222     0.4772474     0.4915994     0.5031129     0.5124255
     0.5213265     0.5272383     0.5263208     0.5202941      0.511683     0.4996329     0.4856898     0.4593071     0.4124482     0.3638781             0
             0    -0.5807906    -0.6203554    -0.6517408     -0.676935    -0.7050248    -0.7316862    -0.7473664    -0.7496786    -0.7450582    -0.7333173    -0.7105648    -0.6663241      -0.60618    -0.5415694     -0.473562    -0.4056874    -0.3453371    -0.2876113     -0.231274
     -0.177534    -0.1256739 -7.295618E-02 -1.909078E-02  3.399691E-02  8.927133E-02     0.1469232      0.204601     0.2657862     0.3304506     0.3873833     0.4361237      0.484083     0.5222172     0.5508527     0.5785012     0.6040262     0.6244211     0.6386071     0.6466595
     0.6496424     0.6423106     0.6233658     0.6002402     0.5782849     0.5542951     0.5299311     0.4884633      0.426328     0.3695665             0
             0    -0.5950427    -0.6449409    -0.6888331    -0.7274083    -0.7760165    -0.8318765    -0.8789163    -0.8996779    -0.9015935    -0.8834515    -0.8424419    -0.7672254    -0.6781677    -0.5926017    -0.5094144    -0.4305416    -0.3630143    -0.3001584    -0.2398886
    -0.1830723    -0.1286497 -7.355248E-02    -0.0173173  3.818979E-02  9.623182E-02     0.1571996     0.2188877     0.2854647     0.3575195     0.4233005      0.481864     0.5425938     0.5943372     0.6353913     0.6774875     0.7183154     0.7514254      0.771735     0.7748336
     0.7626283     0.7309713     0.6888501     0.6485605     0.6155607      0.583232     0.5523308     0.5022779     0.4325244     0.3720236             0
             0    -0.6030818    -0.6596096    -0.7125076    -0.7618994    -0.8297895    -0.9199973     -1.019026     -1.086879     -1.115854      -1.07079    -0.9828873    -0.8560922    -0.7330211    -0.6279078    -0.5326627     -0.445933    -0.3736311    -0.3075435      -0.24489
    -0.1862602    -0.1303556    -0.0738977 -1.631184E-02  4.057974E-02     0.1002237     0.1631458     0.2272641     0.2972424      0.374224     0.4464149     0.5127902     0.5850227     0.6512859     0.7078041     0.7716589     0.8411781     0.9063811     0.9510775     0.9323069
     0.8798848      0.806643      0.737208     0.6808518     0.6390073      0.600757     0.5655286     0.5101221     0.4359389     0.3733561             0
             0    -0.6072466    -0.6675245    -0.7260252    -0.7829431    -0.8665708    -0.9931445     -1.176683     -1.389554     -1.642186     -1.373565     -1.140793    -0.9298235     -0.770653    -0.6496238    -0.5460799    -0.4544662    -0.3793745    -0.3114786    -0.2475287
    -0.1879321    -0.1312477 -7.407932E-02 -1.578981E-02  4.182498E-02     0.1023122     0.1662761     0.2317158     0.3036001     0.3834679     0.4596955     0.5314513     0.6126827     0.6926093     0.7666851     0.8619674     0.9879656      1.155458      1.395001      1.190868
      1.011525     0.8684334     0.7697501     0.7002236     0.6522392     0.6103238     0.5725774     0.5142025     0.4376807     0.3740292             0
