 51            10 
             0   3.38368E-03  4.262291E-03  4.891091E-03  5.380212E-03  5.940023E-03  6.569733E-03  7.180518E-03  7.647978E-03  8.038212E-03  8.444395E-03  8.971645E-03  9.749623E-03  1.069677E-02  1.169864E-02  1.275167E-02  1.385209E-02     0.0149959  1.617895E-02  1.739688E-02
     0.0186452  1.991927E-02  2.121431E-02  2.252541E-02  2.384759E-02  2.517586E-02  2.650526E-02  2.783095E-02     0.0291482  3.045245E-02  3.157848E-02  3.253184E-02  3.347174E-02  3.424244E-02  3.485176E-02     0.0354534  3.604696E-02  3.663206E-02  3.720831E-02  3.777536E-02
  3.847227E-02  3.942189E-02  4.046547E-02  4.146535E-02  4.241981E-02  4.332741E-02  4.418697E-02  4.580806E-02     0.0487713  5.126793E-02             0
             0  3.251401E-03  4.131558E-03  4.763955E-03     0.0052562  5.819829E-03  6.454052E-03  7.069401E-03  7.540453E-03  7.933735E-03  8.343144E-03  8.874643E-03  9.659021E-03  1.061415E-02  1.162463E-02  1.268687E-02  1.379704E-02  1.495108E-02  1.614477E-02  1.737369E-02
  1.863327E-02  1.991877E-02  2.122532E-02  2.254792E-02  2.388149E-02  2.522093E-02  2.656121E-02  2.789737E-02  2.922458E-02  3.053821E-02  3.167184E-02  3.263131E-02  3.357687E-02     0.0343519  3.496447E-02  3.556914E-02  3.616552E-02  3.675319E-02     0.0373318  3.790098E-02
  3.860027E-02  3.955263E-02  4.059846E-02  4.159974E-02  4.255483E-02  4.346232E-02  4.432112E-02  4.593952E-02      0.048891  5.136275E-02             0
             0  1.191541E-03  2.092197E-03  2.778623E-03  3.318248E-03  3.940197E-03  4.643774E-03  5.329612E-03  5.856304E-03  6.296923E-03  6.756481E-03  7.354161E-03  8.238439E-03  9.318471E-03  1.046408E-02      0.011671  1.293459E-02  1.424987E-02  1.561156E-02  1.701408E-02
  1.845161E-02  1.991808E-02  2.140718E-02  2.291238E-02      0.024427  2.594433E-02  2.745767E-02  2.896042E-02  3.044619E-02  3.190881E-02  3.316322E-02  3.421943E-02  3.525448E-02  3.609771E-02  3.676131E-02  3.741342E-02  3.805356E-02     0.0386813  3.929624E-02  3.989801E-02
  4.063337E-02  4.162652E-02  4.270456E-02  4.372435E-02  4.468514E-02  4.558664E-02  4.642897E-02  4.799612E-02  5.074534E-02  5.281375E-02             0
             0 -4.510401E-04  4.419283E-04  1.157574E-03  1.725923E-03  2.386043E-03  3.137805E-03  3.875064E-03  4.443618E-03  4.920502E-03  5.419122E-03  6.069126E-03  7.033962E-03  8.216948E-03  9.475897E-03  1.080586E-02  1.220138E-02  1.365653E-02  1.516503E-02  1.672024E-02
  1.831524E-02  1.994278E-02  2.159532E-02  2.326498E-02  2.494364E-02  2.662304E-02  2.829484E-02  2.995073E-02  3.158247E-02  3.318205E-02  3.454683E-02  3.569068E-02  3.680572E-02  3.770873E-02     0.0384163     0.0391084  3.978445E-02  4.044395E-02  4.108646E-02  4.171161E-02
  4.247097E-02  4.348696E-02     0.0445754     0.0455911  4.653485E-02  4.740809E-02  4.821275E-02     0.0496894  5.217987E-02  5.385602E-02             0
             0 -1.554308E-03 -6.862934E-04  3.722471E-05  6.171315E-04  1.295759E-03  2.073859E-03  2.841732E-03  3.436457E-03  3.936633E-03  4.460928E-03  5.146013E-03  6.166196E-03   7.42164E-03  8.761663E-03  1.018056E-02  1.167202E-02  1.322926E-02  1.484517E-02  1.651234E-02
     0.0182231  1.996952E-02  2.174333E-02     0.0235359  2.533823E-02  2.714109E-02  2.893497E-02  3.071021E-02      0.032457  3.416552E-02  3.561851E-02  3.683234E-02  3.801085E-02  3.896063E-02  3.970207E-02     0.0404243  4.112659E-02  4.180833E-02  4.246902E-02  4.310825E-02
  4.388017E-02  4.490341E-02  4.598546E-02     0.0469819  4.789564E-02  4.873037E-02  4.949014E-02  5.086816E-02  5.312246E-02  5.450302E-02             0
             0 -2.273388E-03 -1.435158E-03 -7.150872E-04 -1.334488E-04  5.517881E-04  1.342427E-03  2.127329E-03  2.737765E-03  3.252476E-03  3.793298E-03  4.501541E-03  5.559302E-03  6.865128E-03  8.262209E-03  9.743957E-03  1.130319E-02  1.293235E-02  1.462367E-02  1.636922E-02
  1.816095E-02  1.999064E-02  2.184974E-02  2.372933E-02  2.562011E-02     0.0275124  2.939611E-02  3.126077E-02  3.309545E-02  3.488882E-02     0.0364117  3.768151E-02  3.891099E-02  3.989815E-02  4.066639E-02  4.141203E-02     0.0421341     0.0428318  4.350452E-02  4.415185E-02
      0.044929  4.594975E-02  4.701567E-02  4.798521E-02  4.886403E-02  4.965835E-02  5.037444E-02  5.166202E-02  5.372721E-02  5.490163E-02             0
             0  -2.64539E-03 -1.829155E-03 -1.115527E-03 -5.363149E-04  1.490573E-04  9.432916E-04  1.735175E-03  2.352954E-03  2.874865E-03  3.424241E-03  4.144856E-03  5.223356E-03  6.557581E-03  7.986984E-03  9.504201E-03  1.110138E-02  1.277044E-02  1.450325E-02  1.629168E-02
  1.812754E-02  2.000256E-02  2.190822E-02     0.0238356  2.577542E-02  2.771795E-02  2.965301E-02  3.156988E-02  3.345717E-02  3.530279E-02  3.687003E-02  3.817612E-02  3.943923E-02  4.045131E-02  4.123741E-02  4.199848E-02  4.273327E-02  4.344072E-02  4.412006E-02  4.477083E-02
  4.554839E-02  4.656216E-02  4.761061E-02  4.855605E-02  4.940672E-02  5.017093E-02  5.085643E-02  5.208384E-02  5.403661E-02  5.510005E-02             0
             0 -2.806988E-03 -2.001754E-03 -1.292055E-03 -7.147592E-04 -3.024418E-05   7.64685E-04  1.559024E-03  2.179748E-03     0.0027047  3.257819E-03  3.983979E-03  5.071966E-03   6.41929E-03   7.86356E-03  9.396977E-03  1.101135E-02  1.269837E-02  1.444975E-02  1.625727E-02
  1.811274E-02     0.0200079  2.193425E-02  2.388294E-02  2.584471E-02  2.780989E-02  2.976831E-02  3.170921E-02  3.362108E-02  3.549157E-02  3.708038E-02  3.840446E-02  3.968459E-02  4.070951E-02  4.150489E-02  4.227401E-02  4.301538E-02  4.372773E-02  4.441015E-02  4.506212E-02
  4.583893E-02     0.0468474  4.788499E-02  4.881668E-02     0.0496522  5.040088E-02  5.107113E-02  5.226935E-02  5.417036E-02  5.518482E-02             0
             0  -2.89487E-03 -2.096022E-03 -1.388795E-03 -8.128076E-04 -1.290569E-04  6.659495E-04  1.461409E-03  2.083644E-03  2.610218E-03  3.165387E-03  3.894637E-03  4.987971E-03  6.342692E-03  7.795322E-03  9.337798E-03  1.096173E-02     0.0126587  1.442032E-02  1.623836E-02
  1.810462E-02  2.001084E-02  2.194857E-02  2.390898E-02  2.588287E-02  2.786059E-02  2.983201E-02  3.178636E-02     0.0337121  3.559677E-02  3.719806E-02  3.853268E-02  3.982292E-02     0.0408556  4.165664E-02  4.243072E-02  4.317615E-02  4.389149E-02  4.457569E-02  4.522819E-02
  4.600415E-02  4.700874E-02  4.803916E-02  4.896221E-02  4.978852E-02  5.052799E-02  5.118937E-02  5.237085E-02  5.424293E-02  5.523056E-02             0
             0 -2.939335E-03 -2.143851E-03  -1.43799E-03 -8.627584E-04 -1.795062E-04  6.154184E-04  1.411351E-03  2.034307E-03  2.561689E-03  3.117905E-03  3.848753E-03  4.944879E-03  6.303455E-03   7.76042E-03  9.307568E-03  1.093642E-02  1.263847E-02  1.440533E-02  1.622873E-02
  1.810048E-02  2.001234E-02  2.195586E-02  2.392226E-02  2.590233E-02  2.788647E-02  2.986455E-02  3.182584E-02  3.375877E-02  3.565085E-02  3.725873E-02  3.859896E-02  3.989466E-02  4.093161E-02  4.173581E-02  4.251269E-02  4.326044E-02  4.397748E-02  4.466265E-02  4.531533E-02
     0.0460906  4.709273E-02  4.811895E-02  4.903715E-02  4.985845E-02  5.059299E-02  5.124968E-02     0.0524224     0.0542796  5.525359E-02             0
