 51            10 
             0    -0.2713642    -0.2623843     -0.255251    -0.2496257    -0.2431384    -0.2357972    -0.2286361    -0.2231326    -0.2185259    -0.2137185    -0.2074629    -0.1982019    -0.1868872    -0.1748923    -0.1622749    -0.1490965    -0.1354215     -0.121322    -0.1068813
 -9.218115E-02 -7.717331E-02 -5.997779E-02    -0.0427889 -2.567453E-02 -8.700482E-03  8.069291E-03  2.457284E-02  4.075053E-02  5.654548E-02  6.998432E-02  8.123361E-02  9.219383E-02     0.1010718     0.1080319     0.1148456      0.121509     0.1280186     0.1343713     0.1405645
     0.1481039     0.1582284     0.1691337     0.1793682     0.1889311     0.1978267     0.2060637     0.2212467     0.2471474     0.2689386             0
             0    -0.2764512     -0.267418     -0.260216    -0.2545356    -0.2479826     -0.240556    -0.2332953    -0.2277045    -0.2230184    -0.2181213    -0.2117403    -0.2022745    -0.1906838    -0.1783778    -0.1654257    -0.1518945    -0.1378405    -0.1233304    -0.1084509
 -9.329786E-02 -7.785194E-02 -6.024943E-02 -4.263287E-02 -2.509625E-02 -7.708299E-03  9.464491E-03  2.635758E-02  4.290831E-02  5.905616E-02  7.278252E-02  8.426236E-02  9.543539E-02     0.1044745     0.1115544     0.1184784     0.1252423     0.1318426     0.1382763     0.1445411
     0.1521586     0.1623705     0.1733444     0.1836183     0.1931923     0.2020706     0.2102642     0.2253155     0.2507211     0.2716617             0
             0    -0.3542874     -0.344787    -0.3366818      -0.33009    -0.3222585      -0.31313     -0.303967    -0.2967806    -0.2906875    -0.2842507    -0.2757775    -0.2630311     -0.247168    -0.2300999    -0.2119436    -0.1928198    -0.1728365    -0.1521165    -0.1308095
    -0.1090756 -8.690404E-02 -6.162504E-02     -0.036364 -1.128395E-02  1.348563E-02  3.781428E-02  6.156939E-02  8.461592E-02     0.1068175     0.1253868     0.1406889     0.1553259     0.1669312      0.175885     0.1844984     0.1927631     0.2006728      0.208223     0.2154116
     0.2239449     0.2349475     0.2461122      0.255924     0.2644574     0.2717993      0.278047     0.2885585     0.3015813     0.3050909             0
             0    -0.4311444     -0.425165    -0.4185709    -0.4126662     -0.405038    -0.3954679     -0.385228    -0.3768578    -0.3695854    -0.3617313    -0.3511868    -0.3349176    -0.3141304    -0.2913449    -0.2668093    -0.2407795    -0.2134785    -0.1851287    -0.1559646
    -0.1262096 -9.582189E-02 -6.105401E-02    -0.0262984  8.249619E-03  4.242948E-02     0.0760605      0.108933      0.140802     0.1713848     0.1967422      0.217409     0.2368643     0.2519529     0.2633789      0.274128     0.2841739     0.2934971     0.3020857     0.3099358
     0.3188312     0.3294004     0.3387706     0.3457022     0.3505129     0.3535312     0.3550739     0.3557865     0.3482058     0.3310214             0
             0    -0.4934227    -0.4955801    -0.4937588    -0.4908609    -0.4857422    -0.4778222    -0.4679585    -0.4591679    -0.4511641    -0.4421731    -0.4297028    -0.4097218     -0.383344    -0.3539401    -0.3220917    -0.2883464    -0.2531334    -0.2168057    -0.1796672
    -0.1419542    -0.1035136 -5.942627E-02 -1.528455E-02  2.881099E-02  7.279039E-02     0.1165322     0.1598349     0.2023864     0.2437333     0.2783159     0.3065425     0.3329728     0.3531599     0.3681779      0.381951     0.3943804     0.4053893     0.4149296     0.4229867
     0.4312302     0.4391111     0.4432025     0.4433515     0.4405517     0.4356833     0.4294626     0.4154084     0.3835148     0.3480652             0
             0    -0.5407463    -0.5546449    -0.5610389    -0.5639367    -0.5644419    -0.5612485    -0.5539292    -0.5457366    -0.5374705     -0.527447    -0.5127487    -0.4878903    -0.4539947    -0.4160242    -0.3752735    -0.3327668    -0.2891696    -0.2449067    -0.2002516
    -0.1553387    -0.1097966 -5.754927E-02 -5.124158E-03     0.0476287      0.100903     0.1548373     0.2094696     0.2646677     0.3200285     0.3678995     0.4078767     0.4459771     0.4752699     0.4969157     0.5163697     0.5332369      0.547174     0.5579424     0.5654601
     0.5709196     0.5711372     0.5628255     0.5491645      0.532733     0.5153214     0.4980493     0.4650353     0.4088027     0.3589912             0
             0    -0.5683708    -0.5932464    -0.6090331    -0.6194949    -0.6285855    -0.6341147    -0.6329077    -0.6270869    -0.6192594    -0.6080787    -0.5901017    -0.5578216    -0.5136154    -0.4653695    -0.4152604    -0.3645917    -0.3139715    -0.2636339    -0.2136275
    -0.1638598    -0.1136928 -5.620176E-02  1.589332E-03  6.012372E-02     0.1199335     0.1815631     0.2455516     0.3123825     0.3823682     0.4462723     0.5022565     0.5584697     0.6039667     0.6385015     0.6699715     0.6969108     0.7177244     0.7310133       0.73613
     0.7331585     0.7140833     0.6806288     0.6439005     0.6083234     0.5758189     0.5469765      0.496522     0.4228367     0.3645759             0
             0    -0.5810544    -0.6121725    -0.6341509    -0.6502675    -0.6668994    -0.6818866     -0.689433    -0.6880425    -0.6815081    -0.6687072    -0.6458862    -0.6042525    -0.5498539      -0.49328    -0.4366685     -0.380952    -0.3263508    -0.2727852    -0.2200662
    -0.1679173    -0.1155278 -5.553787E-02  4.820385E-03  6.616514E-02     0.1292412     0.1948738      0.263999     0.3376888     0.4171485     0.4928127     0.5620627     0.6356725     0.6997563     0.7512338     0.8010656     0.8461238      0.881622     0.9012991     0.8998664
     0.8781717     0.8265703     0.7619054     0.7025787     0.6513934     0.6082126     0.5720496     0.5115734     0.4291257      0.366989             0
             0    -0.5881429    -0.6231406    -0.6493277    -0.6696559    -0.6926739    -0.7173528    -0.7368487    -0.7437753    -0.7405026     -0.724257    -0.6928873    -0.6389668    -0.5744624    -0.5110564    -0.4497455    -0.3906755    -0.3335754    -0.2780608    -0.2237474
    -0.1702239    -0.1165655 -5.515548E-02   6.66448E-03  6.962261E-02     0.1346011     0.2026148     0.2748865     0.3529507     0.4388036     0.5230708     0.6029333     0.6922128     0.7759602       0.84819     0.9249497      1.003353      1.075385      1.121205      1.093903
      1.026214     0.9224829     0.8222128     0.7422163     0.6787231     0.6279318     0.5869095     0.5201574     0.4325977      0.368298             0
             0    -0.5917923    -0.6289334    -0.6576211    -0.6806801    -0.7084293    -0.7420122    -0.7769534    -0.8004059    -0.8072985    -0.7807931    -0.7327778    -0.6632372    -0.5896136    -0.5212437    -0.4569433    -0.3959034    -0.3374048     -0.280832    -0.2256697
    -0.1714238    -0.1171035 -5.495514E-02  7.625802E-03  7.142846E-02     0.1374124     0.2067031     0.2806976       0.36123     0.4508565     0.5405685     0.6277463     0.7292197     0.8312249     0.9265342      1.041113      1.184093      1.371099          1.63      1.392417
       1.18615     0.9996923      0.862628     0.7661229     0.6942329     0.6387281     0.5948758     0.5246352      0.434371     0.3689592             0
