 51            10 
             0    -0.2715961    -0.2619608    -0.2537327    -0.2480825    -0.2422803     -0.235278    -0.2281481    -0.2225209    -0.2177288    -0.2126387    -0.2058889    -0.1955754    -0.1832743    -0.1703336    -0.1579405    -0.1462451    -0.1332931    -0.1192693    -0.1042912
 -8.841198E-02 -7.161558E-02 -5.533679E-02 -3.964138E-02 -2.317493E-02 -7.280951E-03  7.869136E-03  2.330337E-02  3.885384E-02  5.438033E-02  6.784591E-02     0.0792765  9.058056E-02  9.989242E-02     0.1072851     0.1141621     0.1205185     0.1268047      0.133012     0.1391314
     0.1466601     0.1569199     0.1681819     0.1789676     0.1892862     0.1986171     0.2069419     0.2225723     0.2497624     0.2729094             0
             0    -0.2771788     -0.268182    -0.2608044    -0.2551073    -0.2488571    -0.2415603    -0.2343974    -0.2288829    -0.2242602    -0.2194233    -0.2130966    -0.2035655    -0.1919576    -0.1793057    -0.1661065    -0.1531359    -0.1391694    -0.1244996    -0.1092298
 -9.343645E-02    -0.0768848 -6.024851E-02 -4.386419E-02 -2.673244E-02 -9.898925E-03  6.319711E-03     0.0226766  3.899757E-02  5.514659E-02     0.0689457  8.052509E-02  9.186199E-02     0.1011538     0.1085579      0.115542     0.1220723     0.1285542      0.134955     0.1412646
      0.149021     0.1594789     0.1708123     0.1815463     0.1917114     0.2011421     0.2097549     0.2258318     0.2526576     0.2749819             0
             0    -0.3553027    -0.3459176    -0.3376685    -0.3311129    -0.3236741    -0.3147392    -0.3057285    -0.2986582    -0.2926599    -0.2863119    -0.2779188    -0.2650855    -0.2491926    -0.2316083    -0.2130782    -0.1946926     -0.174799    -0.1538375    -0.1319787
    -0.1093536 -8.564738E-02 -6.184605E-02 -3.843593E-02 -1.402287E-02  9.872075E-03  3.277403E-02  5.570585E-02  7.837209E-02     0.1005304      0.119176     0.1346042     0.1494627      0.161412     0.1708018     0.1795297     0.1875529     0.1953747     0.2029523     0.2102716
     0.2190779     0.2305436      0.242337      0.252881     0.2622469     0.2703703     0.2772685     0.2892004     0.3043681      0.308935             0
             0    -0.4328573    -0.4273771    -0.4209663     -0.415375    -0.4083312    -0.3991588    -0.3892269    -0.3810623    -0.3739413    -0.3662142    -0.3557667    -0.3393287    -0.3183909    -0.2947299    -0.2695003    -0.2442657     -0.216918    -0.1881173    -0.1581197
     -0.127122 -9.469624E-02 -6.217916E-02 -3.019335E-02  3.184125E-03  3.588141E-02  6.724963E-02  9.866349E-02     0.1296674     0.1598525     0.1850409     0.2056701     0.2252486     0.2406827     0.2526119     0.2634915     0.2732569     0.2825243     0.2912325     0.2993595
     0.3087731      0.320246     0.3308353     0.3391223     0.3453317     0.3496747     0.3524167     0.3554425     0.3514329     0.3353306             0
             0    -0.4962817    -0.5000362    -0.4994645    -0.4977615    -0.4938431    -0.4869997     -0.477922    -0.4695664    -0.4618255    -0.4529941    -0.4405558    -0.4200629    -0.3930031    -0.3618267     -0.328427    -0.2950864    -0.2592858    -0.2219817     -0.183493
    -0.1440393    -0.1030072 -6.198157E-02 -2.159608E-02  2.069704E-02  6.237518E-02     0.1027162      0.143533      0.184256     0.2243017      0.257944     0.2855131     0.3115366     0.3317623     0.3471489     0.3608791     0.3728244     0.3837174     0.3934498     0.4019798
     0.4111365     0.4207341     0.4272083       0.42996     0.4296957     0.4272125     0.4232172     0.4130599     0.3867329     0.3526613             0
             0    -0.5450736    -0.5627508    -0.5728911     -0.579194    -0.5828057    -0.5828574    -0.5778871    -0.5708206    -0.5630774    -0.5531558    -0.5380283    -0.5112768    -0.4747622    -0.4326577    -0.3882173    -0.3448193    -0.2993783     -0.253117     -0.206269
    -0.1589352    -0.1101875 -6.168017E-02    -0.0138973  3.640923E-02  8.646176E-02      0.135655     0.1864102     0.2382674     0.2906685     0.3359768     0.3738468     0.4101262     0.4384412     0.4598172     0.4785233     0.4941882     0.5076163     0.5185146      0.526766
     0.5338561     0.5374615     0.5339338      0.525326     0.5135536     0.5003633     0.4869595     0.4601769     0.4117933     0.3637562             0
             0    -0.5739602    -0.6053515    -0.6288323    -0.6466683    -0.6632822    -0.6777767    -0.6837181    -0.6812405    -0.6746468    -0.6630572    -0.6426516    -0.6037798    -0.5514848    -0.4941186     -0.436403    -0.3825777    -0.3283079    -0.2746902    -0.2215667
    -0.1687225    -0.1148407 -6.147804E-02 -8.895406E-03  4.673237E-02     0.1025941     0.1583624     0.2171617     0.2790267     0.3439927     0.4029985     0.4545129     0.5062467     0.5484785     0.5810446     0.6097387     0.6333318     0.6522114     0.6651043     0.6714072
     0.6717112     0.6597962     0.6358352     0.6082641     0.5804704     0.5545558     0.5314716     0.4896324     0.4256028      0.369421             0
             0    -0.5873289    -0.6267796    -0.6596274    -0.6867804    -0.7160817    -0.7481663    -0.7717282    -0.7786996    -0.7750939    -0.7603014    -0.7301413    -0.6729907    -0.6025178    -0.5313137     -0.463446    -0.4027101    -0.3431521    -0.2854581    -0.2290552
    -0.1734526     -0.117074 -6.138396E-02 -6.501979E-03  5.170662E-02     0.1104547     0.1696208     0.2328018     0.3005158     0.3735418      0.442494     0.5051998     0.5716072     0.6295646     0.6765445      0.720039     0.7574927     0.7876265     0.8053125     0.8063874
     0.7918333     0.7539796     0.7048447     0.6588023     0.6180416     0.5831917     0.5540414     0.5036176     0.4317713     0.3718675             0
             0    -0.5948325    -0.6393845    -0.6788411    -0.7132622    -0.7540288    -0.8054712    -0.8549516    -0.8811774    -0.8858299    -0.8626615    -0.8130661    -0.7295217    -0.6393563     -0.556047    -0.4804282     -0.414924    -0.3519462    -0.2917352    -0.2333732
    -0.1761613    -0.1183483    -0.0613315 -5.139309E-03  5.454936E-02     0.1149739     0.1761552     0.2420109     0.3134408     0.3918829     0.4680797     0.5396951     0.6192372     0.6936714     0.7580516     0.8227541     0.8852904     0.9428641     0.9798136     0.9614849
     0.9116488     0.8329818     0.7554508     0.6926252     0.6416941     0.6005016     0.5673457      0.511567     0.4351715     0.3731942             0
             0    -0.5987068    -0.6461163    -0.6896192    -0.7289352    -0.7786689    -0.8489468    -0.9340333      -1.00255     -1.041753    -0.9839709    -0.8919795    -0.7724892    -0.6632996    -0.5707426     -0.489976    -0.4215903     -0.356657    -0.2950577    -0.2356411
     -0.177577    -0.1190127 -6.130464E-02 -4.429968E-03  5.603295E-02     0.1173421     0.1796021      0.246919     0.3204407     0.4020709     0.4828388     0.5605723     0.6502778     0.7398656     0.8233153      0.917142      1.027533      1.169673       1.36019      1.190198
      1.037464     0.8954515     0.7889913     0.7128706     0.6550382     0.6099316     0.5744519     0.5157048     0.4369064     0.3738643             0
