 51            10 
             0    -0.1292823    -0.1341805    -0.1322163    -0.1298796    -0.1267079    -0.1228278    -0.1188878    -0.1158067    -0.1132072    -0.1104785    -0.1069124    -0.1016091 -9.510487E-02 -8.819055E-02    -0.0808985 -7.326006E-02 -6.530465E-02 -5.705827E-02 -4.854044E-02
 -3.975853E-02 -3.069947E-02 -2.133056E-02 -1.178378E-02 -2.157379E-03  7.472469E-03  1.704417E-02  2.650601E-02  3.581329E-02  4.492657E-02     0.0527002  5.921901E-02  6.558148E-02  7.074418E-02  7.479642E-02  7.876807E-02  8.265674E-02  8.646022E-02  9.017656E-02  9.380402E-02
  9.822536E-02     0.1041737     0.1105966     0.1166393     0.1222993     0.1275762     0.1324714     0.1415029     0.1567581     0.1642207             0
             0    -0.1316232    -0.1366672    -0.1347018    -0.1323462    -0.1291392    -0.1252079    -0.1212086    -0.1180769    -0.1154324    -0.1126542    -0.1090205    -0.1036107 -9.696709E-02 -8.989722E-02 -8.243521E-02 -7.461382E-02 -6.646326E-02 -5.801051E-02 -4.927696E-02
 -4.027279E-02 -3.098825E-02    -0.0213927 -1.161818E-02 -1.765328E-03   8.08736E-03  1.787607E-02  2.754691E-02      0.037053  4.635271E-02  5.427672E-02  6.091521E-02  6.738735E-02  7.263251E-02  7.674575E-02  8.077331E-02  8.471268E-02  8.856162E-02  9.231817E-02  9.598061E-02
     0.1004392     0.1064265     0.1128747     0.1189248     0.1245755     0.1298282      0.134686     0.1436205     0.1585625     0.1654847             0
             0    -0.1682681    -0.1758032    -0.1739041     -0.171281    -0.1675196    -0.1627541    -0.1577793     -0.153818    -0.1504388    -0.1468547    -0.1421252    -0.1349974     -0.126119    -0.1165584      -0.10637 -9.560964E-02 -8.433121E-02 -7.258476E-02 -6.041207E-02
 -4.783844E-02 -3.486016E-02     -0.021444 -7.793078E-03  5.933733E-03  1.960783E-02  3.311968E-02  4.637159E-02  5.927355E-02     0.0717411  8.220082E-02     0.0908415  9.912915E-02     0.1057204     0.1108173     0.1157328      0.120462     0.1250015     0.1293485     0.1335013
     0.1384489     0.1448653      0.151433     0.1572617     0.1623882     0.1668558      0.170712     0.1772981     0.1857576     0.1829353             0
             0    -0.2039364    -0.2156822    -0.2149258    -0.2127556     -0.209114    -0.2040951    -0.1985352    -0.1939477    -0.1899531     -0.185638    -0.1798498    -0.1709399    -0.1595899     -0.147165    -0.1337714    -0.1195188    -0.1045102 -8.883572E-02    -0.0725648
 -5.573503E-02 -3.833666E-02 -2.031568E-02 -1.948096E-03  1.655313E-02  3.501371E-02  5.327785E-02  7.119432E-02     0.0886075     0.1053528     0.1192688     0.1306361     0.1413693     0.1497278     0.1560799     0.1620815     0.1677198     0.1729853      0.177872     0.1823775
     0.1875351     0.1937772     0.1994933     0.2039182      0.207204     0.2095118     0.2109985     0.2126163     0.2104575     0.1964047             0
             0    -0.2323817    -0.2496682    -0.2512564    -0.2504258     -0.247804     -0.243366    -0.2378263    -0.2329542    -0.2285642    -0.2236828    -0.2169741    -0.2063446    -0.1924399    -0.1769822    -0.1601981    -0.1423063    -0.1234942    -0.1039064 -8.363634E-02
 -6.271482E-02 -4.109555E-02 -1.866509E-02  4.271939E-03  2.749818E-02  5.084347E-02  7.415023E-02  9.724592E-02     0.1199206     0.1419093     0.1602604     0.1752248     0.1892437     0.1999835     0.2080071     0.2154145     0.2221654     0.2282287     0.2335854     0.2382296
     0.2431538     0.2482663     0.2516584     0.2530114      0.252768     0.2513425     0.2490879     0.2434789     0.2290198     0.2052273             0
             0     -0.253632    -0.2771446    -0.2820994    -0.2834603    -0.2828088    -0.2798852    -0.2750388    -0.2702306    -0.2656402    -0.2603002    -0.2527016    -0.2402094     -0.223423    -0.2045886    -0.1841654    -0.1625456    -0.1400233    -0.1167896    -0.0929358
 -6.845181E-02 -4.321628E-02 -1.701487E-02  9.877843E-03  3.730452E-02  6.517076E-02  9.339678E-02     0.1218737     0.1504182     0.1787226     0.2028539     0.2227796      0.241571      0.255916     0.2665129     0.2760906      0.284521     0.2917005     0.2975615     0.3020825
     0.3060938     0.3085071     0.3072478     0.3031345     0.2972284     0.2903657     0.2831387     0.2687155     0.2422232     0.2108699             0
             0     -0.265825     -0.294296    -0.3025481    -0.3063127     -0.308119    -0.3074113    -0.3038976    -0.2995098     -0.294918    -0.2892223    -0.2807549    -0.2662935    -0.2465422    -0.2244735     -0.200841    -0.1761902    -0.1508672    -0.1250525 -9.879071E-02
 -7.200214E-02 -4.447865E-02 -1.590405E-02  1.350635E-02  4.368175E-02  7.463828E-02     0.1064291     0.1390975     0.1726205     0.2068302     0.2369886     0.2625602     0.2872973     0.3065541      0.320849     0.3336876      0.344712     0.3535934     0.3600921     0.3641204
     0.3661945     0.3637136     0.3552082     0.3436783     0.3310129       0.31838     0.3064161     0.2843978     0.2495051     0.2137494             0
             0    -0.2713725    -0.3024645    -0.3126819    -0.3180057    -0.3215833    -0.3227008    -0.3204994    -0.3166299    -0.3121344    -0.3061832    -0.2969976    -0.2809396    -0.2590269    -0.2348365    -0.2092779    -0.1829331    -0.1561297     -0.129008    -0.1015649
 -7.367066E-02 -4.506346E-02 -1.536881E-02  1.523603E-02  4.673367E-02  7.921038E-02     0.1128103     0.1476943     0.1839903     0.2217171     0.2557869     0.2853325      0.314677     0.3381919     0.3559622      0.372135     0.3860387     0.3969413     0.4041924     0.4074831
     0.4070494     0.3991033     0.3838927      0.366476     0.3490651     0.3327566     0.3180028     0.2918043     0.2527581     0.2149928             0
             0     -0.274458    -0.3071198    -0.3185951    -0.3249735     -0.329842    -0.3324398    -0.3314849    -0.3281992    -0.3238544    -0.3176648    -0.3077851    -0.2903236    -0.2667446    -0.2410683    -0.2142498    -0.1868489    -0.1591535    -0.1312634    -0.1031382
     -0.074613 -4.539165E-02 -1.506353E-02  1.621859E-02  4.847122E-02  8.182594E-02     0.1164877     0.1527005     0.1907082     0.2306914     0.2674089     0.2998007     0.3326985     0.3598371     0.3808245     0.4004112      0.417637     0.4312184     0.4396452     0.4417498
     0.4379256     0.4240167     0.4028277     0.3808229     0.3600386     0.3412807      0.324754     0.2960006     0.2545511      0.215667             0
             0    -0.2760414    -0.3095484    -0.3217355    -0.3287396    -0.3344304    -0.3380845    -0.3382038    -0.3355504    -0.3314193    -0.3249712    -0.3144028    -0.2957869    -0.2710562    -0.2444576     -0.216907    -0.1889176    -0.1607385    -0.1324394    -0.1039554
 -7.510119E-02 -4.556102E-02 -1.490452E-02  1.672924E-02  4.937568E-02  8.319183E-02     0.1184177     0.1553471      0.194297     0.2355597      0.273846     0.3080131     0.3432962     0.3731444     0.3968047     0.4196475      0.440686     0.4582553     0.4694315     0.4688167
     0.4599795     0.4399432     0.4140306     0.3889125     0.3660405     0.3458514     0.3283276     0.2981796     0.2554659     0.2160075             0
