-300	-300	-300	-300	-300
-300	-300	-300	-300	-300
-300	-300	-300	-300	-300
-300	-300	-300	-300	-300
-300	-300	-300	-300	-300
-300	-300	-300	-300	-300
-300	-300	-300	-300	-300
-300	-300	-300	-300	-300
-300	-300.5	-300.5	-301	-301
-301	-301	-301	-301	-301
-301	 	 	 	 
-300	-300	-300	-300	-300
-300	-300	-300	-300	-300
-300	-300	-300	-300	-300
-300	-300	-300	-300	-300
-300	-300	-300	-300	-300
-300	-300	-300	-300	-300
-300	-300	-300	-300	-300
-300	-300	-300	-300	-300
-300	-300.5	-300.5	-301	-301
-301	-301	-301	-301	-301
-301	 	 	 	 
-300	-300	-300	-300	-300
-300	-300	-300	-300	-300
-300	-300	-300	-300	-300
-300	-300	-300	-300	-300
-300	-300	-300	-300	-300
-300	-300	-300	-300	-300
-300	-300	-300	-300	-300
-300	-300	-300	-300	-300
-300	-300.5	-300.5	-301	-301
-301	-301	-301	-301	-301
-301	 	 	 	 
-300	-300	-300	-300	-300
-300	-300	-300	-300	-300
-300	-300	-300	-300	-300
-300	-300	-300	-300	-300
-300	-300	-300	-300	-300
-300	-300	-300	-300	-300
-300	-300	-300	-300	-300
-300	-300	-300	-300	-300
-300	-300.5	-300.5	-301	-301
-301	-301	-301	-301	-301
-301	 	 	 	 
-300	-300	-300	-300	-300
-300	-300	-300	-300	-300
-300	-300	-300	-300	-300
-300	-300	-300	-300	-300
-300	-300	-300	-300	-300
-300	-300	-300	-300	-300
-300	-300	-300	-300	-300
-300	-300	-300	-300	-300
-300	-300.5	-300.5	-301	-301
-301	-301	-301	-301	-301
-301	 	 	 	 
-300	-300	-300	-300	-300
-300	-300	-300	-300	-300
-300	-300	-300	-300	-300
-300	-300	-300	-300	-300
-300	-300	-300	-300	-300
-300	-300	-300	-300	-300
-300	-300	-300	-300	-300
-300	-300	-300	-300	-300
-300	-300.5	-300.5	-301	-301
-301	-301	-301	-301	-301
-301	 	 	 	 
-300	-300	-300	-300	-300
-300	-300	-300	-300	-300
-300	-300	-300	-300	-300
-300	-300	-300	-300	-300
-300	-300	-300	-300	-300
-300	-300	-300	-300	-300
-300	-300	-300	-300	-300
-300	-300	-300	-300	-300
-300	-300.5	-300.5	-301	-301
-301	-301	-301	-301	-301
-301	 	 	 	 
-300	-300	-300	-300	-300
-300	-300	-300	-300	-300
-300	-300	-300	-300	-300
-300	-300	-300	-300	-300
-300	-300	-300	-300	-300
-300	-300	-300	-300	-300
-300	-300	-300	-300	-300
-300	-300	-300	-300	-300
-300	-300.5	-300.5	-301	-301
-301	-301	-301	-301	-301
-301	 	 	 	 
-300	-300	-300	-300	-300
-300	-300	-300	-300	-300
-300	-300	-300	-300	-300
-300	-300	-300	-300	-300
-300	-300	-300	-300	-300
-300	-300	-300	-300	-300
-300	-300	-300	-300	-300
-300	-300	-300	-300	-300
-300	-300.5	-300.5	-301	-301
-301	-301	-301	-301	-301
-301	 	 	 	 
-300	-300	-300	-300	-300
-300	-300	-300	-300	-300
-300	-300	-300	-300	-300
-300	-300	-300	-300	-300
-300	-300	-300	-300	-300
-300	-300	-300	-300	-300
-300	-300	-300	-300	-300
-300	-300	-300	-300	-300
-300	-300.5	-300.5	-301	-301
-301	-301	-301	-301	-301
-301	 	 	 	 
