-276	-276	-276	-276	-276
-276	-276	-276	-276	-276
-276	-276	-276	-276	-277
-277	-277	-277	-278	-278
-278	-278	-278	-278	-278
-278	-278	-278	-279	-279
-279	-279	-279	-279	-279
-279	-279	-279	-279	-280
-280	-280	-281	-281	-281
-282	-282	-282	-282	-282
-282	 	 	 	 
-276	-276	-276	-276	-276
-276	-276	-276	-276	-276
-276	-276	-276	-276	-277
-277	-277	-277	-278	-278
-278	-278	-278	-278	-278
-278	-278	-278	-279	-279
-279	-279	-279	-279	-279
-279	-279	-279	-279	-280
-280	-280	-281	-281	-281
-282	-282	-282	-282	-282
-282	 	 	 	 
-276	-276	-276	-276	-276
-276	-276	-276	-276	-276
-276	-276	-276	-276	-277
-277	-277	-277	-278	-278
-278	-278	-278	-278	-278
-278	-278	-278	-279	-279
-279	-279	-279	-279	-279
-279	-279	-279	-279	-280
-280	-280	-281	-281	-281
-282	-282	-282	-282	-282
-282	 	 	 	 
-276	-276	-276	-276	-276
-276	-276	-276	-276	-276
-276	-276	-276	-276	-277
-277	-277	-277	-278	-278
-278	-278	-278	-278	-278
-278	-278	-278	-279	-279
-279	-279	-279	-279	-279
-279	-279	-279	-279	-280
-280	-280	-281	-281	-281
-282	-282	-282	-282	-282
-282	 	 	 	 
-276	-276	-276	-276	-276
-276	-276	-276	-276	-276
-276	-276	-276	-276	-277
-277	-277	-277	-278	-278
-278	-278	-278	-278	-278
-278	-278	-278	-279	-279
-279	-279	-279	-279	-279
-279	-279	-279	-279	-280
-280	-280	-281	-281	-281
-282	-282	-282	-282	-282
-282	 	 	 	 
-276	-276	-276	-276	-276
-276	-276	-276	-276	-276
-276	-276	-276	-276	-277
-277	-277	-277	-278	-278
-278	-278	-278	-278	-278
-278	-278	-278	-279	-279
-279	-279	-279	-279	-279
-279	-279	-279	-279	-280
-280	-280	-281	-281	-281
-282	-282	-282	-282	-282
-282	 	 	 	 
-276	-276	-276	-276	-276
-276	-276	-276	-276	-276
-276	-276	-276	-276	-277
-277	-277	-277	-278	-278
-278	-278	-278	-278	-278
-278	-278	-278	-279	-279
-279	-279	-279	-279	-279
-279	-279	-279	-279	-280
-280	-280	-281	-281	-281
-282	-282	-282	-282	-282
-282	 	 	 	 
-276	-276	-276	-276	-276
-276	-276	-276	-276	-276
-276	-276	-276	-276	-277
-277	-277	-277	-278	-278
-278	-278	-278	-278	-278
-278	-278	-278	-279	-279
-279	-279	-279	-279	-279
-279	-279	-279	-279	-280
-280	-280	-281	-281	-281
-282	-282	-282	-282	-282
-282	 	 	 	 
-276	-276	-276	-276	-276
-276	-276	-276	-276	-276
-276	-276	-276	-276	-277
-277	-277	-277	-278	-278
-278	-278	-278	-278	-278
-278	-278	-278	-279	-279
-279	-279	-279	-279	-279
-279	-279	-279	-279	-280
-280	-280	-281	-281	-281
-282	-282	-282	-282	-282
-282	 	 	 	 
-276	-276	-276	-276	-276
-276	-276	-276	-276	-276
-276	-276	-276	-276	-277
-277	-277	-277	-278	-278
-278	-278	-278	-278	-278
-278	-278	-278	-279	-279
-279	-279	-279	-279	-279
-279	-279	-279	-279	-280
-280	-280	-281	-281	-281
-282	-282	-282	-282	-282
-282	 	 	 	 
