 51            10 
             0 -1.645224E-02 -1.626399E-02 -1.587306E-02 -1.554715E-02 -1.516407E-02 -1.472738E-02 -1.430032E-02 -1.397199E-02 -1.369722E-02 -1.341059E-02 -1.303782E-02 -1.248645E-02 -1.181346E-02 -1.110018E-02 -1.034939E-02  -9.56402E-03 -8.747162E-03  -7.90205E-03 -7.032044E-03
 -6.140617E-03 -5.231351E-03 -4.307934E-03 -3.374148E-03 -2.433822E-03 -1.490775E-03 -5.487734E-04  3.885099E-04  1.317529E-03  2.234894E-03  3.024581E-03  3.691615E-03   4.34761E-03  4.884133E-03  5.307557E-03  5.724889E-03  6.135851E-03  6.540179E-03  6.937625E-03  7.327959E-03
  7.806718E-03  8.457093E-03  9.168858E-03  9.847957E-03  1.049349E-02  1.110479E-02  1.168139E-02  1.276468E-02  1.472703E-02  1.650606E-02             0
             0 -1.657223E-02 -1.638257E-02 -1.598839E-02 -1.565967E-02 -1.527315E-02    -0.0148324 -1.440123E-02 -1.406967E-02 -1.379215E-02 -1.350262E-02 -1.312602E-02 -1.256889E-02 -1.188871E-02 -1.116767E-02 -1.040858E-02 -9.614419E-03 -8.788339E-03 -7.933629E-03 -7.053716E-03
 -6.152146E-03 -5.232579E-03 -4.298784E-03 -3.354632E-03 -2.404039E-03 -1.450916E-03 -4.991203E-04  4.475849E-04  1.385567E-03  2.311352E-03  3.107868E-03  3.780375E-03  4.441437E-03  4.981828E-03  5.408151E-03  5.828182E-03  6.241639E-03  6.648257E-03  7.047787E-03  7.439998E-03
  7.920843E-03  8.573602E-03  9.287289E-03  9.967547E-03  1.061352E-02     0.0112246     0.0118004  1.288101E-02  1.483225E-02  1.658839E-02             0
             0 -1.844163E-02 -1.823327E-02 -1.779043E-02 -1.741907E-02 -1.698008E-02 -1.647692E-02    -0.0159823 -1.560064E-02 -1.528049E-02 -1.494579E-02 -1.450957E-02 -1.386242E-02 -1.306964E-02 -1.222675E-02 -1.133715E-02 -1.040457E-02 -9.432986E-03 -8.426651E-03 -7.390035E-03
 -6.327818E-03 -5.244878E-03 -4.146289E-03 -3.037309E-03 -1.923306E-03 -8.096802E-04  2.982078E-04  1.395103E-03  2.475916E-03   3.53579E-03  4.440858E-03  5.200204E-03  5.941471E-03  6.542866E-03   7.01477E-03  7.477089E-03  7.929484E-03   8.37165E-03  8.803313E-03  9.224235E-03
  9.736708E-03  1.042488E-02     0.0111659      0.011861  1.251018E-02  1.311384E-02  1.367275E-02  1.470308E-02  1.646365E-02  1.784906E-02             0
             0 -1.994035E-02 -1.973967E-02 -1.927091E-02    -0.0188739    -0.0184007 -1.785421E-02 -1.731323E-02 -1.689375E-02 -1.654081E-02 -1.617075E-02 -1.568714E-02 -1.496692E-02 -1.408065E-02 -1.313475E-02 -1.213324E-02    -0.0110806 -9.981683E-03 -8.841655E-03 -7.665959E-03
 -6.460283E-03 -5.230568E-03 -3.983018E-03 -2.724118E-03 -1.460556E-03 -1.991482E-04  1.053236E-03  2.289742E-03  3.503606E-03  4.688253E-03  5.693754E-03  6.532759E-03  7.346618E-03  8.002141E-03  8.513778E-03  9.012141E-03  9.496802E-03  9.967387E-03  1.042359E-02  1.086516E-02
  1.139862E-02     0.0121062  1.285489E-02  1.354429E-02  1.417586E-02  1.475164E-02  1.527409E-02  1.621778E-02  1.773491E-02  1.875835E-02             0
             0 -2.095099E-02 -2.077438E-02 -2.029936E-02 -1.989246E-02     -0.019403 -1.883305E-02 -1.826453E-02    -0.0178214 -1.744735E-02 -1.705397E-02 -1.653843E-02 -1.576773E-02 -1.481521E-02 -1.379507E-02 -1.271206E-02 -1.157144E-02 -1.037889E-02 -9.140329E-03 -7.861924E-03
 -6.550026E-03 -5.211205E-03 -3.852308E-03 -2.480514E-03 -1.103291E-03  2.716457E-04  1.636372E-03  2.982784E-03  4.302646E-03  5.587678E-03  6.674444E-03  7.577886E-03   8.45011E-03   9.14854E-03  9.691182E-03  1.021705E-02  1.072556E-02  1.121624E-02  1.168871E-02  1.214272E-02
  1.268697E-02  1.339997E-02  1.414111E-02  1.481095E-02  1.541299E-02     0.0159514  1.643068E-02  1.728011E-02  1.857449E-02  1.932426E-02             0
             0 -2.161156E-02 -2.146369E-02 -2.099286E-02 -2.058509E-02 -2.009028E-02 -1.950946E-02 -1.892577E-02 -1.846847E-02 -1.808123E-02    -0.0176728 -1.713609E-02    -0.0163309     -0.015332 -1.425924E-02 -1.311821E-02 -1.191503E-02    -0.0106561 -9.347959E-03 -7.997243E-03
 -6.610651E-03 -5.195015E-03 -3.757403E-03 -2.305227E-03 -8.462337E-04    6.1149E-04  2.059496E-03  3.488933E-03  4.890521E-03  6.254565E-03  7.406488E-03  8.362123E-03  9.281849E-03  1.001506E-02  1.058259E-02  1.113013E-02  1.165686E-02  1.216213E-02  1.264546E-02  1.310655E-02
  1.365502E-02     0.0143646  1.508921E-02     0.0157324  1.630031E-02  1.679956E-02  1.723677E-02  1.799954E-02      0.019115  1.967348E-02             0
             0 -2.195395E-02 -2.182737E-02 -2.136323E-02 -2.095825E-02 -2.046387E-02 -1.988024E-02 -1.929047E-02 -1.882659E-02 -1.843283E-02 -1.801658E-02 -1.746851E-02 -1.664416E-02 -1.561892E-02 -1.451613E-02 -1.334214E-02 -1.210373E-02 -1.080777E-02 -9.461158E-03  -8.07073E-03
 -6.643282E-03 -5.185666E-03 -3.704929E-03 -2.208441E-03 -7.039228E-04  8.005375E-04  2.296414E-03  3.774651E-03  5.225554E-03  6.638709E-03  7.832423E-03  8.822292E-03  9.773778E-03  1.053052E-02  1.111488E-02  1.167694E-02  1.221556E-02  1.272987E-02  1.321921E-02  1.368327E-02
  1.423168E-02  1.493389E-02  1.564101E-02  1.626041E-02  1.680078E-02  1.727077E-02  1.767842E-02  1.838334E-02  1.939218E-02     0.0198475             0
             0 -2.210281E-02 -2.198688E-02 -2.152677E-02 -2.112384E-02 -2.063054E-02 -2.004655E-02    -0.0194547    -0.0189882 -1.859169E-02 -1.817202E-02 -1.761883E-02 -1.678568E-02 -1.574823E-02 -1.463157E-02 -1.344248E-02 -1.218804E-02 -1.087538E-02 -9.511525E-03 -8.103372E-03
 -6.657737E-03 -5.181451E-03 -3.681514E-03 -2.165245E-03 -6.403039E-04  8.852692E-04  2.402977E-03  3.903742E-03  5.377768E-03  6.814396E-03  8.028556E-03  9.035506E-03  1.000317E-02  1.077213E-02  1.136533E-02  1.193502E-02  1.247987E-02  1.299877E-02  1.349094E-02  1.395599E-02
  1.450345E-02  1.520022E-02     0.0158965  1.650233E-02  1.702785E-02  1.748273E-02  1.787561E-02  1.855242E-02  1.951212E-02  1.992187E-02             0
             0 -2.218379E-02 -2.207406E-02 -2.161646E-02 -2.121491E-02    -0.0207225    -0.0201386 -1.954583E-02     -0.019078 -1.868002E-02 -1.825847E-02 -1.770243E-02    -0.0168643 -1.581994E-02 -1.469546E-02 -1.349791E-02 -1.223455E-02 -1.091263E-02 -9.539239E-03 -8.121318E-03
 -6.665675E-03 -5.179121E-03 -3.668621E-03 -2.141453E-03 -6.052333E-04  9.320417E-04  2.461908E-03  3.975303E-03  5.462402E-03  6.912449E-03  8.138463E-03  9.155448E-03  1.013276E-02  1.090915E-02  1.150776E-02  1.208219E-02     0.0126309  1.315262E-02  1.364643E-02  1.411189E-02
     0.0146584  1.535123E-02  1.604035E-02  1.663765E-02  1.715415E-02  1.760005E-02  1.798433E-02  1.864501E-02  1.957722E-02  1.996201E-02             0
             0 -2.222478E-02    -0.0221183 -2.166209E-02 -2.126134E-02 -2.076948E-02 -2.018575E-02 -1.959261E-02 -1.912414E-02 -1.872544E-02 -1.830292E-02    -0.0177454 -1.690467E-02    -0.0158567 -1.472816E-02 -1.352624E-02 -1.225829E-02 -1.093162E-02 -9.553365E-03  -8.13046E-03
 -6.669717E-03 -5.177932E-03 -3.662049E-03 -2.129322E-03 -5.873403E-04  9.559263E-04  2.492039E-03  4.011949E-03  5.505832E-03  6.962897E-03  8.195177E-03  9.217525E-03  1.020007E-02  1.098055E-02  1.158219E-02     0.0121593  1.271024E-02  1.323358E-02  1.372829E-02  1.419388E-02
  1.473965E-02  1.542997E-02  1.611491E-02  1.670742E-02      0.017219     0.0176601  1.803983E-02  1.869206E-02  1.961012E-02  1.998222E-02             0
