 51            10 
             0    -0.1272075    -0.1321003    -0.1306152    -0.1287532    -0.1262023     -0.123078    -0.1199082    -0.1174316    -0.1153433    -0.1131524    -0.1102906    -0.1060378    -0.1008266 -9.529199E-02 -8.946093E-02 -8.335995E-02 -7.701404E-02 -7.044528E-02 -6.366987E-02
 -5.669274E-02 -4.949967E-02 -4.205778E-02    -0.0344872 -2.687482E-02 -1.928618E-02 -1.177297E-02  -4.37773E-03  2.863294E-03   9.91851E-03  1.590487E-02  2.090376E-02  2.576105E-02  2.968385E-02  3.275274E-02  3.575034E-02  3.867487E-02  4.152481E-02  4.429881E-02  4.699573E-02
  5.026936E-02  5.464524E-02  5.932723E-02  6.368926E-02  6.773289E-02  7.146185E-02  7.488175E-02  8.111735E-02  9.127273E-02  9.625154E-02             0
             0    -0.1293988    -0.1344173    -0.1329274    -0.1310459    -0.1284609    -0.1252881    -0.1220626    -0.1195387    -0.1174085    -0.1151716     -0.112247    -0.1078954     -0.102555 -9.687635E-02    -0.0908881 -8.461815E-02 -7.809227E-02 -7.133342E-02 -6.435948E-02
 -5.717786E-02 -4.977726E-02    -0.0421265     -0.034346 -2.652491E-02 -1.873087E-02 -1.101761E-02 -3.429672E-03  3.994688E-03  1.122183E-02  1.734686E-02  2.245611E-02  2.741447E-02  3.141322E-02  3.453827E-02  3.758727E-02     0.0405584  4.345005E-02  4.626086E-02  4.898972E-02
  5.229728E-02  5.670829E-02  6.141248E-02     0.0657799  6.981345E-02  7.351839E-02  7.690203E-02  8.304441E-02  9.290294E-02  9.737471E-02             0
             0    -0.1634817    -0.1706751    -0.1692064      -0.16706    -0.1639528    -0.1600056    -0.1558798    -0.1525917     -0.149785    -0.1468064    -0.1428735     -0.136941     -0.129544    -0.1215729    -0.1130755     -0.104101 -9.469754E-02    -0.0849094    -0.0747732
 -6.430969E-02 -5.351169E-02 -4.234323E-02 -3.099276E-02 -1.960444E-02 -8.292644E-03  2.846597E-03  1.372841E-02  2.427482E-02     0.0344127  4.286584E-02  4.981189E-02  5.643404E-02  6.166458E-02     0.0656887  6.954789E-02  7.323834E-02  7.675711E-02  8.010224E-02  8.327265E-02
  8.701713E-02  9.180313E-02  9.659223E-02     0.1007295     0.1042534     0.1072085     0.1096437     0.1135742     0.1173844      0.112914             0
             0    -0.1968437    -0.2078782    -0.2074621    -0.2057381    -0.2027494    -0.1985771    -0.1939165     -0.190052    -0.1866772    -0.1830219    -0.1781074    -0.1705194    -0.1608225    -0.1501842    -0.1387018    -0.1264763    -0.1136027    -0.1001629 -8.621959E-02
 -7.180389E-02    -0.0569009 -4.145205E-02 -2.571601E-02 -9.888074E-03  5.875026E-03  2.143482E-02  3.665717E-02  5.140333E-02  6.552538E-02  7.719841E-02  8.668452E-02  9.558398E-02     0.1024586      0.107649     0.1125157     0.1170471     0.1212346      0.125073     0.1285606
     0.1324843     0.1370807     0.1410404     0.1438313     0.1456017     0.1465083     0.1467032     0.1459492     0.1398174     0.1249782             0
             0    -0.2235764    -0.2397981     -0.241611     -0.241172    -0.2391727    -0.2355771     -0.230958    -0.2268383     -0.223099     -0.218916    -0.2131387    -0.2039309    -0.1918215    -0.1783177     -0.163634    -0.1479771    -0.1315235    -0.1144076 -9.671381E-02
 -7.846583E-02 -5.961157E-02 -4.003254E-02    -0.0200152  2.419164E-04  2.058787E-02  4.088487E-02  6.098104E-02  8.068821E-02  9.976448E-02     0.1156364     0.1285322     0.1405488     0.1496831      0.156459     0.1626578     0.1682407     0.1731784      0.177453      0.181059
     0.1847412     0.1882309     0.1899403     0.1897724     0.1881566     0.1854933     0.1821222     0.1745011     0.1567851     0.1329101             0
             0    -0.2436246    -0.2657672    -0.2708285    -0.2725172    -0.2724428    -0.2703386    -0.2664154    -0.2623743    -0.2584539     -0.253839    -0.2472138     -0.236221    -0.2213444    -0.2046004    -0.1864319    -0.1672155    -0.1472308    -0.1266566    -0.1055742
 -8.396587E-02 -6.170509E-02 -3.857335E-02 -1.482782E-02  9.392336E-03     0.0340117  5.897089E-02  8.418359E-02      0.109492     0.1346176     0.1560461     0.1737228     0.1903483     0.2029698     0.2122363     0.2205354     0.2277423     0.2337555     0.2385092     0.2419827
     0.2447593     0.2455985     0.2427632     0.2372743     0.2301667     0.2222504     0.2140944     0.1980253     0.1689111     0.1379954             0
             0     -0.255163    -0.2820699    -0.2903438    -0.2943871    -0.2967319    -0.2968188    -0.2942223    -0.2906066     -0.286694    -0.2817379    -0.2742687    -0.2613545    -0.2435855    -0.2236938     -0.202413    -0.1802697    -0.1575933    -0.1345505    -0.1111753
 -8.738083E-02 -6.295453E-02    -0.0375773 -1.144835E-02  1.537836E-02  4.293675E-02  7.129968E-02     0.1005331     0.1306413     0.1614888     0.1887851     0.2119767     0.2344266     0.2518713     0.2647736     0.2762817     0.2860417     0.2937286     0.2991045     0.3020831
     0.3029358     0.2989312     0.2889468     0.2761652     0.2624366     0.2488922     0.2361376      0.212733     0.1756214     0.1405946             0
             0      -0.26042    -0.2898557    -0.3000527    -0.3056299    -0.3097253    -0.3116234    -0.3103343    -0.3072383    -0.3034258    -0.2982208    -0.2900449    -0.2755571    -0.2556616    -0.2336898    -0.2105292    -0.1867412    -0.1626353    -0.1383374    -0.1138339
 -8.898798E-02 -6.353389E-02 -3.709499E-02    -0.0098332  1.825007E-02  4.725813E-02  7.735416E-02     0.1087216     0.1415159     0.1757897     0.2069173     0.2340157     0.2610102     0.2826666     0.2990116     0.3138264     0.3264447     0.3361382     0.3422591     0.3444999
     0.3428536      0.333413     0.3167777     0.2981767     0.2797757     0.2626291     0.2471546     0.2196983     0.1786234     0.1417177             0
             0    -0.2633459    -0.2942991    -0.3057294    -0.3123464    -0.3177203    -0.3210899    -0.3210441    -0.3185323    -0.3148726    -0.3094327    -0.3005694    -0.2846911    -0.2631494    -0.2397157    -0.2153215    -0.1905052     -0.165536     -0.140499    -0.1153429
 -8.989626E-02 -6.385916E-02 -3.681929E-02 -8.914603E-03  1.988691E-02  4.973333E-02  8.084822E-02      0.113498      0.147954     0.1844317       0.21816      0.248065     0.2785754     0.3038279     0.3233705     0.3415828     0.3575105     0.3698743     0.3771669     0.3782217
     0.3731903     0.3578051     0.3352248     0.3120765     0.2903459     0.2707933     0.2535866     0.2236498     0.1802793     0.1423268             0
             0     -0.264848    -0.2966193    -0.3087485    -0.3159832    -0.3221726    -0.3265938    -0.3276202     -0.325741    -0.3222959    -0.3165994    -0.3070509    -0.2900251    -0.2673423    -0.2429987    -0.2178862    -0.1924959    -0.1670578    -0.1416267    -0.1161272
     -0.090367 -6.402706E-02 -3.667551E-02 -8.436837E-03  2.073954E-02  5.102691E-02  8.268366E-02     0.1160258     0.1513978     0.1891273     0.2243995     0.2560589     0.2889345     0.3168817     0.3390866     0.3605464     0.3802803     0.3966278     0.4066681     0.4050032
     0.3949614     0.3734585     0.3461729     0.3199334     0.2961386     0.2751779     0.2569958     0.2257035     0.1811244     0.1426346             0
