 51            10 
             0    -0.2865914    -0.2783073    -0.2716735    -0.2664313    -0.2603773    -0.2535196    -0.2468253    -0.2416785    -0.2373695    -0.2328721    -0.2270193    -0.2183537    -0.2077667    -0.1965452    -0.1847454     -0.172427    -0.1596523    -0.1464907    -0.1330216
    -0.1193222    -0.1053461 -8.933707E-02 -7.336941E-02 -5.750742E-02 -4.181289E-02 -2.634563E-02 -1.116349E-02  3.677935E-03  1.812575E-02  3.037978E-02  4.061151E-02  5.055378E-02  5.858441E-02  6.486785E-02  7.100643E-02     0.0769967  8.283564E-02  8.852068E-02  9.404959E-02
     0.1007634     0.1097435     0.1193617     0.1283335      0.136662     0.1443551     0.1514254     0.1643541     0.1858126     0.2026259             0
             0    -0.2917159    -0.2833744    -0.2766686    -0.2713682    -0.2652447    -0.2582974    -0.2515001    -0.2462636    -0.2418734    -0.2372847    -0.2313044    -0.2224317    -0.2115664     -0.200032    -0.1878956    -0.1752228    -0.1620687    -0.1484979     -0.134593
    -0.1204445    -0.1060331 -8.961277E-02 -7.321643E-02    -0.0569314 -4.082172E-02 -2.494963E-02 -9.375633E-03  5.841493E-03  2.064505E-02  3.318911E-02  4.365354E-02  5.381074E-02  6.200425E-02  6.840882E-02  7.465898E-02  8.075109E-02  8.668202E-02  9.244922E-02  9.805071E-02
     0.1048436      0.113912     0.1235986     0.1326084     0.1409455     0.1486182     0.1556418     0.1684314     0.1893757     0.2052917             0
             0    -0.3694078    -0.3606045    -0.3530003    -0.3467926    -0.3393955    -0.3307521    -0.3220581    -0.3152305    -0.3094372    -0.3033128    -0.2952457    -0.2831005    -0.2679732    -0.2516879    -0.2343596    -0.2161075    -0.1970383    -0.1772728    -0.1569566
    -0.1362444    -0.1151263 -9.105451E-02 -6.703906E-02 -4.323604E-02 -1.977005E-02  3.232928E-03  2.564449E-02  4.733366E-02     0.0681681  8.553591E-02  9.980687E-02      0.113413     0.1241607       0.13243     0.1403607     0.1479451     0.1551773     0.1620532     0.1685711
     0.1762711     0.1861189     0.1959848     0.2045223     0.2118099     0.2179386     0.2230098      0.231249     0.2397989     0.2382863             0
             0    -0.4461546    -0.4408762    -0.4347867    -0.4292691    -0.4220788    -0.4129982    -0.4032317    -0.3952239    -0.3882542    -0.3807156    -0.3705815      -0.35492    -0.3348766    -0.3128827    -0.2891846    -0.2640365    -0.2376606    -0.2102769    -0.1821158
    -0.1533958    -0.1240764 -9.053619E-02 -5.704704E-02 -2.379709E-02  9.058156E-03     0.0413427  7.285132E-02     0.1033432     0.1325398     0.1566801      0.176303     0.1947153      0.208937     0.2196712     0.2297308       0.23909     0.2477296     0.2556382     0.2628124
     0.2708685     0.2802752     0.2883395     0.2939912     0.2975519     0.2993539     0.2997181     0.2981564     0.2861081     0.2639209             0
             0    -0.5083634    -0.5112236    -0.5099088    -0.5073997    -0.5027211    -0.4952932    -0.4859057    -0.4774795    -0.4697804    -0.4611069    -0.4490497    -0.4296803    -0.4040514    -0.3754447    -0.3444399     -0.311583    -0.2773021    -0.2419479    -0.2058207
    -0.1691512    -0.1317889 -8.894322E-02 -4.608228E-02 -3.299284E-03  3.934104E-02  8.172202E-02     0.1236468     0.1648078     0.2047557     0.2381107     0.2652847     0.2906642     0.3099782     0.3242998     0.3373791     0.3491177     0.3594393     0.3682961      0.375674
     0.3830744     0.3897885     0.3925701     0.3914365     0.3873849     0.3812995     0.3739003     0.3575731     0.3212212     0.2807865             0
             0    -0.5556437    -0.5702459    -0.5771474     -0.580435    -0.5813816    -0.5786818    -0.5718401    -0.5640134     -0.556053    -0.5463483    -0.5320647    -0.5078205     -0.474677    -0.4375073    -0.3976041    -0.3559899    -0.3133293    -0.2700449    -0.2264061
    -0.1825424    -0.1380849 -8.708848E-02    -0.0359536  1.547718E-02  6.740283E-02      0.119967     0.1732123     0.2270111      0.280965     0.3276019     0.3665216     0.4035665     0.4319828     0.4529298     0.4716876     0.4878618     0.5011093     0.5111921     0.5180287
     0.5226426     0.5216904     0.5120659     0.4971201     0.4794355     0.4608065     0.4423562     0.4070711     0.3463882     0.2916046             0
             0    -0.5832465     -0.608826    -0.6251207    -0.6359727    -0.6455052    -0.6515287    -0.6508003    -0.6453459    -0.6378248    -0.6269634    -0.6094019    -0.5777373    -0.5342848    -0.4868415    -0.4375818    -0.3878078    -0.3381265    -0.2887697    -0.2397823
    -0.1910667    -0.1419876 -8.575233E-02 -2.925635E-02  2.795102E-02  8.640733E-02      0.146662      0.209259     0.2746866     0.3432618     0.4059296     0.4608549     0.5160118     0.5606323     0.5944682     0.6252421     0.6514884     0.6716123     0.6842149     0.6886491
     0.6848297     0.6645808     0.6298096     0.5917935     0.5549614     0.5212386     0.4912177     0.4384928      0.360362     0.2971362             0
             0    -0.5959207    -0.6277429    -0.6502295    -0.6667364    -0.6838105    -0.6992923    -0.7073176    -0.7062939     -0.700066    -0.6875848    -0.6651796    -0.6241618    -0.5705177    -0.5147471     -0.458986    -0.4041651    -0.3505038    -0.2979201    -0.2462212
    -0.1951257    -0.1438254 -8.509333E-02 -2.603232E-02  3.398329E-02  9.570379E-02     0.1599594     0.2276912     0.2999762     0.3780243     0.4524518     0.5206434     0.5931979     0.6564071     0.7071876     0.7563256      0.800693     0.8355034     0.8544949     0.8523781
     0.8298321     0.7770512     0.7110646     0.6504468     0.5980047     0.5536045     0.5162628     0.4535163     0.3666253     0.2995268             0
             0    -0.6030043     -0.638706    -0.6654014      -0.68612    -0.7095804     -0.734754     -0.754729    -0.7620226    -0.7590565    -0.7431307     -0.712177    -0.6588728    -0.5951232    -0.5325209    -0.4720607    -0.4138869    -0.3577273    -0.3031951    -0.2499024
     -0.197433    -0.1448646 -8.471359E-02 -2.419203E-02  3.743579E-02     0.1010575     0.1676932     0.2385706     0.3152292       0.39967     0.4827007     0.5615054     0.6497314     0.7326067     0.8041425     0.8802127     0.9579312      1.029282       1.07442       1.04643
     0.9778801     0.8729605     0.7713627      0.690072     0.6253204     0.5733091     0.5311077     0.4620852     0.3700834     0.3008236             0
             0    -0.6066511    -0.6444962    -0.6736923    -0.6971418    -0.7253334    -0.7594112    -0.7948316    -0.8186511    -0.8258505    -0.7996649    -0.7520657    -0.6831414    -0.6102728    -0.5427069    -0.4792574     -0.419114    -0.3615561     -0.305966    -0.2518248
    -0.1986333    -0.1454034 -8.451459E-02 -2.323263E-02  3.923913E-02     0.1038658     0.1717779     0.2443776      0.323504     0.4117183     0.5001941     0.5863147     0.6867362      0.787872     0.8824912     0.9963872      1.138694       1.32504      1.583301      1.344988
      1.137834     0.9501731     0.8117748     0.7139729     0.6408233      0.584098     0.5390665     0.4665555     0.3718497     0.3014787             0
