 51            10 
             0    -0.2866782    -0.2783882    -0.2717513    -0.2665077     -0.260453    -0.2535945    -0.2468994    -0.2417519    -0.2374422    -0.2329439    -0.2270897    -0.2184216    -0.2078309    -0.1966053    -0.1848013    -0.1724788    -0.1596987    -0.1465298    -0.1330561
    -0.1194045    -0.1061876 -9.404954E-02    -0.0747393 -5.763323E-02 -4.162975E-02 -2.626317E-02 -1.135362E-02  3.150742E-03  1.724503E-02  2.919337E-02  3.916935E-02  4.886347E-02  5.669387E-02  6.282059E-02  6.880586E-02  7.464629E-02  8.033906E-02  8.588191E-02  9.127323E-02
  9.782175E-02     0.1065876     0.1159884      0.124769     0.1329272     0.1404623     0.1473827     0.1600229     0.1808522     0.1946885             0
             0    -0.2918302    -0.2834832    -0.2767712    -0.2714698    -0.2653499    -0.2584067    -0.2516123    -0.2463774    -0.2419881    -0.2373996    -0.2314186    -0.2225423    -0.2116694    -0.2001248    -0.1879806    -0.1753061    -0.1621477    -0.1485662    -0.1346481
    -0.1205328    -0.1068748 -9.036496E-02    -0.0737562 -5.754528E-02    -0.0415117 -2.570689E-02    -0.0101819  5.010656E-03  1.981551E-02     0.0323812  4.287495E-02  5.306959E-02     0.0612983  6.773175E-02  7.401036E-02  8.012941E-02  8.608492E-02  9.187381E-02  9.749474E-02
     0.1043139     0.1134567     0.1232615     0.1324309     0.1409525     0.1487864     0.1559549     0.1690129     0.1904197     0.2066586             0
             0    -0.3695583    -0.3607534    -0.3531452    -0.3469384    -0.3395476    -0.3309113    -0.3222226     -0.315398    -0.3096064    -0.3034827    -0.2954149    -0.2832645    -0.2681253    -0.2518239    -0.2344825    -0.2162262    -0.1971495    -0.1773677    -0.1570325
    -0.1363709     -0.116362 -9.218734E-02 -6.788477E-02    -0.0442189 -2.089625E-02  1.974728E-03     0.0242812  4.590283E-02     0.0667109  8.408982E-02  9.838952E-02     0.1120404     0.1228352     0.1311456     0.1391194     0.1467476     0.1540231     0.1609412     0.1675003
     0.1752558     0.1852253     0.1952759     0.2040389     0.2115822     0.2179455     0.2232338      0.231878     0.2411085     0.2398594             0
             0    -0.4463671    -0.4411118    -0.4350358    -0.4295295    -0.4223564     -0.413293    -0.4035392     -0.395538    -0.3885718    -0.3810344    -0.3708984    -0.3552258    -0.3351576    -0.3131306    -0.2894023    -0.2642379    -0.2378433    -0.2104318    -0.1822428
    -0.1535989     -0.125846 -9.226216E-02 -5.846394E-02 -2.549584E-02  7.066506E-03     0.0390712  7.033582E-02      0.100637     0.1297052     0.1537891     0.1733983     0.1918291     0.2060896     0.2168654     0.2269753      0.236392     0.2450947     0.2530707     0.2603165
     0.2684708      0.278066     0.2864248     0.2924117      0.296362     0.2985515     0.2992893      0.298433     0.2875278     0.2656772             0
             0    -0.5086635    -0.5116192    -0.5103753    -0.5079148    -0.5032911    -0.4959167    -0.4865662    -0.4781576    -0.4704662    -0.4617935    -0.4497274    -0.4303245    -0.4046291    -0.3759401    -0.3448554    -0.3119441    -0.2776136    -0.2422055    -0.2060319
    -0.1694598     -0.134119 -9.132537E-02 -4.817202E-02 -5.853352E-03  3.630133E-02  7.820486E-02     0.1196917     0.1604824     0.2001481     0.2333447      0.260443     0.2858061     0.3051518     0.3195194     0.3326615     0.3444758     0.3548821     0.3638291     0.3713005
     0.3788225     0.3857371     0.3888867     0.3881635     0.3846496     0.3791584     0.3723592     0.3571795     0.3225957     0.2826522             0
             0    -0.5560488    -0.5708894    -0.5779986     -0.581436    -0.5825521    -0.5800247    -0.5733057    -0.5655333    -0.5575927    -0.5478814    -0.5335567    -0.5091943    -0.4758541    -0.4384685    -0.3983642    -0.3566065    -0.3138308    -0.2704432    -0.2267248
    -0.1829672     -0.140926 -9.007095E-02 -3.866576E-02  1.213033E-02  6.338782E-02     0.1152875     0.1679183     0.2212044     0.2748002     0.3213041      0.360246     0.3974548     0.4261123     0.4472903     0.4662964     0.4827096     0.4961587     0.5063809     0.5132806
     0.5178787     0.5167463     0.5071481     0.4923295     0.4751318     0.4572281     0.4395914     0.4059258     0.3476573      0.293533             0
             0     -0.583739    -0.6097347    -0.6264543    -0.6376495    -0.6476153    -0.6541465    -0.6538519    -0.6486176    -0.6411718    -0.6302512    -0.6124851    -0.5803876    -0.5363861    -0.4884413    -0.4387648    -0.3887067    -0.3388189    -0.2892987    -0.2401934
    -0.1915797    -0.1451649 -8.912294E-02 -3.236621E-02  2.410159E-02  8.178045E-02     0.1412703     0.2031893     0.2681294     0.3365491     0.3995383     0.4551456     0.5114726     0.5574883     0.5926111      0.624748     0.6522743      0.673376     0.6864196     0.6906166
     0.6857732     0.6631721      0.626404     0.5870736     0.5500275     0.5168254     0.4876538     0.4368204     0.3615449     0.2990936             0
             0    -0.5964601    -0.6288157    -0.6519019    -0.6689412     -0.686776    -0.7033467    -0.7126926    -0.7126911    -0.7069402    -0.6939986    -0.6705863     -0.628244    -0.5734566    -0.5168435    -0.4604625    -0.4052435    -0.3513098    -0.2985227    -0.2466822
    -0.1956838    -0.1471644 -8.864838E-02 -2.932927E-02  2.989927E-02  9.079523E-02     0.1542503     0.2213052      0.293193      0.371373     0.4467331     0.5165601     0.5919221     0.6587309     0.7131064     0.7664461     0.8152395     0.8538705     0.8747025     0.8709906
     0.8438191     0.7831105     0.7110698     0.6468649     0.5931796     0.5489329     0.5123627     0.4515913     0.3677647     0.3014961             0
             0     -0.603572    -0.6398856    -0.6673135    -0.6887333    -0.7133231    -0.7405301    -0.7642836    -0.7766317    -0.7777208    -0.7577564    -0.7217622    -0.6646711    -0.5988241    -0.5350021    -0.4737443    -0.4150843    -0.3586055    -0.3038433    -0.2503935
    -0.1980176    -0.1482958    -0.0883732 -2.759443E-02  3.322022E-02  9.599253E-02     0.1618123      0.232026     0.3083734     0.3932037     0.4777406      0.559154     0.6520644     0.7415081     0.8202583     0.9058819     0.9955103      1.079931      1.134722      1.097552
      1.012879     0.8888783     0.7753325     0.6878316     0.6207845     0.5685627     0.5270398     0.4600176     0.3711975     0.3027993             0
             0     -0.607234     -0.645737    -0.6757523    -0.7000346    -0.7297353     -0.767327    -0.8131896    -0.8623554     -0.909679    -0.8433853    -0.7704529    -0.6910748    -0.6146221    -0.5454525    -0.4810687    -0.4203806    -0.3624749    -0.3066393    -0.2523322
    -0.1992319    -0.1488827 -8.822846E-02 -2.668952E-02  3.495583E-02  9.872087E-02      0.165811     0.2377595     0.3166356     0.4054213     0.4958329     0.5853583        0.6922     0.8031767     0.9098024      1.042185      1.213613      1.448334      1.806213      1.469796
      1.204598     0.9770405     0.8193901     0.7128779     0.6365658       0.57935     0.5349227     0.4644142     0.3729505     0.3034576             0
