 51            10 
             0    -0.2889555    -0.2808338    -0.2745071    -0.2693899    -0.2633903    -0.2566917    -0.2502401     -0.245329    -0.2412448    -0.2370106     -0.231538    -0.2235204    -0.2136998    -0.2028997    -0.1906275    -0.1773252    -0.1641866    -0.1505271    -0.1363378
    -0.1221741    -0.1080753 -9.343582E-02 -7.834882E-02    -0.0635782 -4.843609E-02 -3.302523E-02 -1.821632E-02 -3.290577E-03  1.167319E-02     0.0240819  3.427104E-02  4.399183E-02  5.167297E-02  5.757561E-02     0.0636205  6.978785E-02  7.566862E-02  8.124923E-02  8.694508E-02
  9.419433E-02     0.1034297     0.1134853     0.1229818     0.1310917     0.1397661     0.1487274     0.1640861     0.1874019     0.2053737             0
             0    -0.2934858    -0.2852564    -0.2788072    -0.2735954    -0.2674881    -0.2606467    -0.2540312      -0.24898    -0.2447711    -0.2403996      -0.23474    -0.2264321    -0.2162531    -0.2050838    -0.1924861    -0.1789165    -0.1654834    -0.1514781    -0.1368998
    -0.1222947    -0.1077082 -9.257264E-02 -7.700956E-02 -6.176759E-02 -4.619155E-02 -3.040334E-02 -1.523177E-02    5.6915E-05  1.536552E-02  2.808425E-02  3.855064E-02  4.855771E-02  5.647478E-02  6.255361E-02  6.875717E-02  7.505792E-02  8.105122E-02  8.672952E-02     0.0925132
  9.984283E-02     0.1091742     0.1193284     0.1288782     0.1370294     0.1455962     0.1541667     0.1687409     0.1910961     0.2081202             0
             0    -0.3717599     -0.363242    -0.3560556    -0.3500434    -0.3427667    -0.3343518    -0.3259633      -0.31942    -0.3138939    -0.3080809    -0.3004641    -0.2890959    -0.2748936    -0.2590601    -0.2409819    -0.2213353    -0.2018431    -0.1814525    -0.1601707
    -0.1388133    -0.1174695 -9.533194E-02 -7.260014E-02 -5.039312E-02 -2.778685E-02 -4.986371E-03  1.677373E-02  3.849907E-02  6.001199E-02  7.762735E-02     0.0919299      0.105389     0.1158393      0.123749     0.1316917     0.1396318     0.1470515     0.1539435     0.1608094
     0.1693268     0.1797841     0.1905241     0.2000396     0.2076051     0.2148615     0.2215646     0.2318965     0.2428108     0.2417627             0
             0    -0.4500624    -0.4459212    -0.4408783    -0.4360507    -0.4295162    -0.4211634    -0.4120771    -0.4045787    -0.3980325    -0.3909383    -0.3813939    -0.3666592    -0.3475977    -0.3258335    -0.3006261    -0.2730295      -0.24574    -0.2172506    -0.1875801
    -0.1578701    -0.1282363 -9.754193E-02 -6.604041E-02 -3.526001E-02 -3.903131E-03  2.774782E-02  5.796445E-02  8.810276E-02     0.1178418     0.1420112     0.1614533      0.179505     0.1932627     0.2035114     0.2136046      0.223487     0.2324948     0.2406188     0.2484325
     0.2577783     0.2685262     0.2783628     0.2859635     0.2909654     0.2944757     0.2966433     0.2978965      0.289961     0.2679589             0
             0    -0.5148711    -0.5213236    -0.5230311    -0.5228428    -0.5206341    -0.5155996    -0.5080253    -0.5006644     -0.493681    -0.4855877    -0.4741025    -0.4552952    -0.4297864    -0.4000407     -0.365456    -0.3277862    -0.2911873    -0.2535614    -0.2148717
    -0.1765331    -0.1385835 -9.945302E-02 -5.933675E-02 -2.005475E-02  2.017328E-02  6.107995E-02     0.1005101     0.1402729     0.1798826     0.2122988     0.2384104     0.2625595     0.2807481     0.2941101     0.3070035     0.3193116      0.330152     0.3394944     0.3479582
     0.3574069     0.3668743     0.3732409      0.375978     0.3756623     0.3725148     0.3673507     0.3552197     0.3253533     0.2851844             0
             0    -0.5655044    -0.5886021    -0.6033103    -0.6132238    -0.6218264       -0.6267    -0.6253256    -0.6202031    -0.6136156    -0.6044542    -0.5898873    -0.5636852     -0.526667    -0.4837845    -0.4352107    -0.3838553    -0.3358223    -0.2880124    -0.2400485
    -0.1934059    -0.1478342     -0.101197 -5.347614E-02 -6.597019E-03  4.181587E-02  9.167114E-02     0.1405941     0.1910834     0.2426444     0.2860108     0.3216245     0.3550721     0.3804312      0.398976      0.416592      0.432937     0.4466273     0.4574987     0.4661404
      0.474171     0.4789338     0.4766957     0.4693621     0.4595701     0.4461913     0.4308523     0.4019573     0.3504744     0.2962236             0
             0    -0.5959978    -0.6362367    -0.6681045    -0.6936778     -0.722203    -0.7493442    -0.7654821    -0.7681407    -0.7638075    -0.7523636    -0.7299939    -0.6863122    -0.6268486    -0.5629814    -0.4958107    -0.4288369    -0.3694221    -0.3126948    -0.2574139
    -0.2047478    -0.1539769    -0.1024082 -4.974544E-02  2.140735E-03  5.615959E-02     0.1125088     0.1689014     0.2287529     0.2920412     0.3477918     0.3955329      0.442509     0.4798411     0.5078474      0.534839     0.5596825     0.5794146     0.5929577     0.6003383
     0.6024499     0.5939679     0.5737015      0.549268     0.5261309     0.5008113     0.4750506      0.431069     0.3643078     0.3018638             0
             0    -0.6102422    -0.6608149    -0.7051899    -0.7441444    -0.7931882    -0.8495283    -0.8970261    -0.9181343    -0.9203373    -0.9024925     -0.861866    -0.7872089    -0.6988323    -0.6140102    -0.5316604     -0.453689    -0.3870979    -0.3252413    -0.2660287
    -0.2102872    -0.1569546    -0.1030074 -4.797576E-02  6.328883E-03  6.311437E-02     0.1227784     0.1831805     0.2484226     0.3191002     0.3836982     0.4412615     0.5010071     0.5519477     0.5923718     0.6338103     0.6739559     0.7064025     0.7260685     0.7284951
     0.7154185     0.6826113     0.6391684     0.5975708     0.5633889     0.5297301     0.4974319     0.4448646     0.3704844     0.3043005             0
             0    -0.6182773    -0.6754798    -0.7288607    -0.7786319    -0.8469577    -0.9376457     -1.037133     -1.105332     -1.134595     -1.089828     -1.002309    -0.8760732    -0.7536836    -0.6493145    -0.5549071    -0.4690793     -0.397714    -0.3326262    -0.2710302
    -0.2134757    -0.1586616    -0.1033541 -4.697235E-02  8.716281E-03  6.710314E-02      0.128721     0.1915527     0.2601956     0.3357993     0.4068066     0.4721812      0.543429     0.6088886     0.6647762     0.7279724     0.7968083     0.8613467     0.9053986     0.8859565
      0.832664      0.758273     0.6875167     0.6298525      0.586826     0.5472454     0.5106198     0.4526986     0.3738882      0.305622             0
             0    -0.6224401    -0.6833928    -0.7423763    -0.7996737    -0.8837373     -1.010791     -1.194787     -1.408005     -1.660925     -1.392602     -1.160213    -0.9498032    -0.7913144    -0.6710295    -0.5683236    -0.4776119     -0.403457     -0.336561     -0.273669
    -0.2151479    -0.1595542    -0.1035365 -4.645136E-02  9.960232E-03  6.919008E-02     0.1318495     0.1960022     0.2665509     0.3450405     0.4200843     0.4908389     0.5710852     0.6502077     0.7236524     0.8182751     0.9435882      1.110412      1.349305      1.144506
     0.9642969     0.8200576     0.7200537     0.6492194      0.600053     0.5568072     0.5176636     0.4567738     0.3756246     0.3062896             0
