 51            10 
             0 -1.203226E-03 -1.135701E-03 -1.084512E-03 -1.044711E-03 -9.993463E-04 -9.485488E-04  -8.99479E-04  -8.62022E-04  -8.30801E-04 -7.983483E-04 -7.562736E-04 -6.942854E-04 -6.189334E-04  -5.39306E-04 -4.556504E-04 -3.682265E-04 -2.773064E-04 -1.831728E-04 -8.611775E-05
  1.355834E-05  1.155483E-04  2.195395E-04  3.252154E-04  4.322568E-04  5.403437E-04  6.491565E-04  7.583775E-04  8.676926E-04  9.767923E-04     0.0010718  1.152798E-03  1.233236E-03  1.299702E-03  1.352529E-03  1.404977E-03  1.457014E-03  1.508605E-03   1.55972E-03  1.610328E-03
  1.672916E-03   1.75903E-03  1.854949E-03  1.948156E-03  2.038451E-03  2.125644E-03  2.209561E-03  2.370518E-03   2.68221E-03  3.032526E-03             0
             0 -1.206563E-03 -1.138874E-03 -1.087557E-03 -1.047655E-03 -1.002173E-03 -9.512435E-04 -9.020447E-04 -8.644887E-04 -8.331847E-04 -8.006454E-04 -7.584582E-04 -6.963034E-04 -6.207481E-04 -5.409054E-04 -4.570234E-04 -3.693633E-04 -2.781984E-04 -1.838127E-04 -8.649988E-05
   1.34381E-05  1.156924E-04  2.199487E-04  3.258887E-04  4.331915E-04  5.415351E-04  6.505985E-04  7.600622E-04  8.696104E-04  9.789321E-04  1.074124E-03  1.155272E-03  1.235852E-03  1.302428E-03  1.355341E-03  1.407871E-03  1.459984E-03  1.511649E-03  1.562834E-03  1.613507E-03
  1.676171E-03  1.762381E-03  1.858393E-03  1.951678E-03  2.042035E-03  2.129277E-03  2.213228E-03  2.374229E-03  2.685882E-03  3.035909E-03             0
             0 -1.257842E-03 -1.187656E-03 -1.134377E-03 -1.092927E-03 -1.045658E-03 -9.927022E-04 -9.415252E-04 -9.024481E-04 -8.698708E-04 -8.360025E-04  -7.92086E-04 -7.273711E-04 -6.486881E-04 -5.655295E-04 -4.781592E-04 -3.868562E-04 -2.919136E-04 -1.936372E-04 -9.234381E-05
  1.164002E-05  1.179796E-04   2.26334E-04  3.363575E-04  4.477015E-04  5.600168E-04  6.729548E-04    7.8617E-04  8.993215E-04  1.012075E-03  1.110101E-03   1.19356E-03  1.276326E-03  1.344616E-03  1.398839E-03  1.452618E-03  1.505918E-03  1.558707E-03  1.610951E-03   1.66262E-03
  1.726448E-03  1.814119E-03  1.911548E-03  2.006001E-03  2.097289E-03  2.185236E-03  2.269682E-03  2.431285E-03  2.742166E-03  3.087576E-03             0
             0 -1.294729E-03  -1.22288E-03 -1.168267E-03 -1.125752E-03 -1.077242E-03 -1.022867E-03 -9.702919E-04 -9.301332E-04 -8.966468E-04 -8.618262E-04 -8.166658E-04 -7.501001E-04 -6.691415E-04 -5.835567E-04  -4.93621E-04 -3.996269E-04 -3.018827E-04 -2.007104E-04 -9.644494E-05
  1.056809E-05  1.199739E-04  2.314106E-04  3.445107E-04  4.589036E-04  5.742172E-04  6.900806E-04  8.061257E-04    9.2199E-04  1.037318E-03  1.137459E-03  1.222635E-03  1.307014E-03  1.376556E-03  1.431732E-03  1.486411E-03   1.54056E-03  1.594144E-03   1.64713E-03  1.699486E-03
  1.764107E-03  1.852747E-03  1.951073E-03  2.046221E-03  2.138012E-03  2.226284E-03  2.310893E-03  2.472528E-03  2.781974E-03  3.123164E-03             0
             0 -1.317669E-03  -1.24487E-03 -1.189473E-03 -1.146328E-03 -1.097075E-03 -1.041842E-03  -9.88413E-04 -9.475899E-04 -9.135428E-04 -8.781325E-04 -8.321993E-04 -7.644778E-04 -6.820902E-04 -5.949741E-04 -5.034129E-04 -4.077079E-04 -3.081771E-04 -2.051536E-04 -9.898395E-05
  9.973976E-06  1.213526E-04  2.347764E-04   3.49864E-04  4.662302E-04   5.83488E-04  7.012511E-04  8.191358E-04  9.367637E-04  1.053764E-03  1.155275E-03  1.241558E-03  1.326973E-03  1.397315E-03  1.453094E-03  1.508341E-03  1.563019E-03  1.617095E-03  1.670535E-03  1.723307E-03
  1.788398E-03  1.877598E-03  1.976414E-03  2.071913E-03  2.163924E-03  2.252297E-03  2.336901E-03   2.49834E-03   2.80646E-03  3.144654E-03             0
             0 -1.331826E-03 -1.258485E-03 -1.202632E-03 -1.159115E-03 -1.109419E-03 -1.053669E-03 -9.997231E-04 -9.584943E-04 -9.241035E-04 -8.883306E-04 -8.419206E-04  -7.73483E-04 -6.902055E-04 -6.021325E-04 -5.095523E-04 -4.127724E-04 -3.121175E-04 -2.079277E-04 -1.005567E-04
  9.629778E-06  1.222563E-04  2.369392E-04  3.532885E-04    4.7091E-04  5.894076E-04  7.083847E-04  8.274476E-04  9.462071E-04  1.064282E-03  1.166672E-03  1.253665E-03  1.339742E-03  1.410592E-03  1.466753E-03  1.522357E-03  1.577366E-03  1.631746E-03  1.685463E-03  1.738485E-03
  1.803857E-03  1.893378E-03  1.992461E-03   2.08813E-03  2.180226E-03  2.268607E-03  2.353152E-03  2.514362E-03  2.821465E-03  3.157661E-03             0
             0 -1.338882E-03 -1.265289E-03 -1.209219E-03 -1.165524E-03 -1.115615E-03 -1.059613E-03 -1.005413E-03 -9.639836E-04 -9.294225E-04 -8.934693E-04 -8.468214E-04 -7.780252E-04 -6.943005E-04 -6.057452E-04 -5.126506E-04 -4.153276E-04 -3.141042E-04 -2.093243E-04 -1.013453E-04
  9.463538E-06  1.227227E-04  2.380446E-04  3.550353E-04  4.732962E-04  5.924264E-04  7.120248E-04  8.316922E-04   9.51034E-04  1.069662E-03  1.172508E-03  1.259868E-03  1.346286E-03  1.417397E-03  1.473753E-03  1.529539E-03  1.584716E-03  1.639249E-03  1.693104E-03  1.746249E-03
  1.811755E-03  1.901427E-03  2.000625E-03   2.09636E-03  2.188475E-03  2.276838E-03  2.361332E-03  2.522385E-03  2.828911E-03  3.164065E-03             0
             0 -1.341899E-03 -1.268201E-03 -1.212041E-03 -1.168272E-03 -1.118272E-03 -1.062165E-03 -1.007856E-03 -9.663415E-04 -9.317077E-04 -8.956774E-04 -8.489279E-04  -7.79978E-04 -6.960612E-04 -6.072986E-04 -5.139828E-04  -4.16426E-04  -3.14958E-04 -2.099242E-04 -1.016834E-04
  9.393277E-06  1.229249E-04  2.385222E-04  3.557893E-04  4.743261E-04  5.937297E-04  7.135968E-04  8.335262E-04  9.531206E-04   1.07199E-03  1.175033E-03  1.262553E-03  1.349119E-03  1.420344E-03  1.476786E-03   1.53265E-03     0.0015879  1.642498E-03  1.696412E-03  1.749609E-03
  1.815172E-03  1.904905E-03  2.004149E-03  2.099907E-03  2.192027E-03  2.280377E-03  2.364844E-03  2.525822E-03  2.832089E-03  3.166788E-03             0
             0 -1.343527E-03 -1.269774E-03 -1.213566E-03 -1.169756E-03 -1.119708E-03 -1.063544E-03 -1.009178E-03  -9.67617E-04 -9.329442E-04 -8.968723E-04 -8.500678E-04 -7.810349E-04 -6.970142E-04 -6.081393E-04 -5.147037E-04 -4.170205E-04   -3.1542E-04 -2.102486E-04 -1.018662E-04
  9.355543E-06  1.230347E-04  2.387811E-04  3.561981E-04  4.748845E-04  5.944363E-04  7.144494E-04   8.34521E-04  9.542528E-04  1.073253E-03  1.176404E-03  1.264011E-03  1.350659E-03  1.421946E-03  1.478434E-03  1.534341E-03  1.589629E-03  1.644264E-03  1.698209E-03  1.751434E-03
  1.817027E-03  1.906793E-03  2.006061E-03   2.10183E-03   2.19395E-03  2.282292E-03  2.366744E-03  2.527679E-03  2.833802E-03  3.168255E-03             0
             0 -1.344347E-03 -1.270566E-03 -1.214334E-03 -1.170505E-03 -1.120433E-03  -1.06424E-03 -1.009844E-03 -9.682604E-04 -9.335678E-04 -8.974751E-04 -8.506429E-04 -7.815681E-04  -6.97495E-04 -6.085635E-04 -5.150675E-04 -4.173203E-04 -3.156531E-04 -2.104123E-04 -1.019583E-04
  9.336591E-06  1.230902E-04  2.389119E-04  3.564045E-04  4.751665E-04  5.947932E-04  7.148799E-04  8.350235E-04  9.548248E-04  1.073891E-03  1.177097E-03  1.264748E-03  1.351437E-03  1.422755E-03  1.479267E-03  1.535196E-03  1.590504E-03  1.645157E-03  1.699118E-03  1.752357E-03
  1.817965E-03  1.907747E-03  2.007026E-03  2.102801E-03  2.194921E-03  2.283258E-03  2.367702E-03  2.528614E-03  2.834664E-03  3.168992E-03             0
