 51            10 
             0 -3.331436E-02 -3.234704E-02 -3.154466E-02 -3.090397E-02 -3.015885E-02 -2.931139E-02 -2.848272E-02 -2.784547E-02 -2.731207E-02 -2.675553E-02 -2.603161E-02 -2.496054E-02 -2.365282E-02 -2.226651E-02 -2.080704E-02 -1.928015E-02 -1.769193E-02    -0.0160487 -1.435706E-02
 -1.262379E-02    -0.0108559 -9.060618E-03 -7.245427E-03 -5.417896E-03 -3.585572E-03 -1.755881E-03  6.394654E-05  1.866938E-03  3.646438E-03   5.17744E-03  6.470078E-03  7.740723E-03  8.779437E-03  9.598901E-03  1.040628E-02  1.120104E-02  1.198266E-02  1.275067E-02  1.350462E-02
  1.442897E-02  1.568382E-02     0.0170558  1.836351E-02  1.960525E-02  2.077983E-02  2.188644E-02  2.396294E-02  2.771125E-02  3.126475E-02             0
             0 -3.356118E-02 -3.258652E-02 -3.177731E-02 -3.113093E-02    -0.0303789 -2.952329E-02 -2.868637E-02 -2.804263E-02    -0.0275037 -2.694134E-02 -2.620972E-02 -2.512705E-02 -2.380486E-02 -2.240291E-02 -2.092672E-02 -1.938212E-02    -0.0177753 -1.611272E-02 -1.440109E-02
 -1.264735E-02 -1.085868E-02 -9.042464E-03 -7.206353E-03 -5.358103E-03 -3.505443E-03 -1.655984E-03  1.828585E-04  2.003937E-03   3.80043E-03  5.345208E-03  6.648884E-03  7.929749E-03  8.976259E-03  9.801565E-03  1.061438E-02  1.141417E-02     0.0122004     0.0129726  1.373032E-02
  1.465886E-02  1.591848E-02  1.729431E-02     0.0186043  1.984689E-02  2.102098E-02     0.0221259  2.419691E-02     0.0279226  3.143074E-02             0
             0 -3.740681E-02 -3.632479E-02 -3.541315E-02 -3.468041E-02 -3.382297E-02 -3.284214E-02 -3.187783E-02 -3.113344E-02 -3.050883E-02 -2.985563E-02 -2.900407E-02 -2.774022E-02 -2.619126E-02    -0.0245438 -2.280454E-02 -2.098083E-02 -1.908054E-02 -1.711207E-02 -1.508425E-02
 -1.300629E-02    -0.0108878  -8.73882E-03 -6.569808E-03 -4.391479E-03  -2.21459E-03 -4.980639E-05  2.092428E-03  4.202011E-03  6.269303E-03  8.033252E-03  9.512214E-03  1.095491E-02  1.212446E-02  1.304165E-02  1.393968E-02  1.481788E-02  1.567565E-02  1.651246E-02  1.732785E-02
  1.831983E-02  1.965029E-02  2.108043E-02  2.241943E-02  2.366746E-02     0.0248255  2.589523E-02  2.786254E-02  3.119915E-02  3.397103E-02             0
             0 -4.049806E-02 -3.937745E-02 -3.841088E-02    -0.0376266 -3.670087E-02 -3.563339E-02 -3.457607E-02 -3.375566E-02 -3.306505E-02 -3.234061E-02 -3.139345E-02 -2.998206E-02 -2.824408E-02 -2.638813E-02 -2.442225E-02 -2.235533E-02 -2.019704E-02 -1.795762E-02 -1.564788E-02
 -1.327907E-02 -1.086294E-02 -8.411764E-03 -5.938521E-03 -3.456609E-03 -9.796656E-04  1.478576E-03  3.904415E-03  6.284331E-03  8.605163E-03  1.057318E-02  1.221397E-02  1.380407E-02  1.508345E-02  1.608121E-02  1.705226E-02  1.799574E-02  1.891092E-02  1.979718E-02  2.065407E-02
  2.168802E-02  2.305685E-02  2.450115E-02  2.582702E-02  2.703766E-02  2.813742E-02  2.913153E-02  3.091994E-02  3.375786E-02  3.580502E-02             0
             0 -4.258763E-02 -4.148139E-02 -4.050172E-02 -3.969844E-02 -3.874115E-02 -3.762742E-02 -3.651521E-02 -3.564734E-02 -3.491423E-02    -0.0341427 -3.313092E-02 -3.161707E-02 -2.974433E-02 -2.773716E-02 -2.560515E-02 -2.335891E-02 -2.100976E-02 -1.856958E-02 -1.605061E-02
 -1.346542E-02 -1.082701E-02 -8.148899E-03 -5.445458E-03 -2.731649E-03 -2.290436E-05  2.664923E-03  5.315604E-03  7.912613E-03  1.043928E-02  1.257409E-02  1.434719E-02  1.605714E-02  1.742456E-02  1.848589E-02  1.951324E-02  2.050543E-02  2.146149E-02  2.238067E-02  2.326248E-02
  2.431769E-02  2.569609E-02  2.712282E-02  2.840636E-02  2.955426E-02  3.057539E-02  3.147923E-02  3.307148E-02  3.545077E-02  3.694722E-02             0
             0 -4.395624E-02 -4.288787E-02 -4.191788E-02 -4.111458E-02 -4.014837E-02 -3.901435E-02 -3.787249E-02 -3.697639E-02 -3.621678E-02 -3.541476E-02 -3.435988E-02 -3.277542E-02 -3.080731E-02 -2.869182E-02 -2.644043E-02 -2.406556E-02 -2.158015E-02 -1.899733E-02 -1.633028E-02
 -1.359226E-02 -1.079669E-02 -7.957483E-03 -5.089421E-03 -2.207964E-03  6.707786E-04  3.529971E-03  6.351944E-03  9.118092E-03  1.180886E-02  1.407949E-02  1.596166E-02  1.777109E-02  1.921143E-02  2.032491E-02  2.139759E-02  2.242773E-02  2.341396E-02  2.435528E-02  2.525112E-02
  2.631387E-02  2.768285E-02  2.907209E-02  3.029703E-02  3.137112E-02  3.230856E-02  3.312329E-02     0.0345333  3.654223E-02  3.765238E-02             0
             0 -4.466683E-02 -4.363244E-02    -0.0426779 -4.188215E-02 -4.091893E-02 -3.978121E-02 -3.862831E-02    -0.0377194 -3.694673E-02 -3.612879E-02 -3.505047E-02 -3.342605E-02 -3.140271E-02 -2.922432E-02 -2.690411E-02 -2.445598E-02 -2.189391E-02    -0.0192317 -1.648292E-02
 -1.366095E-02 -1.077919E-02 -7.851417E-03 -4.892275E-03 -1.917077E-03  1.058158E-03  4.016559E-03  6.940175E-03  9.809706E-03  1.260425E-02  1.496404E-02  1.691982E-02  1.879808E-02  2.028977E-02  2.144009E-02  2.254455E-02  2.360065E-02  2.460635E-02  2.556023E-02  2.646156E-02
  2.752261E-02  2.887271E-02  3.022063E-02  3.139132E-02  3.240409E-02  3.327755E-02  3.402857E-02  3.531542E-02  3.710252E-02  3.800387E-02             0
             0 -4.497601E-02 -4.395962E-02 -4.301445E-02 -4.222409E-02 -4.126449E-02 -4.012746E-02 -3.897136E-02 -3.805757E-02 -3.727945E-02 -3.645448E-02 -3.536541E-02 -3.372219E-02 -3.167273E-02 -2.946481E-02 -2.711271E-02 -2.463101E-02 -2.203417E-02 -1.933624E-02 -1.655088E-02
 -1.369146E-02    -0.0107713 -7.804045E-03 -4.804172E-03 -1.786837E-03  1.232105E-03  4.235919E-03  7.206715E-03  1.012511E-02  1.296985E-02  1.537404E-02  1.736745E-02  1.928193E-02  2.080148E-02  2.197216E-02  2.309438E-02  2.416497E-02  2.518123E-02  2.614124E-02     0.0270441
  2.810154E-02  2.943679E-02  3.075773E-02  3.189632E-02     0.0328752  3.371504E-02  3.443391E-02     0.0356605  3.734508E-02  3.815411E-02             0
             0 -4.514429E-02    -0.0441386 -4.319933E-02 -4.241258E-02 -4.145576E-02 -4.031999E-02 -3.916286E-02 -3.824671E-02 -3.746573E-02 -3.663686E-02 -3.554167E-02 -3.388758E-02 -3.182305E-02 -2.959831E-02    -0.0272282 -2.472772E-02 -2.211154E-02 -1.939383E-02 -1.658829E-02
 -1.370825E-02 -1.076695E-02 -7.777949E-03 -4.755617E-03 -1.714986E-03  1.328214E-03  4.357372E-03  7.354694E-03  1.030083E-02  1.317447E-02     0.0156047  1.762058E-02  1.955721E-02  2.109429E-02  2.227805E-02  2.341195E-02  2.449223E-02  2.551554E-02  2.647936E-02  2.738249E-02
  2.843626E-02  2.975992E-02  3.106223E-02  3.218008E-02  3.313802E-02  3.395772E-02  3.465774E-02     0.0358496  3.747677E-02     0.0382352             0
             0 -4.522947E-02    -0.0442295 -4.329351E-02 -4.250883E-02 -4.155374E-02 -4.041902E-02 -3.926171E-02 -3.834457E-02    -0.0375622    -0.0367313 -3.563284E-02 -3.397289E-02 -3.190036E-02 -2.966679E-02 -2.728733E-02 -2.477716E-02 -2.215105E-02 -1.942321E-02 -1.660736E-02
    -0.0137168 -1.076473E-02 -7.764642E-03 -4.730849E-03  -1.67831E-03  1.377322E-03  4.419514E-03  7.430549E-03  1.039113E-02  1.327996E-02  1.572408E-02  1.775214E-02  1.970105E-02  2.124817E-02  2.243964E-02  2.358067E-02  2.466711E-02  2.569508E-02  2.666134E-02  2.756408E-02
  2.861457E-02  2.993014E-02  3.122099E-02  3.232693E-02  3.327328E-02  3.408211E-02  3.477211E-02  3.594573E-02  3.754334E-02  3.827603E-02             0
