 51            10 
             0    -0.2869128    -0.2786094    -0.2719631    -0.2667166    -0.2606637    -0.2538079    -0.2471142     -0.241967    -0.2376569    -0.2331574    -0.2273004    -0.2186253    -0.2080223     -0.196781    -0.1849625    -0.1726282    -0.1598268    -0.1466123    -0.1330396
    -0.1191412    -0.1048402 -8.950778E-02     -0.074108 -5.870487E-02 -4.337285E-02 -2.817769E-02 -1.317085E-02  1.595714E-03  1.606708E-02  2.842281E-02  3.879133E-02  4.891873E-02  5.714386E-02  6.360503E-02  6.994471E-02  7.616214E-02  8.225854E-02  8.823639E-02  9.409893E-02
     0.1012874     0.1106387     0.1205309     0.1296457     0.1379511     0.1457431      0.152992     0.1663759     0.1889147     0.2067329             0
             0    -0.2922426    -0.2838919    -0.2771343    -0.2718261     -0.265757    -0.2588548    -0.2520907    -0.2468757    -0.2425005    -0.2379225    -0.2319472    -0.2230542    -0.2121391    -0.2005184    -0.1883185    -0.1756826    -0.1625233    -0.1488791    -0.1348139
    -0.1203872    -0.1055771 -8.998464E-02 -7.421851E-02    -0.0583912 -4.268223E-02 -2.718817E-02 -1.187945E-02  3.205289E-03  1.799726E-02  3.061125E-02  4.117808E-02  5.147556E-02  5.981241E-02  6.633841E-02  7.270341E-02  7.890287E-02  8.495402E-02  9.086981E-02  9.666335E-02
     0.1037742     0.1131191     0.1231005     0.1324076     0.1409502     0.1489161     0.1562508     0.1696813     0.1917321     0.2085086             0
             0    -0.3701145    -0.3613375    -0.3536989    -0.3474968    -0.3401809    -0.3316086    -0.3229691    -0.3161767    -0.3104078    -0.3043012    -0.2962432     -0.284069    -0.2688639    -0.2524433    -0.2350088    -0.2167958    -0.1977084    -0.1778307    -0.1572818
    -0.1361733    -0.1144987 -9.170301E-02    -0.0686826 -4.562763E-02 -2.282881E-02 -4.603624E-04  2.148326E-02  4.290288E-02  6.365103E-02  8.106856E-02  9.545039E-02     0.1092295     0.1201662      0.128601     0.1366941     0.1444356     0.1518445     0.1589353     0.1657231
     0.1738547      0.184136     0.1944777     0.2035152     0.2112132     0.2178312     0.2233985     0.2326173     0.2428163     0.2419932             0
             0    -0.4472401    -0.4421779    -0.4361935    -0.4307536    -0.4237255    -0.4147976    -0.4051462    -0.3972059    -0.3902788    -0.3827667    -0.3726385    -0.3569082    -0.3366891    -0.3144268    -0.2904789    -0.2653045    -0.2388419    -0.2112604     -0.182757
    -0.1535027    -0.1234956 -9.197727E-02 -6.010809E-02 -2.813946E-02  3.535015E-03  3.466415E-02  6.523228E-02  9.505089E-02      0.123833      0.147802     0.1673925     0.1858861     0.2002672     0.2111676     0.2214114     0.2309659     0.2398434     0.2480542      0.255613
     0.2642778     0.2744358     0.2833779     0.2900032     0.2944732     0.2972285     0.2985153     0.2986949     0.2894254     0.2680635             0
             0    -0.5100406    -0.5136634    -0.5129119    -0.5107433    -0.5065066    -0.4995108    -0.4904316    -0.4821618    -0.4745437    -0.4658994    -0.4538038    -0.4342023    -0.4080737     -0.378821    -0.3471569    -0.3140165    -0.2794319    -0.2436833    -0.2070279
    -0.1696495    -0.1314858 -9.150907E-02 -5.099079E-02 -1.014391E-02  3.063959E-02  7.112589E-02     0.1113608     0.1511127     0.1899422     0.2225553     0.2492571     0.2743489     0.2935937     0.3079469     0.3211252     0.3330137       0.34358      0.352805     0.3606941
     0.3689328     0.3769386     0.3813311     0.3820547     0.3798415     0.3755421     0.3697985     0.3564622     0.3244614     0.2851917             0
             0    -0.5580639    -0.5745102    -0.5830621    -0.5874227    -0.5896651    -0.5883043    -0.5824202    -0.5750306    -0.5672479    -0.5575292    -0.5429826    -0.5178838    -0.4832318    -0.4444004    -0.4028522    -0.3603192     -0.316878    -0.2728288    -0.2283675
     -0.183564    -0.1381767    -0.0908228 -4.270487E-02  6.139709E-03  5.548406E-02     0.1052976     0.1558998     0.2072497     0.2589701     0.3038471     0.3414291      0.377373      0.405133     0.4257118      0.444252     0.4603299     0.4736806     0.4841149      0.491577
     0.4973234     0.4986077     0.4918903     0.4803094     0.4659792      0.450399     0.4346405     0.4039953     0.3493909     0.2961617             0
             0    -0.5862992    -0.6150739    -0.6347445    -0.6480881    -0.6608632    -0.6706489    -0.6729389    -0.6688932    -0.6618546     -0.650717    -0.6319605    -0.5973704    -0.5498194    -0.4985828    -0.4459614    -0.3942486    -0.3431145    -0.2925358     -0.242407
    -0.1925304    -0.1424039     -0.090303 -3.726395E-02  1.690635E-02  7.224118E-02     0.1290596     0.1881834     0.2501641     0.3153095      0.374976     0.4273837     0.4801743     0.5230655     0.5557025     0.5854923     0.6109508     0.6306716     0.6433916     0.6485246
     0.6462506     0.6299371     0.6001958     0.5676565     0.5360849     0.5068086     0.4805111     0.4339154     0.3631581     0.3017643             0
             0    -0.5993157    -0.6352264    -0.6624701     -0.682834    -0.7054165    -0.7282234    -0.7434543    -0.7465681    -0.7418954    -0.7280822    -0.7017633    -0.6535959    -0.5921487    -0.5302126    -0.4695325    -0.4119489    -0.3563495    -0.3022429     -0.249208
    -0.1968243    -0.1444104 -9.004373E-02 -3.464933E-02  2.210792E-02  8.043262E-02     0.1408914     0.2046939     0.2729512     0.3468175     0.4173753     0.4821249     0.5511638     0.6114603     0.6599703     0.7069451     0.7492866     0.7826383     0.8011907     0.7999743
     0.7797912     0.7334214     0.6749418      0.621685     0.5759657     0.5369467     0.5039546     0.4481744     0.3693145     0.3041842             0
             0    -0.6066063    -0.6469958    -0.6794878    -0.7052342    -0.7364806    -0.7735215    -0.8085942    -0.8287363    -0.8336402     -0.810074    -0.7664943     -0.698106    -0.6218992    -0.5507963    -0.4841214    -0.4225591    -0.3641188    -0.3078625    -0.2531087
    -0.1992721    -0.1455493 -8.989375E-02    -0.0331578  2.508419E-02  8.514943E-02     0.1477734     0.2144431     0.2867081     0.3664706     0.4450153     0.5196621     0.6033643      0.682092       0.75005     0.8222313      0.895725     0.9632329      1.006244     0.9803577
     0.9164281     0.8216561     0.7304186     0.6581598     0.6012599     0.5552789     0.5178342     0.4562955     0.3727098     0.3054966             0
             0    -0.6103652    -0.6532477    -0.6889075    -0.7182381    -0.7561954    -0.8074297    -0.8730964    -0.9442757     -1.029909    -0.9255198    -0.8307782    -0.7315851    -0.6408947    -0.5628263    -0.4922384    -0.4283007    -0.3682541    -0.3108229    -0.2551502
    -0.2005478    -0.1461411 -8.981501E-02 -3.238044E-02  2.663865E-02  8.762364E-02     0.1514087      0.219649     0.2941778     0.3774258     0.4610341     0.5425144     0.6376395     0.7334861     0.8230779      0.930697       1.06476      1.240605      1.485949      1.259886
       1.06452     0.8926007     0.7675913     0.6801437      0.615611      0.565312     0.5252708     0.4605283     0.3744429     0.3061595             0
