 51            10 
             0  -4.88854E-04 -4.687104E-04 -4.533704E-04 -4.414315E-04 -4.278168E-04 -4.125695E-04 -3.978426E-04 -3.866036E-04 -3.772379E-04 -3.675054E-04 -3.548914E-04  -3.36318E-04 -3.137609E-04   -2.8995E-04 -2.649657E-04 -2.388929E-04 -2.118204E-04 -1.838399E-04 -1.550463E-04
 -1.255366E-04 -9.540991E-05 -6.476645E-05 -3.370736E-05 -2.333954E-06  2.925278E-05  6.095277E-05  9.266738E-05     0.0001243  1.557565E-04  1.830469E-04  2.062452E-04   2.29214E-04  2.481346E-04  2.631414E-04   2.78009E-04   2.92728E-04  3.072895E-04  3.216846E-04  3.359051E-04
  3.534521E-04  3.775125E-04  4.041883E-04  4.299885E-04  4.548643E-04  4.787716E-04  5.016711E-04  5.453851E-04  6.288477E-04  7.202451E-04             0
             0 -4.905054E-04  -4.70283E-04 -4.548812E-04 -4.428935E-04 -4.292225E-04 -4.139113E-04 -3.991219E-04 -3.878349E-04  -3.78429E-04 -3.686546E-04  -3.55986E-04 -3.373316E-04 -3.146758E-04   -2.9076E-04 -2.656655E-04 -2.394776E-04 -2.122857E-04 -1.841822E-04 -1.552628E-04
 -1.256254E-04 -9.536972E-05 -6.459702E-05 -3.340929E-05  -1.90873E-06  2.980276E-05  6.162423E-05  9.345619E-05  1.252012E-04  1.567644E-04  1.841426E-04  2.074122E-04  2.304483E-04  2.494213E-04  2.644681E-04  2.793737E-04  2.941286E-04  3.087239E-04  3.231509E-04   3.37401E-04
  3.549826E-04  3.790857E-04  4.058021E-04  4.316349E-04  4.565356E-04  4.804606E-04   5.03371E-04  5.470944E-04  6.305112E-04  7.217347E-04             0
             0 -5.159147E-04 -4.944946E-04 -4.781489E-04 -4.654152E-04 -4.508813E-04 -4.345906E-04 -4.188432E-04 -4.068188E-04  -3.96795E-04 -3.863753E-04 -3.728663E-04 -3.529666E-04 -3.287873E-04 -3.032546E-04 -2.764573E-04 -2.484897E-04 -2.194511E-04 -1.894448E-04 -1.585781E-04
 -1.269613E-04 -9.470744E-05 -6.193119E-05 -2.874851E-05  4.724227E-06  3.837101E-05  7.207693E-05   1.05729E-04  1.392168E-04  1.724335E-04  2.011708E-04  2.255442E-04  2.496192E-04  2.694016E-04  2.850648E-04  3.005551E-04  3.158624E-04  3.309776E-04  3.458914E-04  3.605954E-04
  3.787029E-04  4.034558E-04  4.307849E-04  4.571043E-04  4.823711E-04  5.065487E-04  5.296066E-04  5.734329E-04  6.560527E-04  7.445048E-04             0
             0 -5.343988E-04 -5.121864E-04 -4.951991E-04 -4.819519E-04 -4.668168E-04 -4.498359E-04 -4.334062E-04 -4.208526E-04 -4.103833E-04  -3.99496E-04 -3.853755E-04  -3.64564E-04 -3.392608E-04  -3.12527E-04 -2.844573E-04 -2.551528E-04 -2.247204E-04  -1.93272E-04 -1.609239E-04
 -1.277964E-04 -9.401287E-05 -5.969884E-05 -2.498155E-05  1.001101E-05  4.515101E-05  8.031159E-05  1.153679E-04   1.50198E-04  1.846837E-04  2.144584E-04  2.396694E-04  2.645269E-04  2.849129E-04  3.010322E-04  3.169512E-04  3.326594E-04  3.481471E-04   3.63405E-04  3.784246E-04
  3.968907E-04  4.220715E-04  4.497786E-04    4.7637E-04  5.018092E-04  5.260675E-04  5.491229E-04  5.927969E-04  6.743437E-04  7.602929E-04             0
             0 -5.459819E-04 -5.233243E-04 -5.059642E-04 -4.924145E-04 -4.769204E-04 -4.595219E-04 -4.426744E-04 -4.297941E-04 -4.190483E-04 -4.078696E-04 -3.933662E-04 -3.719802E-04 -3.459638E-04 -3.184634E-04 -2.895776E-04 -2.594123E-04 -2.280794E-04 -1.956966E-04 -1.623863E-04
 -1.282751E-04 -9.349304E-05 -5.817266E-05 -2.244853E-05  1.354376E-05  4.966844E-05  8.579046E-05  1.217765E-04  1.574959E-04  1.928221E-04  2.232821E-04  2.490444E-04  2.744141E-04   2.95192E-04  3.116055E-04  3.277985E-04  3.437605E-04  3.594811E-04  3.749511E-04  3.901615E-04
  4.088402E-04  4.342639E-04  4.621685E-04  4.888819E-04  5.143737E-04  5.386222E-04  5.616132E-04   6.05065E-04  6.856886E-04   7.69865E-04             0
             0 -5.531662E-04 -5.302608E-04 -5.126865E-04 -4.989603E-04 -4.832537E-04 -4.656048E-04 -4.485039E-04 -4.354236E-04 -4.245079E-04 -4.131491E-04 -3.984082E-04 -3.766638E-04 -3.501998E-04  -3.22216E-04  -2.92814E-04 -2.621027E-04 -2.301978E-04 -1.972205E-04 -1.632972E-04
 -1.285584E-04 -9.313822E-05 -5.717346E-05 -2.080309E-05  1.583265E-05  5.259304E-05  8.933779E-05  1.259279E-04   1.62227E-04   1.98102E-04  2.290097E-04  2.551316E-04  2.808344E-04  3.018657E-04  3.184683E-04  3.348363E-04  3.509586E-04  3.668247E-04  3.824251E-04  3.977508E-04
  4.165547E-04  4.421149E-04  4.701189E-04  4.968796E-04  5.223722E-04  5.465811E-04  5.694981E-04  6.127451E-04   6.92678E-04  7.756733E-04             0
             0 -5.567588E-04 -5.337411E-04 -5.160668E-04 -5.022571E-04 -4.864488E-04 -4.686786E-04 -4.514534E-04 -4.382744E-04 -4.272742E-04 -4.158256E-04 -4.009658E-04  -3.79041E-04 -3.523506E-04 -3.241215E-04  -2.94457E-04 -2.634678E-04 -2.312716E-04 -1.979915E-04 -1.637557E-04
 -1.286969E-04 -9.295104E-05 -5.665691E-05 -1.995558E-05   1.70105E-05  5.409826E-05  9.116482E-05  1.280684E-04  1.646694E-04  2.008314E-04  2.319739E-04  2.582847E-04  2.841622E-04  3.053261E-04   3.22027E-04  3.384856E-04  3.546902E-04    3.7063E-04  3.862955E-04  4.016776E-04
  4.205412E-04  4.461629E-04  4.742054E-04  5.009764E-04  5.264549E-04  5.506292E-04  5.734949E-04   6.16613E-04  6.961583E-04  7.785374E-04             0
             0 -5.582967E-04 -5.352334E-04 -5.175177E-04 -5.036733E-04 -4.878224E-04 -4.700012E-04 -4.527233E-04 -4.395022E-04  -4.28466E-04  -4.16979E-04 -4.020682E-04 -3.800659E-04 -3.532779E-04  -3.24943E-04 -2.951652E-04 -2.640561E-04 -2.317341E-04 -1.983233E-04 -1.639527E-04
 -1.287558E-04  -9.28692E-05 -5.643274E-05 -1.958826E-05  1.752087E-05  5.475061E-05  9.195699E-05  1.289971E-04  1.657298E-04  2.020175E-04   2.33263E-04  2.596568E-04  2.856111E-04  3.068332E-04  3.235773E-04  3.400755E-04  3.563158E-04  3.722876E-04   3.87981E-04  4.033869E-04
  4.222754E-04  4.479217E-04   4.75978E-04  5.027502E-04  5.282194E-04  5.523757E-04  5.752167E-04   6.18274E-04  6.976455E-04  7.797561E-04             0
             0 -5.591273E-04 -5.360398E-04 -5.183023E-04 -5.044395E-04 -4.885658E-04 -4.707173E-04  -4.53411E-04 -4.401674E-04 -4.291118E-04 -4.176041E-04 -4.026657E-04 -3.806214E-04 -3.537806E-04 -3.253883E-04  -2.95549E-04 -2.643749E-04 -2.319847E-04  -1.98503E-04 -1.640593E-04
 -1.287874E-04 -9.282458E-05  -5.63109E-05 -1.938874E-05  1.779808E-05  5.510497E-05  9.238741E-05  1.295018E-04  1.663065E-04  2.026627E-04  2.339646E-04  2.604038E-04  2.864002E-04  3.076541E-04   3.24422E-04  3.409418E-04  3.572017E-04  3.731909E-04  3.888993E-04  4.043181E-04
  4.232197E-04  4.488787E-04  4.769416E-04  5.037136E-04  5.291769E-04  5.533226E-04  5.761493E-04  6.191724E-04  6.984479E-04  7.804125E-04             0
             0 -5.595457E-04 -5.364463E-04 -5.186978E-04 -5.048258E-04 -4.889409E-04 -4.710786E-04 -4.537582E-04 -4.405032E-04 -4.294378E-04 -4.179196E-04 -4.029674E-04 -3.809019E-04 -3.540344E-04 -3.256131E-04 -2.957428E-04 -2.645358E-04 -2.321112E-04 -1.985937E-04 -1.641131E-04
 -1.288034E-04 -9.280197E-05 -5.624929E-05 -1.928787E-05  1.793822E-05  5.528413E-05  9.260506E-05  1.297571E-04  1.665982E-04  2.029892E-04  2.343197E-04   2.60782E-04  2.867999E-04  3.080701E-04    3.2485E-04  3.413808E-04  3.576507E-04  3.736486E-04  3.893646E-04  4.047898E-04
   4.23698E-04  4.493632E-04  4.774292E-04  5.042008E-04  5.296607E-04  5.538008E-04    5.7662E-04  6.196254E-04  6.988519E-04  7.807426E-04             0
