 51            10 
             0    -0.2867435    -0.2784492      -0.27181    -0.2665654    -0.2605102    -0.2536516    -0.2469561    -0.2418082     -0.237498    -0.2329991     -0.227144     -0.218474    -0.2078804    -0.1966513     -0.184844    -0.1725183    -0.1597338    -0.1465581    -0.1330767
    -0.1194192    -0.1057759 -9.012309E-02 -7.440988E-02 -5.872649E-02 -4.315362E-02 -2.776041E-02 -1.260815E-02  2.245847E-03  1.674615E-02  2.907728E-02  3.939225E-02  4.943212E-02     0.0575537  6.391416E-02     0.0701334  7.620769E-02  8.213404E-02  8.791026E-02  9.353512E-02
     0.1003765     0.1095569      0.119439     0.1287058      0.137349     0.1453568      0.152732     0.1662416     0.1887425     0.2064423             0
             0    -0.2919229    -0.2835722    -0.2768544    -0.2715522    -0.2654367    -0.2584983    -0.2517073    -0.2464745    -0.2420864    -0.2374985    -0.2315173     -0.222638    -0.2117581    -0.2002036    -0.1880522    -0.1753775     -0.162216    -0.1486245      -0.13469
    -0.1205526    -0.1064371 -9.053433E-02    -0.0743328 -5.819938E-02 -4.223361E-02 -2.648738E-02 -1.100244E-02  4.174723E-03  1.899015E-02     0.0315856  4.211564E-02  5.235466E-02  6.062434E-02  6.709126E-02  7.340287E-02  7.955336E-02  8.553783E-02  9.135262E-02  9.699667E-02
     0.1038451     0.1130706     0.1230014     0.1323387     0.1410542      0.149056     0.1563762     0.1697161     0.1916121     0.2082777             0
             0    -0.3696814    -0.3608769    -0.3532652    -0.3470595    -0.3396761    -0.3310476    -0.3223648    -0.3155437    -0.3097543    -0.3036318    -0.2955639    -0.2834091     -0.268259     -0.251942    -0.2345884    -0.2163301    -0.1972475    -0.1774505    -0.1570916
    -0.1363994    -0.1157249 -9.244238E-02 -6.875979E-02 -4.523817E-02 -2.204986E-02  6.982418E-04     0.0229089  4.447243E-02  6.526367E-02  8.266203E-02  9.699756E-02     0.1107001     0.1215479      0.129904     0.1379257     0.1456022     0.1529254     0.1598897     0.1664937
     0.1743075     0.1844068     0.1946498     0.2036462     0.2114543     0.2180588     0.2235706     0.2326328      0.242569     0.2416957             0
             0     -0.446546    -0.4413157    -0.4352535    -0.4297587    -0.4226035    -0.4135582    -0.4038177    -0.3958237    -0.3888617    -0.3813262    -0.3711892    -0.3555065    -0.3354149    -0.3133557     -0.289598    -0.2644204    -0.2380098    -0.2105716    -0.1823481
    -0.1536665    -0.1250102 -9.274501E-02 -5.990045E-02 -2.722697E-02      0.005052  3.678647E-02  6.781685E-02  9.793729E-02      0.126887     0.1509233     0.1705262     0.1889826     0.2032879       0.21411     0.2242749     0.2337536     0.2425238     0.2505716     0.2578927
     0.2661486     0.2759392     0.2846017     0.2909306     0.2952797     0.2978634     0.2989812     0.2988423     0.2891038     0.2677101             0
             0    -0.5089247    -0.5119767    -0.5108038     -0.508391    -0.5038224    -0.4965018    -0.4871891    -0.4787986    -0.4711158    -0.4624447    -0.4503711    -0.4309362    -0.4051762    -0.3764063    -0.3452429    -0.3122817    -0.2779053    -0.2424448    -0.2062161
    -0.1695955    -0.1331249 -9.210724E-02 -5.027235E-02 -8.436442E-03  3.324246E-02  7.467837E-02     0.1157371     0.1561672     0.1955602     0.2286064     0.2556355     0.2809886     0.3003713     0.3147889      0.327998     0.3398922     0.3503875     0.3594293     0.3669986
     0.3746467     0.3817672     0.3852983      0.384991     0.3820252     0.3771366     0.3709442      0.356924     0.3241303      0.284803             0
             0    -0.5564106    -0.5714885    -0.5788048     -0.582389    -0.5836729    -0.5813168    -0.5747197    -0.5670019    -0.5590819    -0.5493653    -0.5350018    -0.5105247    -0.4769908    -0.4393924    -0.3990884    -0.3571939    -0.3143082    -0.2708201    -0.2270118
    -0.1831862    -0.1398138 -9.114104E-02 -4.138116E-02  8.756594E-03  5.935565E-02     0.1106001     0.1626251     0.2154063     0.2686499     0.3150244     0.3539899     0.3913627      0.420261     0.4416697      0.460924     0.4775771     0.4912299     0.5015957     0.5085649
     0.5131579     0.5118506     0.5023071     0.4876242     0.4709308      0.453767     0.4369542     0.4049223      0.349089     0.2957519             0
             0    -0.5841852    -0.6105939    -0.6277367    -0.6392686    -0.6496608    -0.6566896    -0.6568127    -0.6517853    -0.6444102    -0.6334376     -0.615483    -0.5829721    -0.5384333    -0.4899946     -0.439904    -0.3895712     -0.339484    -0.2898036    -0.2405693
    -0.1918658    -0.1439849    -0.0903807 -3.547497E-02  2.022602E-02  7.713664E-02     0.1358696     0.1971169     0.2615728     0.3298351      0.393137     0.4494126     0.5068892     0.5542769     0.5906662     0.6241453     0.6529331      0.675001     0.6884853     0.6924602
     0.6866285     0.6616986     0.6230107     0.5823933      0.545171     0.5125182      0.484213     0.4352909     0.3628918     0.3013443             0
             0    -0.5969518    -0.6298363    -0.6535193    -0.6710799    -0.6896566    -0.7072667    -0.7178072    -0.7186726    -0.7133266    -0.6999997     -0.675739    -0.6322015    -0.5763209     -0.518885    -0.4618899    -0.4062844    -0.3520866       -0.2991    -0.2471064
    -0.1960049    -0.1459535 -8.999504E-02 -3.262314E-02  2.578931E-02  8.586954E-02     0.1485313     0.2149135     0.2864036      0.364706     0.4409769     0.5124072     0.5905255     0.6608709     0.7187788     0.7762469     0.8293887     0.8717721     0.8944077     0.8891582
     0.8574799     0.7889402     0.7110051     0.6432735     0.5884067     0.5443565     0.5085814     0.4498094     0.3690686       0.30376             0
             0    -0.6040912    -0.6410114    -0.6691675    -0.6912717    -0.7169482    -0.7460258    -0.7729763    -0.7894377    -0.7945759     -0.770582    -0.7304921    -0.6701987    -0.6024171     -0.537419    -0.4753743    -0.4162422    -0.3594534    -0.3044654    -0.2508469
    -0.1983594    -0.1470678 -8.977012E-02 -3.099263E-02  2.897877E-02  9.091017E-02     0.1559205     0.2254736     0.3015064     0.3867106     0.4727205     0.5566922     0.6542017     0.7500964     0.8359311      0.930932      1.032234      1.129373      1.192971       1.14749
      1.047167     0.9043671     0.7791483     0.6855384     0.6162801      0.563903     0.5230871     0.4580929     0.3724765     0.3050702             0
             0    -0.6077681    -0.6469229     -0.677752    -0.7028435    -0.7339711    -0.7746617    -0.8290388     -0.901803     -1.025615    -0.8828521     -0.786338    -0.6984367    -0.6188146    -0.5481244    -0.4828233    -0.4216064    -0.3633628     -0.307286    -0.2528015
    -0.1995849    -0.1476459 -8.965141E-02 -3.014165E-02  3.064667E-02  9.355845E-02     0.1598327     0.2311322     0.3097529     0.3990905     0.4913965     0.5842614     0.6974064     0.8180458     0.9364551      1.086954      1.286715      1.565949      1.980251      1.588902
      1.269928      1.003261     0.8267784     0.7116979     0.6323257      0.574683      0.530892     0.4624159     0.3742163      0.305732             0
