 51            10 
             0    -0.2868021    -0.2779344    -0.2702862    -0.2650228    -0.2596076    -0.2530652    -0.2463985    -0.2411348    -0.2366515    -0.2318886     -0.225572    -0.2159195    -0.2044068    -0.1922976    -0.1807046    -0.1697718    -0.1576748    -0.1445893    -0.1306279
    -0.1158429     -0.100222 -8.510071E-02 -7.054277E-02 -5.529281E-02 -4.059651E-02 -2.661572E-02 -1.240291E-02  1.883829E-03  1.611223E-02  2.841728E-02  3.883868E-02  4.911932E-02  5.756593E-02  6.425948E-02     0.0704744  7.620611E-02  8.186172E-02  8.743314E-02  9.291241E-02
  9.963659E-02     0.1087638     0.1187265     0.1282104      0.137226     0.1453249     0.1524961     0.1658548       0.18847     0.2062248             0
             0    -0.2925668    -0.2842523    -0.2773783    -0.2720605    -0.2662166     -0.259387    -0.2526775    -0.2475095     -0.243176    -0.2386406    -0.2327071    -0.2237661    -0.2128748    -0.2010044    -0.1886207    -0.1764593    -0.1633794    -0.1496563    -0.1353866
    -0.1206438    -0.1052118 -8.972003E-02 -7.448386E-02 -5.857542E-02    -0.0429678 -2.795874E-02 -1.285272E-02  2.185878E-03  1.702878E-02  2.967609E-02  4.026401E-02  5.060358E-02  5.905435E-02     0.0657751  7.210187E-02  7.800435E-02  8.384952E-02  8.960786E-02     0.0952701
     0.1022128     0.1115355     0.1215787     0.1310292     0.1399151     0.1480972     0.1555109     0.1692363     0.1914723     0.2083259             0
             0    -0.3705514     -0.361855    -0.3541147    -0.3479428    -0.3409154    -0.3324538    -0.3239022    -0.3171828    -0.3114774    -0.3054348    -0.2974399    -0.2852043    -0.2700374    -0.2532452     -0.235542    -0.2179778    -0.1989844    -0.1789839    -0.1581401
    -0.1365806    -0.1140096 -9.136824E-02 -6.912219E-02 -4.594943E-02 -2.329728E-02 -1.621804E-03     0.0200419  4.140854E-02  6.224381E-02  7.972338E-02  9.414827E-02      0.107998     0.1190968     0.1277958     0.1358594     0.1432479     0.1504262     0.1573544     0.1640195
     0.1720038      0.182323      0.192814     0.2020633     0.2101395     0.2170043     0.2226941     0.2322569     0.2428099     0.2418882             0
             0    -0.4480039    -0.4432169    -0.4373189    -0.4321145    -0.4254856    -0.4167908    -0.4073222    -0.3995119    -0.3926866    -0.3852678    -0.3752223    -0.3593881    -0.3391837    -0.3163231    -0.2919292    -0.2675247    -0.2410869    -0.2132576    -0.1842858
    -0.1543651    -0.1230863 -9.174098E-02 -6.093086E-02 -2.880589E-02  2.636512E-03  3.276652E-02  6.290036E-02  9.259269E-02     0.1214429     0.1454551     0.1650725     0.1836339     0.1982107     0.2094436     0.2196536     0.2287796     0.2373987     0.2454528      0.252921
     0.2615069     0.2718257     0.2811045     0.2880891     0.2930017     0.2960798     0.2976077     0.2982542     0.2896157     0.2680155             0
             0    -0.5113649    -0.5158152    -0.5157586    -0.5144445    -0.5109432    -0.5045797     -0.495968    -0.4879686    -0.4805252    -0.4720039      -0.45997    -0.4400845    -0.4137629    -0.3833921    -0.3508335    -0.3183285    -0.2834438    -0.2471177    -0.2096617
    -0.1712921    -0.1314144    -0.0915678 -5.236521E-02 -1.133222E-02  2.908351E-02  6.817897E-02     0.1077083     0.1471124     0.1858158     0.2182756     0.2448276     0.2698287     0.2891929     0.3038798     0.3169373     0.3282401     0.3384819     0.3475574     0.3554258
     0.3637514     0.3721903     0.3773492     0.3787941      0.377229     0.3734772     0.3682646     0.3557226     0.3247592     0.2851852             0
             0    -0.5601178    -0.5784921    -0.5891488    -0.5958419    -0.5998718     -0.600405    -0.5959022    -0.5891932    -0.5817484    -0.5721381    -0.5574166    -0.5312748    -0.4955012    -0.4542055    -0.4106097    -0.3680507    -0.3235294    -0.2782501    -0.2324391
    -0.1861938    -0.1386051 -9.128135E-02 -4.468586E-02  4.355811E-03  5.314125E-02     0.1010844     0.1505475     0.2010811     0.2521352      0.296257     0.3331064     0.3683602     0.3958109     0.4164851     0.4345164     0.4495372     0.4623122     0.4725518     0.4801399
     0.4863968      0.488841     0.4839952     0.4740781     0.4610027     0.4465419      0.431919     0.4027487     0.3497247     0.2961833             0
             0     -0.588985    -0.6210741    -0.6450718    -0.6632985    -0.6803313    -0.6953081    -0.7017177    -0.6995982    -0.6933035    -0.6820257    -0.6620268    -0.6237658    -0.5722134    -0.5156575    -0.4587882    -0.4058036    -0.3524554    -0.2998218    -0.2477375
     -0.195984    -0.1432634 -9.108664E-02 -3.969364E-02  1.466691E-02  6.925919E-02     0.1237751     0.1812799     0.2418188     0.3054353     0.3632524     0.4137444     0.4644507     0.5058169     0.5376799     0.5656981      0.588646     0.6068716      0.619105     0.6247438
     0.6242137     0.6111363     0.5858563     0.5569749     0.5278772     0.5006914     0.4763874     0.4321592     0.3634875     0.3018005             0
             0    -0.6023453    -0.6424941    -0.6758592    -0.7034031    -0.7331236    -0.7656907    -0.7897213    -0.7970509    -0.7937444     -0.779264    -0.7495109    -0.6929716    -0.6232417    -0.5528487    -0.4858282    -0.4259336     -0.367298     -0.310589    -0.2552261
    -0.2007153    -0.1454989 -9.099573E-02 -3.730435E-02  1.963601E-02  7.711364E-02     0.1350263     0.1969118     0.2632986     0.3349741     0.4027365     0.4644191      0.529798     0.5868889     0.6331652     0.6759833     0.7127912     0.7422706     0.7592967     0.7597071
     0.7443185     0.7053022      0.654848     0.6074951     0.5654303     0.5293088     0.4989385     0.4461252     0.3696362     0.3042267             0
             0    -0.6098444    -0.6550946    -0.6950687    -0.7298809    -0.7710667    -0.8229918     -0.872941    -0.8995252    -0.9044769    -0.8816208    -0.8324327    -0.7494999    -0.6600778      -0.57758    -0.5028087    -0.4381463    -0.3760914    -0.3168658    -0.2595443
    -0.2034246    -0.1467744 -9.094498E-02    -0.0359439  2.247596E-02  8.162949E-02     0.1415568     0.2061164     0.2762186     0.3533095      0.428316     0.4989076     0.5774207     0.6509879      0.714664     0.7786899     0.8405802     0.8974993     0.9337888     0.9147953
     0.8641245     0.7842947     0.7054444     0.6413084     0.5890728     0.5466087     0.5122327     0.4540642     0.3730257     0.3055426             0
             0    -0.6137165    -0.6618242    -0.7058447    -0.7455518    -0.7957048    -0.8664656    -0.9520208     -1.020895     -1.060396     -1.002928    -0.9113444    -0.7924659      -0.68402    -0.5922745    -0.5123556     -0.444812    -0.3808017    -0.3201881    -0.2618123
    -0.2048407    -0.1474395 -9.091898E-02 -3.523568E-02  2.395816E-02  8.399595E-02     0.1450017     0.2110223     0.2832159     0.3634947      0.443072     0.5197814     0.6084576     0.6971781     0.7799235     0.8730734     0.9828185      1.124305      1.314163      1.143504
     0.9899347     0.8467594     0.7389799     0.6615487      0.602412     0.5560336     0.5193338     0.4581969     0.3747551     0.3062072             0
