 51            10 
             0    -0.2868207     -0.278522    -0.2718798    -0.2666342    -0.2605796    -0.2537218    -0.2470269     -0.241879    -0.2375687    -0.2330694    -0.2272134    -0.2185411    -0.2079435    -0.1967093    -0.1848972    -0.1725675    -0.1597759    -0.1465853    -0.1330739
    -0.1193678    -0.1058754 -9.234089E-02 -7.593035E-02 -5.981318E-02 -4.398994E-02 -2.846762E-02 -1.326566E-02  1.581823E-03  1.602672E-02  2.826079E-02  3.845124E-02  4.831138E-02  5.622013E-02  6.236592E-02  6.831544E-02  7.405178E-02  7.955575E-02  8.480541E-02  8.977567E-02
  9.560443E-02     0.1042475     0.1137807     0.1236998     0.1340556     0.1431609     0.1512319     0.1655989     0.1885986     0.2063039             0
             0    -0.2920438    -0.2836914    -0.2769616    -0.2716582    -0.2655555    -0.2586286    -0.2518463     -0.246619    -0.2422346    -0.2376495    -0.2316695    -0.2227857    -0.2118935    -0.2003186    -0.1881528    -0.1754859     -0.162323    -0.1487129    -0.1347359
     -0.120523    -0.1064229 -9.119421E-02 -7.449246E-02    -0.0583382 -4.244546E-02 -2.678705E-02 -1.136967E-02  3.768973E-03  1.857202E-02  3.117336E-02  4.171722E-02  5.197791E-02  6.027064E-02  6.675664E-02  7.308553E-02  7.924966E-02  8.524127E-02  9.104515E-02  9.662772E-02
      0.103237     0.1126986     0.1226191     0.1321299     0.1409886     0.1489964     0.1563264     0.1697063      0.191671      0.208383             0
             0    -0.3698445    -0.3610474    -0.3534282    -0.3472248    -0.3398609    -0.3312505    -0.3225818    -0.3157696    -0.3099863    -0.3038683    -0.2958027    -0.2836412     -0.268472    -0.2521228    -0.2347448    -0.2164942     -0.197407    -0.1775815    -0.1571609
    -0.1363606    -0.1157142 -9.342415E-02 -6.902029E-02 -4.547975E-02    -0.0224082  2.033776E-04  2.230864E-02  4.381039E-02  6.457894E-02     0.0819826  9.633593E-02     0.1100682     0.1209486     0.1293326     0.1373807     0.1450804     0.1524208     0.1593841     0.1659333
     0.1735021     0.1838856      0.194176     0.2033687     0.2113367     0.2179654     0.2235031     0.2326322     0.2426825     0.2418305             0
             0    -0.4468013    -0.4416262    -0.4355911    -0.4301172    -0.4230017     -0.413995    -0.4042836    -0.3963068    -0.3893553    -0.3818265    -0.3716908    -0.3559916    -0.3358565    -0.3137322    -0.2899155    -0.2647281    -0.2382957    -0.2108074    -0.1824933
    -0.1536652    -0.1250642 -9.420926E-02 -6.039565E-02 -2.772432E-02  4.362175E-03  3.587165E-02  6.671498E-02  9.670463E-02     0.1255755     0.1495779      0.169172     0.1876397     0.2019701      0.212818     0.2230115     0.2325194     0.2413182     0.2493836     0.2566779
     0.2647394     0.2749005     0.2837682     0.2903709     0.2949218     0.2975923     0.2987843     0.2987829      0.289248     0.2678693             0
             0    -0.5093262    -0.5125706    -0.5115386    -0.5092138    -0.5047553    -0.4975431    -0.4883079    -0.4799565    -0.4722939      -0.46363    -0.4515465     -0.432054    -0.4061699    -0.3772401    -0.3459173    -0.3128802    -0.2784275    -0.2428674    -0.2065003
    -0.1696855    -0.1332983 -9.411746E-02 -5.109192E-02 -9.303179E-03  3.207367E-02  7.314589E-02     0.1138661     0.1540049     0.1931494      0.226006     0.2528927     0.2781303     0.2974462     0.3118276     0.3250173     0.3369105     0.3474281     0.3565138     0.3641276
     0.3717553     0.3794246     0.3835463     0.3837284     0.3810907      0.376453     0.3704527     0.3567273     0.3242771     0.2849776             0
             0    -0.5569969    -0.5725389    -0.5802662    -0.5841243    -0.5857329     -0.583712    -0.5773543    -0.5697455    -0.5618695    -0.5521491    -0.5377194    -0.5130286    -0.4791194    -0.4411058    -0.4003991     -0.358267    -0.3151849    -0.2715041    -0.2274826
    -0.1834016    -0.1401301 -9.367736E-02    -0.0425478  7.478546E-03  5.763538E-02     0.1083204     0.1597577      0.211932     0.2645245     0.3102642     0.3486455     0.3854128     0.4138212     0.4348678     0.4538112     0.4702326     0.4837749     0.4941903     0.5013928
     0.5065074     0.5063002     0.4983915     0.4848421     0.4688514     0.4523298     0.4359628     0.4045247     0.3492221     0.2959355             0
             0    -0.5849294    -0.6121414    -0.6301243    -0.6422884     -0.653493    -0.6614587     -0.662325    -0.6576355    -0.6503726     -0.639338    -0.6210975    -0.5878658    -0.5423098    -0.4929212    -0.4420029    -0.3911735    -0.3407208    -0.2907329    -0.2412049
    -0.1921886    -0.1444118 -9.327724E-02 -3.689468E-02  1.863542E-02  7.497624E-02     0.1329525     0.1933219     0.2567364     0.3236829     0.3854561     0.4401031     0.4955924     0.5410458     0.5758008     0.6076587     0.6350111      0.656104     0.6694024     0.6742501
     0.6708835      0.649201     0.6148994     0.5770724     0.5413992     0.5100939     0.4826322     0.4347014     0.3630089     0.3015323             0
             0    -0.5977816    -0.6316936    -0.6565598    -0.6750955     -0.695046    -0.7144535    -0.7266669    -0.7283205    -0.7231396    -0.7097015    -0.6847064     -0.639509    -0.5817177    -0.5227423    -0.4645343    -0.4082234     -0.353538    -0.3001685     -0.247832
    -0.1963849    -0.1464369 -9.306752E-02 -3.416952E-02  2.403885E-02  8.347742E-02     0.1452645     0.2105799     0.2807133     0.3571478     0.4310136     0.4996141     0.5738326      0.639755     0.6934242     0.7460206     0.7940212     0.8319665     0.8527436     0.8506367
     0.8271815     0.7675985      0.698373     0.6356611     0.5832733      0.541218      0.506609     0.4491091     0.3691767     0.3039498             0
             0    -0.6049727    -0.6430708    -0.6726679     -0.696039    -0.7236421    -0.7555367    -0.7854377    -0.8024993     -0.805266    -0.7836986    -0.7430617    -0.6798204    -0.6090825    -0.5419765    -0.4783998    -0.4184039    -0.3610414      -0.30562    -0.2516271
    -0.1987738    -0.1475843 -9.294371E-02 -3.261264E-02  2.713436E-02  8.837976E-02     0.1524404     0.2208009     0.2952539     0.3781678     0.4610267       0.54102     0.6325105     0.7206306     0.7980211     0.8816301     0.9680449       1.04766      1.097497      1.067629
     0.9937837     0.8728114      0.762151     0.6760308     0.6101071     0.5602556       0.52085     0.4573234      0.372579     0.3052609             0
             0    -0.6086776    -0.6490981     -0.681533    -0.7081014    -0.7416137    -0.7860902      -0.84377    -0.9042414    -0.9509668    -0.8853457     -0.801176    -0.7099662    -0.6264017    -0.5531383      -0.48608    -0.4238971    -0.3650275    -0.3084879    -0.2536113
    -0.2000177    -0.1481799 -9.287793E-02 -3.180047E-02  2.875235E-02  9.095378E-02     0.1562363     0.2262703     0.3031757     0.3899496     0.4785746     0.5665483     0.6717175     0.7807732     0.8848265      1.012035      1.171747      1.377477       1.64734       1.40166
      1.178128     0.9608431     0.8061121      0.700856     0.6254747     0.5707233     0.5284992      0.461608     0.3743159     0.3059232             0
