 51            10 
             0     0.0390647  3.925395E-02  3.937126E-02     0.0394568  3.954951E-02  3.964918E-02  3.974229E-02  3.981186E-02  3.986911E-02  3.992791E-02  4.000332E-02  4.011276E-02  4.024345E-02  4.037943E-02  4.052035E-02  4.066583E-02  4.081547E-02  4.096889E-02  4.112565E-02
  4.128532E-02  4.144748E-02  4.161165E-02     0.0417774  4.194426E-02  4.211177E-02  4.227946E-02  4.244686E-02  4.261353E-02  4.277901E-02  4.292236E-02  4.304409E-02     0.0431645  4.326359E-02  4.334213E-02  4.341989E-02  4.349681E-02  4.357284E-02  4.364795E-02  4.372207E-02
  4.381345E-02  4.393853E-02  4.407683E-02  4.421015E-02  4.433816E-02  4.446057E-02  4.457709E-02  4.479781E-02  4.520457E-02  4.556603E-02             0
             0  3.906102E-02  3.925046E-02  3.936791E-02  3.945357E-02     0.0395464  3.964622E-02  3.973947E-02  3.980915E-02  3.986649E-02  3.992539E-02  4.000092E-02  4.011055E-02  4.024147E-02  4.037769E-02  4.051886E-02     0.0406646  4.081452E-02  4.096821E-02  4.112526E-02
  4.128523E-02  4.144767E-02  4.161215E-02  4.177819E-02  4.194534E-02  4.211313E-02     0.0422811  4.244878E-02     0.0426157  4.278143E-02  4.292499E-02  4.304689E-02  4.316746E-02  4.326667E-02  4.334531E-02  4.342315E-02  4.350016E-02  4.357628E-02  4.365147E-02  4.372567E-02
  4.381713E-02  4.394231E-02  4.408072E-02  4.421413E-02  4.434222E-02  4.446469E-02  4.458125E-02  4.480202E-02  4.520876E-02  4.556991E-02             0
             0  3.900453E-02  3.919675E-02  3.931639E-02  3.940377E-02  3.949859E-02  3.960067E-02  3.969613E-02     0.0397675  3.982626E-02  3.988663E-02  3.996409E-02  4.007656E-02  4.021096E-02  4.035087E-02  4.049592E-02  4.064571E-02  4.079983E-02  4.095785E-02  4.111932E-02
  4.128379E-02  4.145078E-02  4.161981E-02  4.179039E-02  4.196204E-02  4.213426E-02  4.230654E-02     0.0424784  4.264935E-02  4.281891E-02  4.296564E-02  4.309013E-02  4.321315E-02  4.331429E-02     0.0433944  4.347365E-02      0.043552  4.362939E-02  4.370577E-02     0.0437811
  4.387389E-02  4.400074E-02  4.414078E-02  4.427554E-02  4.440472E-02  4.452803E-02     0.0446452  4.486677E-02  4.527291E-02  4.562926E-02             0
             0      0.038964  3.915807E-02  3.927919E-02  3.936776E-02  3.946396E-02  3.956762E-02  3.966463E-02     0.0397372  3.979697E-02     0.0398584  3.993724E-02  4.005176E-02  4.018869E-02  4.033128E-02  4.047917E-02  4.063194E-02  4.078916E-02  4.095039E-02  4.111515E-02
  4.128297E-02  4.145335E-02     0.0416258  4.179979E-02  4.197481E-02  4.215035E-02  4.232588E-02  4.250088E-02  4.267484E-02  4.284726E-02  4.299634E-02  4.312275E-02  4.324757E-02  4.335011E-02  4.343128E-02  4.351155E-02  4.359085E-02  4.366913E-02  4.374636E-02  4.382246E-02
  4.391615E-02  4.404411E-02  4.418518E-02  4.432076E-02  4.445054E-02  4.457426E-02  4.469166E-02  4.491337E-02  4.531814E-02  4.567006E-02             0
             0  3.893883E-02  3.913396E-02  3.925596E-02  3.934523E-02  3.944226E-02  3.954687E-02  3.964483E-02  3.971814E-02  3.977852E-02  3.984061E-02     0.0399203  4.003611E-02  4.017461E-02     0.0403189  4.046858E-02  4.062324E-02  4.078244E-02  4.094571E-02  4.111257E-02
  4.128253E-02  4.145509E-02  4.162973E-02  4.180592E-02  4.198312E-02     0.0421608  4.233842E-02  4.251545E-02  4.269136E-02  4.286563E-02  4.301623E-02  4.314386E-02  4.326984E-02  4.337327E-02  4.345512E-02  4.353601E-02  4.361591E-02  4.369475E-02  4.377248E-02  4.384906E-02
  4.394328E-02  4.407188E-02  4.421353E-02  4.434952E-02  4.447958E-02  4.460345E-02  4.472088E-02  4.494245E-02     0.0453459  4.569468E-02             0
             0  3.892331E-02  3.911905E-02  3.924157E-02  3.933125E-02  3.942877E-02  3.953395E-02  3.963249E-02  3.970625E-02  3.976702E-02  3.982951E-02  3.990972E-02  4.002632E-02     0.0401658  4.031115E-02  4.046196E-02     0.0406178  4.077823E-02  4.094278E-02  4.111097E-02
  4.128229E-02  4.145622E-02  4.163224E-02  4.180982E-02     0.0419884  4.216744E-02     0.0423464  4.252473E-02  4.270189E-02  4.287734E-02  4.302891E-02  4.315733E-02  4.328403E-02  4.338803E-02     0.0434703     0.0435516  4.363186E-02  4.371104E-02  4.378909E-02  4.386595E-02
  4.396048E-02  4.408946E-02  4.423141E-02  4.436762E-02     0.0444978     0.0446217  4.473909E-02  4.496045E-02  4.536289E-02  4.570957E-02             0
             0  3.891558E-02  3.911161E-02  3.923437E-02  3.932425E-02  3.942201E-02  3.952747E-02  3.962629E-02  3.970027E-02  3.976123E-02  3.982392E-02     0.0399044  4.002139E-02  4.016137E-02  4.030724E-02  4.045862E-02  4.061506E-02  4.077611E-02  4.094131E-02  4.111017E-02
  4.128217E-02     0.0414568  4.163352E-02     0.0418118  4.199108E-02  4.217082E-02  4.235046E-02  4.252946E-02  4.270725E-02  4.288331E-02  4.303538E-02     0.0431642  4.329129E-02  4.339557E-02  4.347806E-02  4.355956E-02  4.364001E-02  4.371936E-02  4.379756E-02  4.387456E-02
  4.396925E-02     0.0440984  4.424049E-02  4.437679E-02      0.044507     0.0446309  4.474825E-02  4.496946E-02  4.537132E-02  4.571689E-02             0
             0  3.891228E-02  3.910843E-02  3.923128E-02  3.932125E-02  3.941911E-02  3.952469E-02  3.962363E-02     0.0396977  3.975874E-02  3.982151E-02  3.990211E-02  4.001927E-02  4.015946E-02  4.030557E-02  4.045718E-02  4.061388E-02     0.0407752  4.094068E-02  4.110982E-02
  4.128212E-02  4.145705E-02  4.163407E-02  4.181265E-02  4.199224E-02  4.217228E-02  4.235222E-02     0.0425315  4.270957E-02     0.0428859  4.303818E-02  4.316718E-02  4.329443E-02  4.339883E-02  4.348142E-02      0.043563  4.364353E-02  4.372296E-02  4.380123E-02  4.387828E-02
  4.397304E-02  4.410226E-02  4.424441E-02  4.438073E-02  4.451096E-02  4.463485E-02  4.475217E-02  4.497332E-02  4.537491E-02  4.572001E-02             0
             0     0.0389105  3.910671E-02  3.922962E-02  3.931963E-02  3.941755E-02  3.952319E-02  3.962219E-02  3.969631E-02  3.975739E-02  3.982022E-02  3.990087E-02  4.001812E-02  4.015842E-02  4.030466E-02     0.0404564  4.061324E-02  4.077471E-02  4.094034E-02  4.110964E-02
  4.128209E-02  4.145718E-02  4.163437E-02  4.181312E-02  4.199287E-02  4.217307E-02  4.235317E-02     0.0425326  4.271083E-02     0.0428873     0.0430397  4.316879E-02  4.329613E-02     0.0434006  4.348324E-02  4.356487E-02  4.364545E-02  4.372491E-02  4.380322E-02  4.388031E-02
     0.0439751  4.410435E-02  4.424653E-02  4.438287E-02     0.0445131  4.463698E-02  4.475429E-02     0.0449754  4.537684E-02  4.572169E-02             0
             0     0.0389096  3.910584E-02  3.922878E-02  3.931881E-02  3.941676E-02  3.952243E-02  3.962146E-02  3.969561E-02  3.975672E-02  3.981956E-02  3.990025E-02  4.001755E-02  4.015791E-02     0.0403042  4.045601E-02  4.061292E-02  4.077446E-02  4.094017E-02  4.110954E-02
  4.128208E-02  4.145725E-02  4.163452E-02  4.181335E-02  4.199319E-02  4.217347E-02  4.235364E-02  4.253316E-02  4.271146E-02      0.042888  4.304047E-02  4.316961E-02  4.329699E-02     0.0434015  4.348416E-02  4.356582E-02  4.364642E-02     0.0437259  4.380422E-02  4.388133E-02
  4.397614E-02  4.410541E-02     0.0442476  4.438395E-02  4.451418E-02  4.463806E-02  4.475537E-02  4.497645E-02  4.537782E-02  4.572253E-02             0
