 51            10 
             0 -1.416319E-03  1.467429E-04  1.339996E-03  2.271657E-03  3.337709E-03  4.535515E-03  5.695917E-03  6.583284E-03  7.323675E-03  8.093963E-03  9.093396E-03     0.0105672  1.236016E-02  1.425547E-02  1.624637E-02     0.0183257  2.048589E-02  2.271902E-02  2.501688E-02
  2.737093E-02  2.977239E-02  3.221216E-02  3.468086E-02  3.716893E-02  3.966685E-02  4.216514E-02  4.465456E-02  4.712611E-02  4.957112E-02  5.168005E-02  5.346426E-02  5.522189E-02  5.666193E-02  5.779976E-02  5.892261E-02     0.0600297     0.0611203  6.219371E-02  6.324929E-02
  6.454568E-02  6.631026E-02  6.824644E-02     0.0700985  7.186332E-02  7.353836E-02  7.512155E-02  7.810105E-02  8.351267E-02  8.853303E-02             0
             0 -1.684223E-03 -1.131759E-04   1.08752E-03  2.025403E-03  3.098996E-03  4.305706E-03  5.475117E-03  6.369578E-03  7.115997E-03  7.892662E-03     0.0089005  1.038697E-02  1.219574E-02  1.410812E-02  1.611728E-02  1.821594E-02  2.039643E-02     0.0226507  2.497037E-02
  2.734676E-02     0.0297709  3.223353E-02  3.472506E-02  3.723577E-02  3.975589E-02  4.227578E-02  4.478599E-02  4.727732E-02  4.974094E-02  5.186496E-02  5.366129E-02  5.543014E-02  5.687876E-02  5.802304E-02  5.915188E-02  6.026452E-02  6.136023E-02     0.0624383  6.349808E-02
  6.479916E-02  6.656911E-02     0.0685097  7.036448E-02  7.213046E-02  7.380521E-02  7.538679E-02  7.836078E-02  8.374871E-02  8.872051E-02             0
             0 -5.857195E-03 -4.169057E-03 -2.856457E-03 -1.824204E-03 -6.354033E-04  7.081776E-04  2.016801E-03  3.021232E-03  3.861252E-03   4.73713E-03  5.875955E-03  7.560264E-03  9.616561E-03  1.179687E-02  1.409303E-02  1.649615E-02  1.899671E-02  2.158455E-02      0.024249
  2.697891E-02  2.976265E-02  3.258811E-02  3.544264E-02  3.831331E-02     0.0411871  4.405108E-02     0.0468925      0.049699     0.0524587  5.482264E-02  5.681105E-02     0.0587575  6.034137E-02     0.0615868  6.280961E-02  6.400889E-02  6.518382E-02  6.633364E-02  6.745768E-02
  6.882977E-02  7.067975E-02  7.268299E-02  7.457305E-02  7.634878E-02  7.800996E-02  7.955713E-02  8.242593E-02  8.740544E-02  9.158807E-02             0
             0 -9.195548E-03 -7.463832E-03 -6.090455E-03 -5.001456E-03 -3.737737E-03 -2.299376E-03 -8.892645E-04  1.979788E-04   1.10984E-03  2.063191E-03  3.305907E-03  5.150385E-03  7.411668E-03  9.817875E-03  1.235945E-02  1.502583E-02  1.780558E-02  2.068654E-02  2.365592E-02
  2.670036E-02  2.980593E-02  3.295807E-02  3.614144E-02     0.0393402  4.253824E-02  4.571932E-02  4.886724E-02  5.196596E-02  5.499987E-02  5.758471E-02  5.974848E-02  6.185488E-02  6.355818E-02  6.489137E-02  6.619389E-02  6.746464E-02  6.870265E-02  6.990709E-02  7.107726E-02
  7.249647E-02  7.439066E-02  7.641274E-02  7.829246E-02  8.003182E-02  8.163414E-02  8.310372E-02  8.578719E-02  9.024233E-02  9.365062E-02             0
             0 -1.144417E-02  -9.72512E-03 -8.335737E-03 -7.224939E-03 -5.925899E-03  -4.43649E-03  -2.96632E-03 -1.827389E-03 -8.693585E-04   1.35039E-04   1.44768E-03  3.402801E-03  5.809322E-03  8.378285E-03  1.109852E-02  1.395768E-02  1.694256E-02  2.003928E-02  2.323351E-02
  2.651045E-02  2.985483E-02  3.325069E-02  3.668119E-02  4.012879E-02  4.357541E-02  4.700256E-02  5.039131E-02  5.372245E-02  5.697668E-02  5.974006E-02  6.204554E-02  6.428045E-02  6.607834E-02  6.747995E-02  6.884324E-02  7.016676E-02  7.144929E-02  7.268988E-02     0.0738878
  7.533127E-02  7.723815E-02  7.924467E-02     0.0810826  8.275846E-02  8.428025E-02  8.565668E-02  8.813669E-02  9.211065E-02  9.493212E-02             0
             0 -1.291323E-02    -0.0112318 -9.850737E-03 -8.738463E-03 -7.428412E-03 -5.915924E-03 -4.413001E-03 -3.243249E-03 -2.256441E-03 -1.219077E-03  1.400083E-04   2.17095E-03  4.679566E-03  7.364334E-03  1.021212E-02     0.0132087  1.633918E-02  1.958839E-02  2.294095E-02
  2.638135E-02  2.989378E-02  3.346185E-02     0.0370682  4.069473E-02     0.0443226     0.0479322  5.150306E-02  5.501376E-02  5.844194E-02  6.134918E-02  6.377015E-02  6.611041E-02  6.798561E-02  6.944261E-02  7.085417E-02  7.221829E-02  7.353333E-02  7.479808E-02  7.601172E-02
  7.746446E-02  7.936354E-02  8.133323E-02  8.311217E-02  8.471292E-02  8.614894E-02  8.743357E-02  8.972498E-02  9.331141E-02  9.572211E-02             0
             0 -1.367463E-02 -1.202739E-02 -1.066128E-02 -9.555959E-03 -8.247958E-03 -6.730448E-03 -5.214979E-03 -4.031139E-03 -3.030147E-03 -1.975624E-03 -5.913966E-04  1.482168E-03  4.049483E-03  6.801027E-03  9.721862E-03  1.279626E-02  1.600827E-02  1.934198E-02  2.278161E-02
  2.631148E-02  2.991578E-02  3.357821E-02  3.728153E-02  4.100773E-02  4.473802E-02  4.845271E-02  5.213098E-02  5.575065E-02  5.928793E-02  6.228866E-02  6.478669E-02  6.719895E-02  6.912787E-02  7.062346E-02  7.206836E-02  7.345983E-02  7.479554E-02  7.607386E-02  7.729383E-02
  7.874566E-02  8.062652E-02  8.255495E-02  8.427913E-02  8.581753E-02  8.718814E-02  8.840734E-02     0.0905717  9.392654E-02  9.611551E-02             0
             0 -1.400568E-02 -1.237658E-02 -1.101968E-02 -9.919496E-03  -8.61474E-03 -7.097383E-03 -5.578083E-03 -4.388809E-03 -3.381883E-03 -2.319791E-03 -9.240945E-04  1.169419E-03  3.764371E-03  6.547117E-03  9.501693E-03  1.261165E-02  1.586054E-02     0.0192322  2.271073E-02
  2.628045E-02  2.992562E-02  3.363007E-02  3.737669E-02  4.114762E-02  4.492421E-02     0.0486869  5.241489E-02  5.608588E-02  5.967572E-02  6.272277E-02  6.525997E-02  6.770987E-02     0.0696677     0.0711844  7.264777E-02  7.405432E-02  7.540112E-02      0.076686  7.790785E-02
  7.935642E-02  8.122265E-02  8.312409E-02  8.481586E-02  8.631986E-02  8.765617E-02  8.884238E-02  9.094467E-02  9.419262E-02  9.628361E-02             0
             0 -1.418579E-02 -1.256749E-02 -1.121641E-02 -1.011972E-02 -8.817543E-03 -7.301162E-03 -5.780479E-03 -4.588565E-03 -3.578513E-03 -2.512232E-03 -1.110019E-03  9.949948E-04  3.605821E-03  6.406313E-03  9.379895E-03  1.250972E-02     0.0157791  1.917175E-02  2.267174E-02
  2.626339E-02  2.993104E-02  3.365861E-02  3.742909E-02  4.122473E-02      0.045027  4.881644E-02  5.257235E-02  5.627244E-02  5.989246E-02  6.296661E-02  6.552713E-02  6.799996E-02     0.0699759     0.0715061  7.298151E-02  7.439809E-02  7.575222E-02  7.704116E-02  7.826347E-02
  7.970853E-02  8.156331E-02  8.344608E-02  8.511693E-02  8.659969E-02  8.791547E-02  8.908237E-02  9.114891E-02  9.433702E-02  9.637432E-02             0
             0 -1.427694E-02 -1.266442E-02 -1.131657E-02 -1.022189E-02 -8.921357E-03  -7.40587E-03 -5.884851E-03 -4.691788E-03 -3.680216E-03 -2.611764E-03 -1.206078E-03  9.051042E-04  3.524347E-03  6.334133E-03  9.317579E-03  1.245764E-02  1.573754E-02  1.914092E-02  2.265186E-02
     0.0262547     0.0299338  3.367315E-02     0.0374558  4.126406E-02  4.507949E-02  4.888268E-02  5.265301E-02  5.636824E-02  6.000411E-02  6.309268E-02  6.566582E-02  6.815131E-02  7.013758E-02  7.167571E-02  7.315845E-02  7.458136E-02     0.0759403  7.723179E-02     0.0784538
  7.989568E-02  8.174241E-02  8.361372E-02  8.527255E-02  8.674356E-02  8.804826E-02     0.0892049  9.125268E-02  9.440998E-02  9.641999E-02             0
