 51            10 
             0    -0.1152235    -0.1189228     -0.116676     -0.114209    -0.1109447    -0.1069966    -0.1030113 -9.990317E-02 -9.728426E-02 -9.453803E-02 -9.095196E-02 -8.562393E-02 -7.909518E-02 -7.215908E-02 -6.484742E-02 -5.719114E-02 -4.921941E-02 -4.095805E-02 -3.242647E-02
    -0.0236319 -1.456122E-02 -5.181614E-03  4.374751E-03  1.400957E-02     0.0236466  3.322422E-02  4.269072E-02  5.200139E-02  6.111678E-02  6.889112E-02  7.540983E-02  8.177148E-02  8.693288E-02  9.098376E-02  9.495374E-02  9.884039E-02     0.1026415     0.1063552     0.1099797
     0.1143968     0.1203384     0.1267522     0.1327844     0.1384322     0.1436952     0.1485745     0.1575695     0.1726961      0.179371             0
             0    -0.1175638    -0.1214091    -0.1191614    -0.1166754     -0.113376    -0.1093768    -0.1053321    -0.1021734    -0.0995096 -9.671391E-02 -9.306028E-02 -8.762574E-02 -8.095764E-02     -0.073866 -6.638438E-02 -5.854515E-02 -5.037827E-02 -4.191054E-02 -3.316322E-02
    -0.0241464 -1.485023E-02 -5.244011E-03  4.540071E-03     0.0144013  2.426114E-02  3.405575E-02  4.373122E-02  5.324068E-02  6.254248E-02     0.0704672  7.710558E-02  8.357689E-02  8.882076E-02  9.293264E-02  9.695853E-02     0.1008959     0.1047425     0.1084964     0.1121558
     0.1166103     0.1225908     0.1290299     0.1350694      0.140708     0.1459468     0.1507888     0.1596868     0.1745002     0.1806347             0
             0    -0.1542085     -0.160545    -0.1583635    -0.1556102    -0.1517563     -0.146923    -0.1419029    -0.1379146     -0.134516    -0.1309145    -0.1261651    -0.1190126    -0.1101097    -0.1005273 -9.031933E-02 -7.954112E-02 -6.824637E-02 -5.648494E-02 -4.429849E-02
 -3.171222E-02 -1.872232E-02 -5.295507E-03  8.364971E-03  2.210015E-02  3.578139E-02  4.929911E-02  6.255565E-02  7.546096E-02  8.793059E-02  9.839102E-02     0.1070316     0.1153184     0.1219083      0.127004     0.1319177      0.136645     0.1411821     0.1455264     0.1496763
     0.1546197     0.1610294     0.1675879     0.1734061     0.1785204     0.1829742     0.1868146     0.1933642     0.2016952     0.1980851             0
             0    -0.1898768    -0.2004239    -0.1993852    -0.1970848    -0.1933507     -0.188264    -0.1826588    -0.1780444    -0.1740304    -0.1696978    -0.1638897    -0.1549551    -0.1435806    -0.1311339    -0.1177207    -0.1034503 -8.842541E-02 -7.273594E-02 -5.645125E-02
 -3.960885E-02 -2.219886E-02 -4.167233E-03     0.0142099  3.271949E-02     0.0511872  6.945721E-02     0.0873783     0.1047948     0.1215422     0.1354589     0.1468261     0.1575584     0.1659157     0.1722664     0.1782663     0.1839027     0.1891658     0.1940498     0.1985524
     0.2037058     0.2099412     0.2156482     0.2200625     0.2233362     0.2256301     0.2271009     0.2286824     0.2263951     0.2115544             0
             0     -0.218322      -0.23441    -0.2357158     -0.234755    -0.2320408    -0.2275349    -0.2219498    -0.2170509    -0.2126415    -0.2077426     -0.201014    -0.1903598    -0.1764306    -0.1609512    -0.1441475    -0.1262378    -0.1074094 -8.780666E-02 -6.752281E-02
 -4.658865E-02 -2.495777E-02 -2.516662E-03  2.042991E-02  4.366451E-02  6.701692E-02  9.032955E-02     0.1134299     0.1361078     0.1580986     0.1764505     0.1914148     0.2054328     0.2161713     0.2241935     0.2315993     0.2383482     0.2444092     0.2497632     0.2544043
     0.2593244     0.2644302     0.2678132     0.2691557     0.2689001     0.2674607     0.2651902      0.259545     0.2449573     0.2203771             0
             0    -0.2395724    -0.2618863    -0.2665589    -0.2677896    -0.2670456    -0.2640541    -0.2591624    -0.2543272    -0.2497175      -0.24436    -0.2367415    -0.2242246    -0.2074138    -0.1885576    -0.1681147    -0.1464771    -0.1239385    -0.1006898 -7.682228E-02
 -5.232564E-02 -2.707851E-02 -8.664586E-04  2.603579E-02  5.347082E-02  8.134418E-02     0.1095761     0.1380576     0.1666054     0.1949119     0.2190439     0.2389694       0.25776     0.2721037     0.2826993     0.2922752     0.3007037     0.3078808     0.3137392     0.3182572
     0.3222643     0.3246709     0.3234026     0.3192787     0.3133605     0.3064839      0.299241     0.2847815     0.2581607     0.2260196             0
             0    -0.2517653    -0.2790377    -0.2870075    -0.2906419    -0.2923558    -0.2915801    -0.2880212    -0.2836064    -0.2789953    -0.2732821    -0.2647948    -0.2503087    -0.2305329    -0.2084425    -0.1847903    -0.1601217    -0.1347824    -0.1089528 -8.267719E-02
 -5.587599E-02 -2.834089E-02  2.443575E-04  2.966429E-02  5.984805E-02  9.081168E-02     0.1226084     0.1552813     0.1888077     0.2230195     0.2531785       0.27875     0.3034863     0.3227417     0.3370352     0.3498722     0.3608945     0.3697737     0.3762696     0.3802949
     0.3823649     0.3798773     0.3713629     0.3598225     0.3471449     0.3344982     0.3225184     0.3004638     0.2654426     0.2288991             0
             0    -0.2573128    -0.2872063    -0.2971413    -0.3023349    -0.3058201    -0.3068697     -0.304623    -0.3007265    -0.2962117     -0.290243    -0.2810374    -0.2649548    -0.2430177    -0.2188054    -0.1932272    -0.1668646    -0.1400449    -0.1129082 -8.545136E-02
    -0.0575445 -2.892569E-02   7.79596E-04  3.139397E-02  6.289995E-02  9.538379E-02     0.1289895     0.1638781     0.2001775     0.2379063     0.2719768     0.3015222     0.3308659     0.3543794     0.3721484     0.3883195     0.4022212     0.4131214     0.4203698     0.4236576
     0.4232198      0.415267     0.4000473     0.3826201      0.365197     0.3488747     0.3341051     0.3078703     0.2686956     0.2301425             0
             0    -0.2603984    -0.2918615    -0.3030545    -0.3093027    -0.3140788    -0.3166087    -0.3156085    -0.3122958    -0.3079318    -0.3017246     -0.291825    -0.2743388    -0.2507353    -0.2250373    -0.1981991    -0.1707804    -0.1430687    -0.1151637 -8.702464E-02
 -5.848685E-02 -2.925388E-02  1.084879E-03  3.237652E-02  6.463751E-02  9.799934E-02     0.1326669     0.1688844     0.2068953     0.2468807     0.2835988     0.3159904     0.3488873     0.3760246     0.3970107     0.4165956     0.4338194     0.4473984     0.4558225     0.4579242
     0.4540959     0.4401802     0.4189823     0.3969669     0.3761706     0.3573989     0.3408563     0.3120666     0.2704886     0.2308167             0
             0    -0.2619817    -0.2942902    -0.3061949    -0.3130688    -0.3186672    -0.3222534    -0.3223274     -0.319647    -0.3154966     -0.309031    -0.2984428    -0.2798021    -0.2550469    -0.2284265    -0.2008564    -0.1728491    -0.1446537    -0.1163396 -8.784188E-02
 -5.897503E-02 -2.942326E-02  1.243882E-03  3.288718E-02  6.554197E-02  9.936523E-02     0.1345969     0.1715309     0.2104841     0.2517489     0.2900358     0.3242029      0.359485     0.3893319     0.4129908     0.4358318     0.4568684     0.4744352     0.4856088      0.484991
     0.4761497     0.4561067     0.4301852     0.4050566     0.3821725     0.3619695     0.3444299     0.3142456     0.2714034     0.2311572             0
