 51            10 
             0    -0.2560381    -0.2469718    -0.2397991    -0.2341493    -0.2276394    -0.2202768    -0.2130977    -0.2075815    -0.2029648    -0.1981475    -0.1918795    -0.1826011    -0.1712666    -0.1592522    -0.1466161    -0.1334201    -0.1197268    -0.1056076 -9.115063E-02
 -7.649045E-02 -6.228571E-02 -5.017423E-02 -3.000775E-02 -1.159723E-02  5.934193E-03  2.294207E-02  3.955175E-02     0.0557872     0.0716281  8.510988E-02     0.0964001     0.1074058      0.116325     0.1233199     0.1301697     0.1368705      0.143419     0.1498125     0.1560489
     0.1636463     0.1738635     0.1848937     0.1952701     0.2049854     0.2140332     0.2224167     0.2378742     0.2641749     0.2829392             0
             0    -0.2611455    -0.2520281    -0.2447843    -0.2390806    -0.2325103    -0.2250678    -0.2177935    -0.2121929    -0.2074987    -0.2025931    -0.1962006    -0.1867167    -0.1751023    -0.1627709    -0.1497969     -0.136251    -0.1221801    -0.1076469     -0.092742
 -7.761318E-02 -6.296195E-02 -4.526812E-02    -0.0274013  -9.92873E-03   7.38654E-03  2.449076E-02  4.133053E-02  5.785068E-02  7.399288E-02  8.773427E-02  9.923751E-02     0.1104417     0.1195103     0.1266142     0.1335614     0.1403464      0.146965     0.1534134       0.15969
     0.1673241      0.177601     0.1886858     0.1991173      0.208878      0.217917     0.2262534     0.2415666      0.267405     0.2885773             0
             0    -0.3390162    -0.3294354    -0.3212906    -0.3146775    -0.3068316    -0.2976904    -0.2885162    -0.2813213    -0.2752211    -0.2687763    -0.2602916    -0.2475255    -0.2316348    -0.2145354    -0.1963521    -0.1772113     -0.157208    -0.1364595    -0.1151215
 -9.342968E-02    -0.0724107 -4.702963E-02 -2.144649E-02  3.503004E-03  2.812913E-02  5.232105E-02     0.0759635  9.893344E-02      0.121099     0.1396707      0.154994     0.1696681     0.1813137     0.1903031     0.1989537     0.2072559      0.215202     0.2227868     0.2300087
     0.2385874     0.2497017     0.2610434     0.2710786     0.2798703     0.2874471     0.2939108     0.3048236     0.3185035     0.3221953             0
             0    -0.4159337    -0.4098987    -0.4032824    -0.3973668    -0.3897349    -0.3801623    -0.3699186    -0.3615436    -0.3542658    -0.3464043    -0.3358473    -0.3195526    -0.2987249    -0.2758914    -0.2513117    -0.2252527    -0.1979209    -0.1695312    -0.1403275
    -0.1106406 -8.186465E-02 -4.705697E-02 -1.196042E-02  2.230891E-02  5.619235E-02  8.953544E-02     0.1221532     0.1538195     0.1842613     0.2095515     0.2301955       0.24966     0.2647797     0.2762409     0.2870337     0.2971301      0.306509     0.3151571     0.3230705
     0.3320538     0.3428009      0.352458     0.3597229     0.3649268     0.3683341     0.3702509     0.3716682     0.3652154     0.3482977             0
             0    -0.4782986    -0.4804724    -0.4786864    -0.4758149    -0.4707303     -0.462844     -0.453001    -0.4442164    -0.4362116    -0.4272127     -0.414723    -0.3946941    -0.3682342    -0.3387331    -0.3067911    -0.2729788    -0.2377042    -0.2013105    -0.1641142
    -0.1264908 -9.011852E-02 -4.608942E-02 -1.625908E-03  4.200577E-02  8.549333E-02     0.1287469     0.1715984     0.2137652     0.2548153     0.2892271     0.3173674     0.3437712     0.3639815     0.3790385     0.3928673      0.405365     0.4164509     0.4260733     0.4342153
     0.4425696     0.4506403     0.4550921       0.45565     0.4533921     0.4491206     0.4435014     0.4305969     0.4004633     0.3654437             0
             0    -0.5257264    -0.5397843    -0.5463502    -0.5493757    -0.5500295    -0.5469888    -0.5397756     -0.531626    -0.5233709    -0.5133321    -0.4985822    -0.4735914    -0.4394834    -0.4012823    -0.3603168    -0.3176541    -0.2739298    -0.2295521     -0.184806
    -0.1399918 -9.691355E-02 -4.481555E-02  7.907471E-03  6.002419E-02     0.1126222     0.1658795     0.2198823     0.2745518     0.3295386     0.3772633     0.4172516     0.4555052     0.4850304     0.5069003     0.5265954     0.5436943      0.557825     0.5687244     0.5762964
     0.5817291     0.5817554     0.5734619     0.5599263     0.5439861      0.527303     0.5108469     0.4794565     0.4256351     0.3764278             0
             0    -0.5534379    -0.5786505    -0.5948263    -0.6056091    -0.6151122    -0.6211293    -0.6203396    -0.6147276    -0.6069666     -0.595718    -0.5775259    -0.5447987     -0.500028    -0.4512658    -0.4007262     -0.349761    -0.2989224    -0.2484096    -0.1982741
    -0.1486012    -0.1011465    -0.0438577  1.422079E-02  7.201313E-02     0.1310364     0.1918877     0.2551824     0.3215094     0.3913234     0.4555357     0.5121913     0.5695646      0.616449     0.6522645     0.6850911     0.7133037     0.7350879     0.7488095     0.7536799
     0.7496725      0.728232     0.6927707      0.654725     0.6189375     0.5869566     0.5589659     0.5104079     0.4395774     0.3820392             0
             0    -0.5661682    -0.5977406    -0.6202828    -0.6369094    -0.6542812    -0.6703376     -0.679188    -0.6788085    -0.6727421    -0.6594723    -0.6356337    -0.5926612    -0.5371039    -0.4796726    -0.4224278    -0.3663007    -0.3114153    -0.2576346    -0.2047627
    -0.1527039    -0.1031434 -4.337892E-02  1.726366E-02  7.781843E-02     0.1400605     0.2048787     0.2733108     0.3465869     0.4261625     0.5027465     0.5736222     0.6500308     0.7177083     0.7727762     0.8268052     0.8762847     0.9155979      0.937108     0.9340703
     0.9077359     0.8481899     0.7774579     0.7145389     0.6621131     0.6190882     0.5836991     0.5252031     0.4458205     0.3844633             0
             0     -0.573285    -0.6088154    -0.6356991    -0.6567062    -0.6808329    -0.7075253    -0.7307832     -0.742753    -0.7435266    -0.7232338    -0.6868131    -0.6290915    -0.5624742    -0.4978337    -0.4357117    -0.3761432    -0.3187121    -0.2629556     -0.208474
    -0.1550369    -0.1042735 -4.310145E-02  1.900172E-02  8.114351E-02     0.1452628     0.2124466     0.2840384     0.3617748     0.4480013     0.5337625     0.6162247     0.7101814     0.8004932     0.8799352     0.9662474      1.056561      1.141662       1.19713      1.160636
      1.076803     0.9539666     0.8417314     0.7555175     0.6897305     0.6387309     0.5983892     0.5336425     0.4492659     0.3857781             0
             0    -0.5769495    -0.6146692    -0.6441403    -0.6680098    -0.6972473    -0.7343243    -0.7796912    -0.8284786    -0.8754866    -0.8088645    -0.7355055    -0.6554968    -0.5782737    -0.5082854    -0.4430371    -0.3814403     -0.322582    -0.2657519    -0.2104126
    -0.1562509    -0.1048597 -4.295556E-02  1.990825E-02     0.0828812     0.1479937     0.2164483     0.2897753     0.3700408      0.460223      0.551859     0.6424331     0.7503209      0.862165     0.9694818      1.102551      1.274662      1.510056      1.868552       1.53287
      1.268521      1.042132      0.885794     0.7805696     0.7055181     0.6495246     0.6062787     0.5380457     0.4510252     0.3864422             0
