 51            10 
             0    -0.3434879    -0.3313997    -0.3218347    -0.3143031    -0.3056276    -0.2958158    -0.2862475    -0.2788947    -0.2727404     -0.266318    -0.2579606    -0.2455873     -0.230469    -0.2144421    -0.1975869    -0.1799862    -0.1617158    -0.1428624    -0.1235346
    -0.1039092 -8.456811E-02 -6.514853E-02 -4.156533E-02 -1.836539E-02  4.451873E-03  2.687829E-02  4.888788E-02  7.043333E-02  9.144668E-02     0.1092921     0.1241889     0.1386363      0.150253     0.1592958     0.1680655      0.176537     0.1846815     0.1924658     0.1998523
     0.2085357      0.221465     0.2357983     0.2508084      0.266566     0.2805091     0.2929569     0.3152886     0.3520114     0.3823688             0
             0    -0.3503774    -0.3382274     -0.328551     -0.320949    -0.3122184    -0.3023231    -0.2926454    -0.2851916    -0.2789423    -0.2724088    -0.2638902     -0.251239     -0.235732    -0.2192535    -0.2019308    -0.1838863    -0.1651237    -0.1457091    -0.1257545
    -0.1054435    -0.0852711 -6.345163E-02 -3.949143E-02 -1.628316E-02  6.586549E-03  2.916056E-02  5.143296E-02     0.0733529     0.0948415     0.1131857     0.1285704     0.1435793     0.1557423     0.1652735     0.1745926      0.183688     0.1925483     0.2011506     0.2094445
     0.2192879     0.2334373      0.248355     0.2627492     0.2762468     0.2885382     0.2998773     0.3207473     0.3560056     0.3851061             0
             0    -0.4543024    -0.4415522    -0.4306837    -0.4218766    -0.4114583    -0.3993113    -0.3871112    -0.3775387    -0.3694192    -0.3608369    -0.3495307    -0.3324994    -0.3112769    -0.2884187    -0.2641311    -0.2386253    -0.2119459    -0.1842252    -0.1556592
    -0.1265447 -9.762365E-02 -6.636772E-02 -3.211517E-02  9.634972E-04     0.0334268  6.529348E-02  9.650482E-02     0.1269306     0.1563947     0.1811606     0.2016403     0.2212934     0.2369193     0.2489911     0.2606123     0.2717649     0.2824331     0.2925905     0.3021822
     0.3133154     0.3287081     0.3441344     0.3581181     0.3704418     0.3809077     0.3898696     0.4050956     0.4245063     0.4302194             0
             0    -0.5570557    -0.5491296    -0.5403686    -0.5325303    -0.5224386    -0.5097576    -0.4961618     -0.485032    -0.4753513     -0.464884    -0.4508125    -0.4290563    -0.4012029    -0.3706337    -0.3377497    -0.3029826    -0.2664964    -0.2285448    -0.1894396
    -0.1496062    -0.1100641 -6.737365E-02 -2.055833E-02     0.0247108  6.920996E-02     0.1129563     0.1558339     0.1975922     0.2378743     0.2714513     0.2989294     0.3249069     0.3451413     0.3605051     0.3749933     0.3885632     0.4011822     0.4128153     0.4234064
     0.4352036       0.45031     0.4638499     0.4743907     0.4821683     0.4873655     0.4905413     0.4936083     0.4869279     0.4652855             0
             0    -0.6405126    -0.6438097    -0.6417168    -0.6380753    -0.6315235    -0.6212319    -0.6082675    -0.5966358    -0.5860046    -0.5740213    -0.5573496    -0.5305307    -0.4950057    -0.4553559    -0.4124565    -0.3672154    -0.3200271    -0.2713044    -0.2214527
     -0.170961    -0.1210282 -6.722759E-02 -8.119945E-03  4.931519E-02     0.1062107     0.1627162     0.2187716     0.2740703     0.3280584     0.3734474     0.4106543     0.4456636     0.4725496      0.492628     0.5111146     0.5278683     0.5427828     0.5557798     0.5668005
     0.5780239     0.5898148     0.5970346     0.5990224     0.5972224      0.592682     0.5862743     0.5710531     0.5338339     0.4883044             0
             0    -0.7041296    -0.7238219    -0.7334068    -0.7380078    -0.7395439    -0.7361721    -0.7270424    -0.7163991    -0.7054821    -0.6920886    -0.6722866    -0.6385338    -0.5923048    -0.5405389    -0.4851233    -0.4277506    -0.3690514    -0.3094955    -0.2494323
    -0.1892466    -0.1301291 -6.662743E-02  3.291233E-03  7.171509E-02     0.1403221     0.2096492     0.2799979     0.3513469     0.4232679     0.4858356     0.5383691     0.5887514     0.6277609     0.6567265     0.6828851     0.7056773     0.7246259     0.7393978     0.7498726
     0.7577489     0.7590448     0.7502327     0.7339205     0.7143244     0.6939456     0.6737212     0.6348926     0.5672144     0.5030401             0
             0     -0.741401    -0.7766526     -0.799911    -0.8155861     -0.829916    -0.8398588    -0.8403602    -0.8336084    -0.8235081    -0.8083618    -0.7834777    -0.7383354    -0.6765755    -0.6096409    -0.5406075    -0.4716359    -0.4031067    -0.3351387    -0.2677306
    -0.2009616    -0.1358344 -6.608781E-02  1.083741E-02  8.660189E-02     0.1634562     0.2425061     0.3247648     0.4111004     0.5021579        0.5861     0.6603168     0.7356561     0.7973863     0.8446251     0.8879986     0.9253618     0.9543754     0.9729912     0.9803287
      0.976902     0.9495761     0.9055869      0.856917     0.8110871     0.7710037     0.7359917     0.6751801     0.5856559     0.5105638             0
             0    -0.7585492    -0.8027341    -0.8351697    -0.8593401     -0.885331     -0.910529    -0.9261594    -0.9278647    -0.9205402    -0.9021888    -0.8682982    -0.8072009    -0.7291266    -0.6494087    -0.5706547    -0.4943734    -0.4201995    -0.3477215    -0.2765676
    -0.2065563     -0.138533 -6.580567E-02     0.0144745  9.381089E-02     0.1747961     0.2589276     0.3477808     0.4430737     0.5467796     0.6468412     0.7396573     0.8399614     0.9289749      1.001424       1.07244      1.137324        1.1888      1.217384      1.215453
      1.185252      1.107411      1.016874     0.9350364     0.8669283     0.8125167     0.7679781     0.6944122     0.5939046     0.5138132             0
             0    -0.7681437      -0.81791    -0.8566534    -0.8872708    -0.9234648    -0.9653121     -1.004526     -1.026775     -1.030047     -1.000856    -0.9461098    -0.8609538    -0.7656168    -0.6750577    -0.5891449    -0.5079498    -0.4302059    -0.3549913    -0.2816283
    -0.2097413    -0.1400621 -6.563927E-02  1.655222E-02  9.794055E-02     0.1813352     0.2684982     0.3614112     0.4624628      0.574806     0.6868551     0.7948571     0.9181827      1.036783      1.140849        1.2532      1.369285      1.476302      1.543618      1.504686
      1.407322       1.24766      1.101897     0.9888592     0.9027098      0.837907      0.786975      0.705376     0.5984545     0.5155753             0
             0     -0.773087    -0.8259495    -0.8684767    -0.9033571    -0.9474301     -1.006053     -1.082305     -1.162433     -1.224316     -1.136388     -1.023598    -0.9011503    -0.7887111    -0.6899419    -0.5993867    -0.5152753    -0.4355215    -0.3588159    -0.2842741
    -0.2113998    -0.1408559 -6.555091E-02  1.763603E-02      0.100099     0.1847685     0.2735606     0.3687049     0.4730257     0.5905144     0.7102494     0.8288885     0.9704461      1.116951      1.256554      1.427016      1.640796      1.915906      2.276491      1.949908
      1.653032         1.365      1.160498      1.021956     0.9232007     0.8518668     0.7971782     0.7110946     0.6007771     0.5164654             0
