 51            10 
             0    -0.3458241    -0.3340577    -0.3249706    -0.3176388    -0.3090578    -0.2994902    -0.2902859    -0.2832843    -0.2774639    -0.2714322     -0.263639    -0.2522266    -0.2382547    -0.2228947    -0.2054452     -0.186533    -0.1677972    -0.1482882    -0.1280018
    -0.1077332 -8.753774E-02 -6.654475E-02 -4.488435E-02 -2.364918E-02 -1.845625E-03  2.038182E-02  4.178183E-02  6.339807E-02  8.511885E-02     0.1031778     0.1180387     0.1322503     0.1435093     0.1521779     0.1610734     0.1701666      0.178855     0.1871184      0.195573
     0.2063579     0.2201475     0.2352471     0.2495867     0.2619132     0.2752087     0.2890261     0.3128761     0.3500121      0.381591             0
             0    -0.3519498    -0.3400257    -0.3307659    -0.3233024    -0.3145729    -0.3048088    -0.2953787     -0.288184    -0.2821917    -0.2759704    -0.2679191     -0.256106    -0.2416403    -0.2257738    -0.2078827    -0.1886138    -0.1694847    -0.1495129     -0.128704
    -0.1078377 -8.697788E-02 -6.530941E-02 -4.300234E-02 -2.112565E-02  1.265745E-03  2.400053E-02  4.588997E-02  6.799803E-02  9.018721E-02     0.1086724     0.1239183     0.1385312     0.1501233     0.1590414     0.1681618     0.1774435     0.1862915     0.1946943      0.203275
     0.2141756      0.228107     0.2433588     0.2577879     0.2701895     0.2833384     0.2965803     0.3192793     0.3550894     0.3850324             0
             0    -0.4565064    -0.4441872    -0.4339364    -0.4253992     -0.415103    -0.4032325    -0.3914302    -0.3822396    -0.3744859    -0.3663371    -0.3556691    -0.3397653    -0.3199228    -0.2978239    -0.2726105    -0.2452229    -0.2179982    -0.1894946    -0.1597284
    -0.1298396 -9.995049E-02 -6.892544E-02 -3.703876E-02 -5.854247E-03  2.593253E-02  5.803926E-02  8.873507E-02     0.1194474     0.1499316     0.1749648     0.1953417     0.2145728     0.2295551      0.240924     0.2523733      0.263851     0.2746105     0.2846408      0.294674
     0.3071705     0.3226186     0.3386683     0.3530674     0.3647011     0.3761156       0.38688     0.4039434     0.4245314     0.4303998             0
             0    -0.5610395    -0.5545496    -0.5471519    -0.5401902     -0.530879    -0.5190859     -0.506348      -0.49588    -0.4867629    -0.4769024    -0.4636599    -0.4432608    -0.4169313     -0.386916    -0.3521868    -0.3141884    -0.2765558    -0.2372414    -0.1962773
    -0.1552386     -0.114283 -7.183514E-02    -0.0282414  1.438817E-02  5.785669E-02     0.1017786     0.1437639     0.1857079     0.2271747     0.2609588     0.2881986      0.313563     0.3329633     0.3474569     0.3617799     0.3758539     0.3887374     0.4004164     0.4117197
     0.4253288     0.4411749     0.4560318     0.4678891     0.4761145     0.4825448     0.4872724     0.4922481     0.4877284     0.4656808             0
             0    -0.6475303    -0.6551619    -0.6567619    -0.6559837    -0.6524372    -0.6450655    -0.6343406    -0.6240536    -0.6143515    -0.6031568    -0.5873238    -0.5614907    -0.5265599    -0.4858972     -0.438659     -0.387223    -0.3371709     -0.285667    -0.2326694
    -0.1801181    -0.1280669 -7.436278E-02 -1.927438E-02  3.469877E-02  9.000377E-02      0.146275     0.2005531     0.2553378     0.3099737     0.3547604     0.3908986     0.4243983     0.4497109     0.4683592     0.4864193     0.5037316      0.519062     0.5323692     0.5445431
     0.5582944     0.5724397     0.5826773     0.5880569     0.5891985     0.5867589     0.5817179     0.5688596     0.5351155     0.4888593             0
             0    -0.7150898    -0.7449129    -0.7638454    -0.7765349     -0.787402    -0.7932392    -0.7907789    -0.7834751    -0.7742996    -0.7616795     -0.741736    -0.7060407    -0.6557611    -0.5975794    -0.5316854     -0.461998    -0.3966962    -0.3316092    -0.2662412
    -0.2026131    -0.1403943 -7.667645E-02 -1.144378E-02  5.266359E-02     0.1188865     0.1870939     0.2540335     0.3231247     0.3937001     0.4530906     0.5019013      0.547802     0.5826777     0.6082383     0.6325974     0.6552943     0.6744269     0.6897747      0.702188
     0.7140514     0.7219277      0.720697     0.7126538      0.701165     0.6850883     0.6664858     0.6312836     0.5687288     0.5037054             0
             0    -0.7557715    -0.8084486      -0.85026    -0.8838285    -0.9212583    -0.9567847    -0.9776732    -0.9807435    -0.9745733    -0.9589092    -0.9285612    -0.8695585    -0.7893502    -0.7031873    -0.6124956    -0.5219817     -0.441502    -0.3645229    -0.2893966
    -0.2177349    -0.1485816 -7.828604E-02 -6.461791E-03  6.432387E-02     0.1380236     0.2148917     0.2917928     0.3733689     0.4595824     0.5354869     0.6004689     0.6644092     0.7152504     0.7534276     0.7902887     0.8243185      0.851508     0.8704192     0.8811517
      0.885124     0.8753418     0.8500749     0.8192342      0.789954     0.7579594     0.7254638     0.6701511     0.5872313     0.5112882             0
             0    -0.7747745    -0.8412294    -0.8997166    -0.9511265     -1.015914     -1.090372     -1.153073     -1.180743     -1.183287     -1.159088     -1.104398     -1.004094    -0.8853344    -0.7712309    -0.6602995    -0.5551212    -0.4650723    -0.3812532    -0.3008837
    -0.2251205    -0.1525506 -7.908271E-02 -4.099012E-03     0.0699122     0.1473017     0.2285905     0.3108383     0.3996027     0.4956694     0.5833712     0.6614503     0.7424178      0.811405     0.8661409     0.9222667     0.9767016      1.020846      1.047922      1.052049
      1.035768     0.9935502     0.9373803     0.8836542     0.8396487     0.7965361     0.7553251      0.688567     0.5954913     0.5145635             0
             0    -0.7854934    -0.8607879    -0.9312827    -0.9971148     -1.087611     -1.207867     -1.339887     -1.430344     -1.468968     -1.408873     -1.291658     -1.122583    -0.9584725    -0.8183061    -0.6912975    -0.5756435    -0.4792286    -0.3911006    -0.3075528
    -0.2293717    -0.1548259 -7.954387E-02 -2.759422E-03     0.0730976     0.1526227     0.2365171     0.3220048      0.415304     0.5179393     0.6141873     0.7026822     0.7989872     0.8873349     0.9626912      1.047831      1.140525      1.227466      1.287063      1.262025
      1.192115      1.094445      1.001854     0.9267054     0.8709072     0.8198996     0.7729195      0.699024      0.600043     0.5163399             0
             0    -0.7910465    -0.8713411    -0.9493061     -1.025173     -1.136653     -1.305396     -1.550095     -1.833911     -2.170745     -1.812574       -1.5022     -1.220892     -1.008649    -0.8472608    -0.7091873    -0.5870213    -0.4868866    -0.3963476    -0.3110713
    -0.2316012    -0.1560158 -7.978649E-02 -2.063911E-03     0.0747573     0.1554066     0.2406899     0.3279393     0.4237797     0.5302632     0.6318934     0.7275622     0.8358663     0.9424334      1.041202       1.16825       1.33626      1.559607      1.879043      1.606813
       1.36765      1.176834      1.045243     0.9525326     0.8885478     0.8326535     0.7823164     0.7044635     0.6023649     0.5172371             0
