 51            10 
             0    -0.3433214     -0.331244    -0.3216856    -0.3141559    -0.3054793    -0.2956658    -0.2860965    -0.2787436    -0.2725895     -0.266168    -0.2578126    -0.2454441    -0.2303344    -0.2143181    -0.1974729     -0.179881    -0.1616259    -0.1428029    -0.1235294
    -0.1039847 -8.504702E-02 -6.890111E-02 -4.201589E-02 -1.747097E-02  5.902302E-03  2.857782E-02  5.072266E-02     0.0723687  9.348889E-02     0.1114639      0.126517     0.1411909     0.1530831     0.1624094     0.1715424     0.1804769     0.1892084     0.1977332     0.2060485
     0.2161787     0.2298023     0.2445102     0.2583467      0.271302     0.2833675     0.2945475     0.3151622     0.3502438     0.3753186             0
             0    -0.3501322    -0.3379865    -0.3283332    -0.3207316    -0.3119745    -0.3020544    -0.2923582    -0.2848926    -0.2786353    -0.2720961    -0.2635747    -0.2509321    -0.2354493    -0.2190105    -0.2017146    -0.1836562    -0.1648978    -0.1455229    -0.1256521
    -0.1054827 -8.594982E-02 -6.236012E-02 -3.853969E-02    -0.0152448  7.840486E-03  3.064451E-02     0.0530961  7.512169E-02  9.664354E-02     0.1149646     0.1303017     0.1452402     0.1573315     0.1668033     0.1760661     0.1851128     0.1939376     0.2025356     0.2109047
     0.2210838     0.2347869     0.2495677     0.2634775     0.2764934     0.2885471     0.2996644     0.3200867     0.3545516      0.382815             0
             0    -0.4539632    -0.4412001    -0.4303457    -0.4215318    -0.4110742    -0.3988895    -0.3866603    -0.3770694    -0.3689374    -0.3603461    -0.3490355    -0.3320172     -0.310833    -0.2880374    -0.2637965     -0.238279    -0.2116114    -0.1839502     -0.155503
    -0.1265838 -9.856143E-02 -6.472328E-02 -3.061567E-02  2.647229E-03     0.0354791  6.773216E-02     0.0992528      0.129877     0.1594289     0.1841896     0.2046195     0.2241839     0.2397108     0.2516962     0.2632301     0.2742994     0.2848942     0.2950074     0.3046367
     0.3160753     0.3308951     0.3460187     0.3594007     0.3711252     0.3812301     0.3898514     0.4044082     0.4226662     0.4276282             0
             0    -0.5565223     -0.548487    -0.5396709    -0.5317873    -0.5216152    -0.5088556    -0.4952006    -0.4840364    -0.4743346    -0.4638545    -0.4497809    -0.4280582     -0.400292    -0.3698514    -0.3370827    -0.3023416    -0.2659035    -0.2280549    -0.1891208
    -0.1495426    -0.1111788 -6.477342E-02 -1.798293E-02  2.770469E-02  7.287781E-02     0.1173306     0.1608163     0.2030336     0.2436187     0.2773358     0.3048587     0.3308093     0.3509675     0.3662481     0.3806378     0.3940991      0.406604     0.4181347     0.4286861
     0.4406643      0.454995     0.4678734     0.4775631     0.4845053     0.4890525     0.4916128     0.4935126     0.4849339     0.4624232             0
             0    -0.6396769    -0.6425871    -0.6402114    -0.6363866    -0.6296111       -0.6191    -0.6059795    -0.5942693    -0.5835983    -0.5716019    -0.5549516    -0.5282502    -0.4929747    -0.4536444    -0.4110597    -0.3659813    -0.3189534    -0.2704335    -0.2208437
    -0.1706845    -0.1221932 -6.349418E-02 -4.216199E-03  5.395257E-02      0.111929     0.1695933     0.2267213     0.2829365     0.3376628     0.3835391     0.4210548     0.4562556     0.4831996     0.5032736     0.5217103     0.5383728     0.5531532     0.5659828      0.576839
     0.5879791     0.5987426      0.604683     0.6054326     0.6024288     0.5967405     0.5892557     0.5720648     0.5319197     0.4852792             0
             0     -0.702915    -0.7216706     -0.730431    -0.7344688    -0.7353447    -0.7312946    -0.7216805    -0.7108172    -0.6998124    -0.6864296    -0.6667657    -0.6334486     -0.587976    -0.5370459    -0.4824302    -0.4255518     -0.367258    -0.3080933    -0.2484378
    -0.1886915    -0.1312599    -0.0618038  8.485178E-03  7.796538E-02     0.1480867     0.2190864     0.2910794     0.3639607     0.4372645     0.5008866     0.5541953     0.6051912     0.6445517     0.6737068      0.699963     0.7227585     0.7415976     0.7561296     0.7662263
     0.7734723     0.7735137     0.7624657     0.7444301     0.7231885     0.7009563     0.6790264     0.6371946      0.565474     0.4999212             0
             0     -0.739864    -0.7734926    -0.7950664    -0.8094474    -0.8221222    -0.8301492       -0.8291    -0.8216199    -0.8112741    -0.7962782    -0.7720249    -0.7283927    -0.6687031    -0.6036919    -0.5363109    -0.4683627    -0.4005835    -0.3332389    -0.2663979
    -0.2001738    -0.1369077 -6.053135E-02  1.689713E-02  9.394339E-02     0.1726299     0.2537525     0.3381316     0.4265519     0.5196196     0.6052186     0.6807433     0.7572243     0.8197228     0.8674659     0.9112251      0.948834     0.9778743     0.9961681      1.002664
     0.9973275     0.9687564      0.921497     0.8707919     0.8230958     0.7804728      0.743168     0.6784525     0.5840593     0.5074013             0
             0    -0.7568379    -0.7989463    -0.8290085    -0.8511814    -0.8743479    -0.8957605    -0.9075648    -0.9070614    -0.8989753    -0.8812844    -0.8495024    -0.7922099    -0.7181382    -0.6415683    -0.5652471    -0.4904163    -0.4172415    -0.3455399    -0.2750505
    -0.2056455    -0.1395719 -5.989509E-02     0.0209516     0.1016804     0.1846576     0.2710682     0.3622953     0.4599785     0.5660576      0.668147     0.7626258     0.8644785     0.9546917      1.028096      1.100115       1.16607      1.218474      1.247149      1.243104
      1.208009      1.128649      1.034378     0.9505198     0.8806465     0.8233029     0.7761366     0.6981744     0.5923814     0.5106328             0
             0     -0.766327    -0.8137128    -0.8495637    -0.8775772    -0.9097502    -0.9453443    -0.9763585    -0.9923211    -0.9933547    -0.9662999    -0.9177418    -0.8407838    -0.7519656    -0.6657833    -0.5829592      -0.50354     -0.426971    -0.3526352    -0.2799995
     -0.208757    -0.1410795 -5.952631E-02  2.326751E-02     0.1061119     0.1915916     0.2811554     0.3765943     0.4802228      0.595167     0.7094887      0.819411     0.9446535      1.065035      1.170927      1.285975      1.406355      1.519788      1.593723      1.545087
      1.433355      1.269638      1.120049      1.005141     0.9174589     0.8494857      0.795718     0.7094239     0.5969742     0.5123854             0
             0    -0.7712131    -0.8215179    -0.8608187    -0.8926488    -0.9316362    -0.9810764     -1.041569     -1.106622     -1.169301     -1.080474    -0.9826651     -0.875991    -0.7730317    -0.6797191    -0.5927266    -0.5106031    -0.4321312    -0.3563638    -0.2825847
    -0.2103761    -0.1418616 -5.933239E-02  2.447544E-02     0.1084278     0.1952315     0.2864893     0.3842411     0.4912407     0.6114576     0.7336098     0.8543444      0.998155      1.147237      1.290281       1.46765      1.697054      2.010802      2.488609       2.04122
      1.688888      1.387151      1.178779      1.038534     0.9385027     0.8638732     0.8062344     0.7152933     0.5993194     0.5132707             0
