 51            10 
             0  5.071263E-02  5.096191E-02     0.0511169  5.123003E-02  5.135275E-02     0.0514848  5.160823E-02     0.0517005  5.177644E-02  5.185447E-02  5.195455E-02  5.209984E-02  5.227343E-02     0.0524541  5.264138E-02  5.283479E-02  5.303379E-02  5.323785E-02  5.344641E-02
     0.0536589  5.387472E-02  5.409329E-02  5.431398E-02     0.0545362  5.475932E-02  5.498271E-02  5.520578E-02     0.0554279  5.564846E-02  5.583957E-02  5.600188E-02  5.616245E-02  5.629461E-02  5.639937E-02  5.650309E-02  5.660571E-02  5.670716E-02  5.680738E-02  5.690631E-02
  5.702826E-02  5.719523E-02  5.737989E-02  5.755796E-02  5.772898E-02  5.789258E-02  5.804835E-02  5.834356E-02  5.888847E-02  5.937674E-02             0
             0  5.070772E-02  5.095725E-02  5.111243E-02  5.122571E-02  5.134861E-02  5.148084E-02  5.160447E-02  5.169689E-02  5.177295E-02     0.0518511  5.195135E-02     0.0520969  5.227078E-02  5.245177E-02  5.263939E-02  5.283315E-02  5.303251E-02  5.323695E-02  5.344589E-02
  5.365876E-02  5.387498E-02  5.409394E-02  5.431503E-02  5.453764E-02  5.476113E-02     0.0549849  5.520833E-02     0.0554308  5.565169E-02  5.584307E-02  5.600561E-02  5.616639E-02  5.629871E-02     0.0564036  5.650745E-02  5.661018E-02  5.671174E-02  5.681207E-02  5.691109E-02
  5.703316E-02  5.720028E-02  5.738509E-02  5.756327E-02  5.773439E-02  5.789806E-02     0.0580539  5.834918E-02  5.889405E-02  5.938192E-02             0
             0  5.063239E-02  5.088563E-02  5.104372E-02  5.115931E-02  5.128485E-02     0.0514201  5.154666E-02  5.164133E-02  5.171929E-02  5.179941E-02  5.190222E-02  5.205156E-02  5.223009E-02  5.241599E-02  5.260879E-02  5.280794E-02     0.0530129     0.0532231  5.343795E-02
  5.365682E-02  5.387909E-02  5.410413E-02  5.433128E-02  5.455988E-02  5.478927E-02     0.0550188  5.524781E-02  5.547563E-02  5.570164E-02  5.589725E-02  5.606324E-02  5.622729E-02  5.636218E-02  5.646903E-02  5.657475E-02  5.667927E-02  5.678253E-02  5.688445E-02  5.698498E-02
  5.710881E-02  5.727815E-02  5.746512E-02  5.764511E-02  5.781769E-02  5.798249E-02  5.813914E-02  5.843547E-02  5.897956E-02  5.946102E-02             0
             0  5.057833E-02  5.083404E-02  5.099412E-02  5.111128E-02  5.123867E-02  5.137602E-02  5.150465E-02  5.160092E-02  5.168022E-02  5.176176E-02  5.186641E-02  5.201849E-02  5.220037E-02  5.238986E-02  5.258645E-02  5.278957E-02  5.299867E-02  5.321315E-02  5.343238E-02
  5.365572E-02  5.388252E-02     0.0541121  5.434379E-02  5.457689E-02  5.481071E-02  5.504457E-02  5.527775E-02  5.550959E-02  5.573942E-02  5.593817E-02  5.610671E-02  5.627315E-02  5.640991E-02  5.651819E-02  5.662525E-02  5.673105E-02  5.683549E-02  5.693854E-02     0.0570401
  5.716513E-02  5.733595E-02  5.752431E-02  5.770538E-02  5.787877E-02  5.804411E-02  5.820106E-02  5.849759E-02  5.903985E-02  5.951541E-02             0
             0  5.054477E-02     0.0508019  5.096314E-02  5.108124E-02  5.120973E-02  5.134835E-02  5.147824E-02     0.0515755  5.165563E-02  5.173803E-02  5.184383E-02  5.199761E-02     0.0521816  5.237335E-02  5.257232E-02  5.277797E-02     0.0529897  5.320689E-02  5.342893E-02
  5.365513E-02  5.388483E-02  5.411733E-02  5.435194E-02  5.458795E-02  5.482464E-02  5.506128E-02  5.529718E-02  5.553161E-02     0.0557639  5.596468E-02  5.613485E-02  5.630284E-02  5.644078E-02  5.654995E-02  5.665787E-02  5.676445E-02  5.686964E-02  5.697336E-02  5.707555E-02
     0.0572013  5.737296E-02  5.756209E-02  5.774372E-02  5.791748E-02  5.808301E-02  5.824001E-02  5.853634E-02  5.907686E-02  5.954823E-02             0
             0  5.052408E-02  5.078202E-02  5.094394E-02     0.0510626  5.119174E-02  5.133113E-02  5.146179E-02  5.155964E-02  5.164028E-02  5.172322E-02  5.182972E-02  5.198455E-02  5.216986E-02  5.236301E-02  5.256348E-02  5.277071E-02  5.298408E-02  5.320299E-02  5.342679E-02
  5.365479E-02  5.388632E-02  5.412068E-02  5.435714E-02  5.459499E-02  5.483349E-02  5.507191E-02  5.530954E-02  5.554564E-02  5.577951E-02  5.598157E-02  5.615279E-02  5.632176E-02  5.646045E-02  5.657019E-02  5.667863E-02  5.678571E-02  5.689135E-02  5.699549E-02  5.709806E-02
  5.722423E-02  5.739639E-02  5.758593E-02  5.776785E-02  5.794176E-02  5.810734E-02  5.826429E-02  5.856035E-02     0.0590995  5.956807E-02             0
             0  5.051377E-02  5.077209E-02  5.093434E-02  5.105326E-02  5.118272E-02  5.132248E-02  5.145352E-02  5.155167E-02  5.163256E-02  5.171577E-02  5.182261E-02  5.197797E-02  5.216394E-02     0.0523578  5.255903E-02  5.276705E-02  5.298126E-02  5.320103E-02  5.342571E-02
  5.365463E-02  5.388709E-02  5.412238E-02  5.435978E-02  5.459856E-02  5.483799E-02  5.507733E-02  5.531584E-02  5.555279E-02  5.578747E-02     0.0559902  5.616196E-02  5.633143E-02  5.647051E-02  5.658053E-02  5.668924E-02  5.679657E-02  5.690244E-02  5.700678E-02  5.710954E-02
  5.723592E-02  5.740831E-02  5.759804E-02  5.778006E-02  5.795402E-02     0.0581196  5.827648E-02  5.857235E-02  5.911073E-02  5.957784E-02             0
             0  5.050937E-02  5.076785E-02  5.093022E-02  5.104926E-02  5.117886E-02  5.131878E-02  5.144997E-02  5.154825E-02  5.162924E-02  5.171257E-02  5.181956E-02  5.197515E-02  5.216139E-02  5.235556E-02  5.255711E-02  5.276547E-02  5.298004E-02  5.320019E-02  5.342526E-02
  5.365457E-02  5.388742E-02  5.412311E-02  5.436092E-02     0.0546001  5.483993E-02  5.507966E-02  5.531855E-02  5.555588E-02     0.0557909  5.599393E-02  5.616592E-02  5.633561E-02  5.647485E-02  5.658501E-02  5.669384E-02  5.680127E-02  5.690724E-02  5.701167E-02     0.0571145
  5.724096E-02  5.741346E-02  5.760325E-02  5.778532E-02     0.0579593  5.812486E-02  5.828172E-02  5.857749E-02  5.911552E-02      0.059582             0
             0  5.050699E-02  5.076556E-02      0.050928     0.0510471  5.117677E-02  5.131677E-02  5.144805E-02  5.154639E-02  5.162745E-02  5.171083E-02  5.181791E-02  5.197362E-02  5.216002E-02  5.235435E-02  5.255608E-02  5.276462E-02  5.297939E-02  5.319973E-02  5.342501E-02
  5.365453E-02     0.0538876  5.412351E-02  5.436154E-02  5.460094E-02  5.484099E-02  5.508093E-02  5.532003E-02  5.555755E-02  5.579277E-02  5.599595E-02  5.616808E-02  5.633787E-02  5.647722E-02  5.658744E-02  5.669633E-02  5.680382E-02  5.690984E-02  5.701432E-02  5.711719E-02
     0.0572437  5.741625E-02  5.760608E-02  5.778817E-02  5.796215E-02  5.812771E-02  5.828454E-02  5.858026E-02     0.0591181  5.958423E-02             0
             0  5.050579E-02     0.0507644  5.092689E-02  5.104601E-02  5.117571E-02  5.131576E-02  5.144709E-02  5.154546E-02  5.162654E-02  5.170996E-02  5.181707E-02  5.197285E-02  5.215932E-02  5.235374E-02  5.255555E-02  5.276419E-02  5.297906E-02     0.0531995  5.342488E-02
  5.365451E-02  5.388769E-02  5.412371E-02  5.436185E-02  5.460136E-02  5.484151E-02  5.508156E-02  5.532077E-02  5.555839E-02  5.579371E-02  5.599698E-02  5.616916E-02  5.633902E-02  5.647841E-02  5.658866E-02  5.669759E-02  5.680511E-02  5.691116E-02  5.701566E-02  5.711856E-02
  5.724509E-02  5.741765E-02  5.760751E-02  5.778961E-02  5.796359E-02  5.812914E-02  5.828597E-02  5.858167E-02     0.0591194  5.958536E-02             0
