 51            10 
             0  2.314249E-02  2.477401E-02  2.568392E-02  2.636939E-02  2.714349E-02  2.800811E-02  2.884291E-02  2.948015E-02  3.001131E-02  3.056344E-02  3.127926E-02  3.233376E-02  3.361514E-02  3.496835E-02  3.638868E-02  3.787109E-02  3.941027E-02  4.100069E-02  4.263656E-02
  4.431189E-02     0.0460205  4.775603E-02  4.951194E-02  5.128158E-02  5.305831E-02  5.483554E-02  5.660679E-02  5.836577E-02     0.0601064  6.160831E-02  6.287937E-02  6.413189E-02  6.515845E-02  6.596979E-02  6.677064E-02  6.756047E-02  6.833875E-02  6.910498E-02  6.985871E-02
  7.078466E-02  7.204559E-02  7.343002E-02  7.475517E-02  7.601872E-02  7.721877E-02     0.0783537  8.049073E-02  8.437077E-02  8.739867E-02             0
             0  2.296611E-02  2.459968E-02  2.551438E-02  2.620403E-02  2.698321E-02  2.785385E-02  2.869474E-02  2.933676E-02  2.987199E-02  3.042842E-02  3.114991E-02  3.221293E-02  3.350495E-02  3.486965E-02  3.630225E-02  3.779766E-02  3.935048E-02     0.0409551  4.260561E-02
  4.429594E-02  4.601979E-02  4.777066E-02  4.954189E-02  5.132673E-02  5.311836E-02  5.491009E-02  5.669529E-02  5.846756E-02  6.022069E-02  6.173275E-02  6.301194E-02  6.427201E-02  6.530435E-02  6.612001E-02  6.692491E-02  6.771848E-02  6.850021E-02  6.926958E-02  7.002614E-02
  7.095526E-02  7.221984E-02  7.360728E-02     0.0749343  7.619869E-02     0.0773986  7.853252E-02  8.066595E-02  8.453033E-02  8.752505E-02             0
             0  2.021942E-02     0.0218803  2.286703E-02  2.361983E-02  2.447676E-02  2.543986E-02  2.637472E-02  2.709092E-02  2.768925E-02  2.831254E-02  2.912225E-02  3.031846E-02  3.177699E-02  3.332184E-02  3.494732E-02  3.664727E-02  3.841505E-02  4.024363E-02  4.212559E-02
  4.405316E-02  4.601827E-02  4.801251E-02  5.002717E-02  5.205338E-02  5.408216E-02     0.0561046  5.811191E-02  6.009556E-02  6.204732E-02  6.372039E-02  6.512856E-02  6.650793E-02  6.763119E-02     0.0685149  6.938303E-02  7.023496E-02     0.0710701  7.188792E-02  7.268793E-02
  7.366514E-02  7.498412E-02  7.641452E-02  7.776622E-02  7.903822E-02  8.023015E-02  8.134212E-02  8.340727E-02  8.700208E-02  8.945918E-02             0
             0  1.802916E-02  1.967978E-02  2.070546E-02  2.149655E-02  2.240437E-02     0.0234317  2.443511E-02  2.520712E-02     0.0258538  2.652916E-02  2.740863E-02  2.871224E-02  3.030802E-02  3.200397E-02  3.379349E-02  3.566932E-02  3.762357E-02  3.964787E-02     0.0417334
     0.0438709  4.605074E-02  4.826287E-02  5.049678E-02  5.274167E-02  5.498652E-02  5.722022E-02  5.943166E-02  6.160991E-02  6.374428E-02  6.556448E-02  6.708948E-02  6.857549E-02  6.977845E-02  7.072078E-02  7.164223E-02  7.254203E-02  7.341951E-02  7.427409E-02  7.510526E-02
  7.611448E-02  7.746392E-02  7.890818E-02  8.025445E-02  8.150376E-02  8.265801E-02  8.371979E-02  8.566432E-02  8.891425E-02  9.084851E-02             0
             0  1.655805E-02  1.817539E-02  1.921155E-02  2.001805E-02  2.095054E-02  2.201298E-02  2.305721E-02     0.0238641  2.454184E-02  2.525143E-02  2.617767E-02  2.755506E-02  2.924744E-02  3.105148E-02  3.295956E-02  3.496329E-02  3.705366E-02  3.922115E-02  4.145592E-02
  4.374776E-02  4.608608E-02  4.845989E-02  5.085766E-02  5.326742E-02  5.567684E-02  5.807328E-02  6.044385E-02  6.277547E-02  6.505506E-02  6.699286E-02  6.861115E-02  7.018178E-02  7.144708E-02  7.243457E-02  7.339618E-02  7.433098E-02  7.523811E-02  7.611691E-02  7.696687E-02
  7.799284E-02  7.935193E-02     0.0807877     0.0821083  8.331762E-02  8.442053E-02  8.542249E-02  8.723555E-02     0.0901707  9.171095E-02             0
             0  1.559923E-02  1.717684E-02  1.820841E-02  1.901721E-02  1.995851E-02  2.103766E-02  2.210459E-02  2.293243E-02  2.362954E-02  2.436117E-02  2.531828E-02  2.674577E-02  2.850532E-02  3.038543E-02     0.0323773  3.447139E-02  3.665763E-02  3.892566E-02  4.126493E-02
  4.366472E-02  4.611404E-02  4.860155E-02  5.111533E-02      0.053643  5.617165E-02  5.868785E-02  6.117762E-02     0.0636264     0.0660191  6.805006E-02  6.974299E-02  7.138156E-02     0.0726967  7.371991E-02  7.471274E-02  7.567389E-02  7.660231E-02  7.749717E-02  7.835791E-02
  7.939085E-02  8.074665E-02     0.0821609  8.344565E-02  8.460841E-02  8.565749E-02  8.660122E-02  8.829373E-02     0.0909768  9.224228E-02             0
             0     0.0151032  1.665149E-02  1.767446E-02  1.848002E-02     0.0194215  2.050545E-02  2.158168E-02  2.241931E-02  2.312602E-02  2.386905E-02  2.484265E-02  2.629779E-02  2.809521E-02     0.0300184  3.205757E-02  3.420224E-02  3.644168E-02  3.876503E-02  4.116145E-02
  4.362006E-02  4.612984E-02  4.867941E-02  5.125691E-02  5.384995E-02  5.644557E-02  5.903023E-02     0.0615896  6.410852E-02  6.657086E-02  6.866096E-02  7.040224E-02  7.208566E-02  7.343402E-02  7.448103E-02  7.549444E-02  7.647254E-02  7.741395E-02  7.831763E-02  7.918297E-02
  8.021647E-02  8.156294E-02  8.295392E-02  8.420654E-02  8.533179E-02  8.634073E-02  8.724368E-02      0.088856  9.138922E-02  9.250677E-02             0
             0  1.488773E-02  1.642134E-02  1.743907E-02  1.824208E-02  1.918241E-02  2.026729E-02  2.134679E-02  2.218835E-02  2.289912E-02  2.364713E-02  2.462813E-02  2.609592E-02     0.0279108  2.985381E-02  3.191458E-02  3.408218E-02  3.634555E-02  3.869365E-02  4.111554E-02
     0.0436003  4.613691E-02  4.871407E-02  5.131997E-02  5.394227E-02     0.0565681  5.918389E-02  6.177529E-02  6.432699E-02  6.682248E-02  6.894134E-02  7.070661E-02     0.0724127  7.377817E-02  7.483757E-02     0.0758617  7.684858E-02  7.779652E-02     0.0787043  7.957125E-02
  8.060375E-02  8.194315E-02  8.331966E-02  8.455396E-02      0.085659  8.664724E-02  8.752986E-02  8.910327E-02     0.0915675  9.261977E-02             0
             0  1.477054E-02  1.629564E-02  1.731008E-02  1.811134E-02  1.905066E-02  2.013563E-02  2.121663E-02     0.0220602  2.277313E-02  2.352388E-02      0.024509  2.598391E-02  2.780866E-02  2.976282E-02  3.183566E-02  3.401601E-02  3.629263E-02     0.0386544  4.109031E-02
  4.358944E-02  4.614081E-02  4.873314E-02  5.135467E-02  5.399312E-02  5.663567E-02  5.926878E-02  6.187812E-02     0.0644483     0.0669627     0.0690982  7.087751E-02  7.259708E-02     0.0739729  7.503984E-02  7.607058E-02  7.706288E-02  7.801481E-02  7.892496E-02     0.0797926
  8.082397E-02  8.215822E-02  8.352516E-02  8.474793E-02  8.584071E-02  8.681668E-02  8.768747E-02  8.923857E-02  9.166423E-02  9.268074E-02             0
             0  1.471125E-02  1.623187E-02  1.724448E-02  1.804474E-02  1.898338E-02  2.006825E-02  2.114988E-02  2.199442E-02  2.270842E-02  2.346057E-02  2.444781E-02  2.592645E-02  2.775633E-02  2.971627E-02  3.179534E-02  3.398225E-02  3.626566E-02     0.0386344  4.107746E-02
  4.358392E-02  4.614279E-02  4.874285E-02  5.137235E-02  5.401906E-02  5.667015E-02  5.931215E-02  6.193073E-02     0.0645105  6.703477E-02  6.917906E-02  7.096585E-02  7.269271E-02  7.407422E-02  7.514536E-02  7.617984E-02  7.717522E-02  7.812943E-02  7.904088E-02  7.990876E-02
     0.0809392  8.227017E-02  8.363152E-02  8.484784E-02  8.593392E-02  8.690333E-02  8.776786E-02  8.930729E-02  9.171311E-02  9.271143E-02             0
