 51            10 
             0 -3.370439E-03  -1.29705E-03  2.888431E-04  1.527763E-03  2.945996E-03  4.540033E-03  6.084694E-03  7.266099E-03   8.25192E-03  9.277638E-03  1.060859E-02  1.257148E-02  1.495973E-02  1.748458E-02  2.013701E-02  2.290748E-02  2.578589E-02     0.0287617  3.182393E-02
     0.0349612  3.816181E-02  4.141365E-02  4.470417E-02  4.802066E-02  5.135038E-02  5.468075E-02  5.799941E-02  6.129436E-02  6.455406E-02     0.0673658  6.974468E-02  7.208818E-02  7.400829E-02     0.0755255  7.702274E-02      0.078499  7.995332E-02  8.138475E-02  8.279243E-02
     0.0845213  8.687464E-02  8.945701E-02  9.192733E-02  9.428149E-02  9.651606E-02  9.862829E-02     0.1026039     0.1098277     0.1165426             0
             0 -3.727673E-03 -1.643639E-03 -4.782438E-05   1.19939E-03  2.627676E-03  4.233583E-03  5.790256E-03  6.981119E-03  7.974975E-03  9.009194E-03  1.035135E-02  1.233113E-02  1.474046E-02  1.728806E-02  1.996483E-02  2.276108E-02  2.566656E-02  2.867053E-02  3.176184E-02
     0.0349289  3.815975E-02  4.144206E-02  4.476302E-02  4.810968E-02  5.146901E-02  5.482817E-02  5.817454E-02  6.149587E-02  6.478037E-02  6.761224E-02  7.000727E-02  7.236574E-02  7.429729E-02  7.582308E-02  7.732832E-02      0.078812  8.027311E-02  8.171076E-02  8.312403E-02
  8.485916E-02  8.721967E-02  8.980791E-02  9.228186E-02  9.463756E-02  9.687173E-02  9.898183E-02     0.1029501     0.1101423     0.1167925             0
             0 -9.292057E-03 -7.051938E-03 -5.306946E-03 -3.933925E-03 -2.352053E-03 -5.636783E-04  1.178585E-03  2.516055E-03  3.634697E-03  4.801182E-03  6.317966E-03   8.56149E-03  1.130081E-02  1.420561E-02      0.017265  2.046715E-02  2.379933E-02  2.724801E-02  3.079897E-02
  3.443734E-02  3.814759E-02     0.0419136  4.571849E-02  4.954504E-02  5.337588E-02  5.719376E-02  6.098169E-02  6.472319E-02  6.840242E-02  7.155414E-02  7.420526E-02     0.0768005  7.891236E-02  8.057301E-02  8.220353E-02     0.0838027  8.536945E-02  8.690275E-02  8.840172E-02
  9.023152E-02  9.269872E-02  9.537051E-02  9.789153E-02     0.1002603     0.1024764     0.1045406     0.1083687     0.1150166     0.1206149             0
             0 -1.374348E-02 -1.144529E-02 -9.619279E-03 -8.170614E-03 -6.488867E-03  -4.57414E-03 -2.696579E-03 -1.248709E-03 -3.429148E-05  1.235478E-03  2.890765E-03  5.347821E-03  8.360423E-03  1.156638E-02  1.495296E-02  1.850607E-02  2.221046E-02  2.604992E-02  3.000739E-02
  3.406508E-02  3.820439E-02  4.240591E-02     0.0466492  5.091314E-02  5.517624E-02  5.941687E-02  6.361339E-02  6.774447E-02  7.178926E-02  7.523547E-02  7.812037E-02  8.092885E-02  8.319993E-02  8.497757E-02  8.671437E-02  8.840884E-02  9.005968E-02     0.0916658  9.322628E-02
     0.0951189  9.764507E-02      0.100342     0.1028492     0.1051695     0.1073072      0.109268     0.1128491     0.1187981     0.1233642             0
             0 -1.674182E-02 -1.446053E-02 -1.261319E-02 -1.113547E-02 -9.406642E-03 -7.423863E-03 -5.466237E-03  -3.94946E-03 -2.673493E-03 -1.335671E-03  4.128384E-04  3.017401E-03  6.223631E-03  9.646574E-03  1.327134E-02  1.708146E-02  2.105932E-02  2.518643E-02  2.944367E-02
  3.381131E-02  3.826898E-02  4.279543E-02  4.736818E-02  5.196384E-02  5.655834E-02      0.061127  6.564458E-02     0.0700855      0.074424  7.810823E-02  8.118204E-02  8.416184E-02  8.655903E-02  8.842789E-02  9.024569E-02     0.0920105  9.372071E-02  9.537503E-02  9.697249E-02
  9.889746E-02     0.1014406     0.1041168     0.1065683      0.108804     0.1108343      0.112671     0.1159809     0.1212885     0.1250724             0
             0 -1.870066E-02 -1.646955E-02 -1.463331E-02 -1.315363E-02 -1.141013E-02 -9.396587E-03 -7.395298E-03 -5.837434E-03 -4.523101E-03  -3.14133E-03 -1.330901E-03  1.374743E-03  4.717086E-03  8.294419E-03  1.208924E-02  1.608255E-02  2.025454E-02  2.458493E-02  2.905326E-02
  3.363882E-02  3.832053E-02  4.307655E-02  4.788373E-02  5.271794E-02  5.755406E-02  6.236594E-02     0.0671263  7.180658E-02  7.637698E-02  8.025298E-02  8.348073E-02  8.660098E-02  8.910124E-02  9.104394E-02  9.292608E-02  9.474503E-02  9.649858E-02     0.0981851  9.980353E-02
     0.1017409     0.1042736     0.1069007     0.1092736     0.1114092     0.1133252     0.1150395      0.118098      0.122889     0.1261255             0
             0 -1.971593E-02 -1.753039E-02 -1.571411E-02 -1.424369E-02 -1.250292E-02 -1.048269E-02 -8.464678E-03 -6.888032E-03 -5.554791E-03 -4.150143E-03 -2.306196E-03  4.562734E-04  3.876872E-03  7.543234E-03  1.143544E-02  1.553251E-02  1.981318E-02  2.425623E-02  2.884064E-02
  3.354548E-02  3.834966E-02  4.323148E-02  4.816793E-02  5.313501E-02  5.810767E-02  6.305964E-02  6.796319E-02  7.278873E-02  7.750457E-02  8.150519E-02  8.483569E-02  8.805192E-02  9.062378E-02  9.261791E-02  9.454452E-02  9.639991E-02  9.818102E-02  9.988563E-02     0.1015125
     0.1034486     0.1059571     0.1085292     0.1108291     0.1128815     0.1147104     0.1163375     0.1192266      0.123709     0.1266499             0
             0 -2.015734E-02     -0.017996 -1.619199E-02 -1.472843E-02     -0.012992 -1.097197E-02  -8.94885E-03 -7.364959E-03 -6.023807E-03 -4.609068E-03 -2.749831E-03  3.923432E-05  3.496679E-03   7.20464E-03  1.114183E-02     0.0152863  1.961615E-02     0.0241098  2.874606E-02
  3.350403E-02     0.0383627  4.330053E-02  4.829471E-02  5.332141E-02     0.0583558  6.337176E-02  6.834158E-02  7.323555E-02  7.802144E-02  8.208381E-02  8.546653E-02  8.873293E-02  9.134333E-02  9.336561E-02  9.531682E-02  9.719233E-02  9.898822E-02     0.1007016      0.102331
     0.1042627     0.1067517     0.1092878     0.1115446     0.1135511     0.1153343     0.1169174     0.1197238     0.1240637      0.126874             0
             0    -0.0203975 -1.825056E-02 -1.645431E-02 -1.499541E-02 -1.326242E-02 -1.124369E-02 -9.218728E-03 -7.631319E-03 -6.285999E-03 -4.865677E-03 -2.997751E-03 -1.933537E-04  3.285256E-03  7.016876E-03     0.0109794  1.515036E-02  1.950753E-02  2.402916E-02  2.869403E-02
  3.348123E-02  3.836988E-02  4.333853E-02  4.836452E-02  5.342416E-02  5.849278E-02  6.354441E-02  6.855144E-02     0.0734842  7.831033E-02  8.240883E-02  8.582263E-02  8.911959E-02  9.175413E-02  9.379441E-02  9.576169E-02  9.765056E-02  9.945621E-02      0.101175      0.102805
     0.1047321     0.1072058      0.109717     0.1119459     0.1139241     0.1156799     0.1172373      0.119996     0.1242561     0.1269949             0
             0 -2.051904E-02 -1.837981E-02 -1.658787E-02 -1.513165E-02 -1.340084E-02 -1.138331E-02    -0.0093579 -7.768959E-03 -6.421612E-03 -4.998396E-03 -3.125839E-03 -3.132188E-04  3.176612E-03  6.920624E-03     0.0108963  1.508091E-02     0.0194521  2.398804E-02  2.866751E-02
  3.346962E-02  3.837354E-02     0.0433579     0.0484001  5.347658E-02  5.856273E-02  6.363269E-02  6.865896E-02  7.361188E-02  7.845914E-02  8.257687E-02  8.600748E-02  8.932133E-02  9.196965E-02     0.0940205  9.599753E-02  9.789485E-02  9.970691E-02     0.1014291     0.1030587
     0.1049816     0.1074445     0.1099405     0.1121533     0.1141159     0.1158569     0.1174006     0.1201344     0.1243534     0.1270557             0
