 51            10 
             0    -0.3433979    -0.3313151    -0.3217538     -0.314223    -0.3055463    -0.2957328    -0.2861632    -0.2788101    -0.2726556    -0.2662334     -0.257877    -0.2455063    -0.2303931    -0.2143725    -0.1975233    -0.1799275    -0.1616666    -0.1428342    -0.1235497
    -0.1039954 -8.444002E-02 -6.195739E-02 -3.936348E-02 -1.678158E-02  5.677205E-03  2.791752E-02  4.985465E-02  7.140902E-02  9.250323E-02     0.1104917     0.1255731      0.140288     0.1522222     0.1615857     0.1707589     0.1797363     0.1885134     0.1970869     0.2054548
     0.2156568     0.2293982     0.2442694     0.2582956     0.2714595     0.2837369     0.2951254     0.3161456     0.3520826     0.3824011             0
             0    -0.3502394    -0.3380897     -0.328429    -0.3208272     -0.312077    -0.3021644    -0.2924736    -0.2850114    -0.2787562    -0.2722183    -0.2636971    -0.2510511    -0.2355596     -0.219108    -0.2018032    -0.1837459    -0.1649839    -0.1455953    -0.1257013
    -0.1054995 -8.530696E-02 -6.251924E-02 -3.927523E-02 -1.609559E-02   6.88119E-03  2.958444E-02  5.195771E-02  7.393727E-02  9.544823E-02      0.113788     0.1291562      0.144137     0.1562691     0.1657746     0.1750703     0.1841478     0.1929996     0.2016202     0.2100078
      0.220211     0.2340101     0.2489491     0.2630824     0.2763642     0.2886477      0.299973      0.320784     0.3559405     0.3849439             0
             0    -0.4541095    -0.4413477    -0.4304889    -0.4216773    -0.4112307    -0.3990574    -0.3868371    -0.3772515     -0.369123    -0.3605338    -0.3492237    -0.3322001    -0.3110022    -0.2881863      -0.26393    -0.2384113    -0.2117367    -0.1840549    -0.1555749
    -0.1266124 -9.765352E-02 -6.500405E-02 -3.176249E-02  1.290945E-03  3.392052E-02  6.598219E-02  9.734552E-02     0.1278625     0.1573632     0.1821259     0.2025839     0.2221985     0.2377808     0.2498152     0.2614007     0.2725224     0.2831684     0.2933307      0.303007
     0.3145076     0.3294854     0.3448555     0.3585478     0.3706334     0.3810668     0.3899934     0.4051239     0.4243716     0.4300201             0
             0    -0.5567415    -0.5487403     -0.539943    -0.5320753    -0.5219282    -0.5091937    -0.4955575    -0.4844037    -0.4747079    -0.4642309    -0.4501566    -0.4284213    -0.4006247    -0.3701417    -0.3373349    -0.3025779    -0.2661193    -0.2282352    -0.1892542
    -0.1496236    -0.1100068    -0.0653645    -0.0198904  2.538224E-02  7.014935E-02     0.1142094     0.1573486     0.1992908      0.239685     0.2733113     0.3008036     0.3267674     0.3469684     0.3622975     0.3767475     0.3902785     0.4028602     0.4144732     0.4251115
     0.4372087     0.4517843     0.4650572     0.4752022     0.4826851     0.4877662      0.490842      0.493719     0.4867552     0.4650549             0
             0    -0.6400048    -0.6430439    -0.6407631    -0.6370027    -0.6303017    -0.6198635    -0.6067943    -0.5951091      -0.58445    -0.5724563    -0.5557966    -0.5290534    -0.4936927    -0.4542553    -0.4115668    -0.3664236    -0.3193356    -0.2707461    -0.2210822
    -0.1708565    -0.1208108 -6.448898E-02 -7.017851E-03  5.048125E-02     0.1077913      0.164796     0.2213154     0.2770123      0.331339     0.3769852     0.4143845     0.4495491     0.4765243     0.4966509     0.5151631     0.5319183     0.5468037     0.5597457     0.5707186
       0.58201     0.5930319     0.5994706     0.6007746     0.5985115     0.5936362     0.5869709     0.5713499     0.5336598     0.4880542             0
             0    -0.7033762    -0.7224486    -0.7314852    -0.7357196    -0.7368203    -0.7329996    -0.7235491    -0.7127593    -0.7017825    -0.6883932    -0.6686784    -0.6352091    -0.5894794    -0.5382664    -0.4833858    -0.4263266    -0.3678875     -0.308589    -0.2488131
    -0.1889748    -0.1297206 -6.318637E-02  4.857115E-03  7.343089E-02     0.1426397     0.2127271     0.2838722     0.3560402     0.4288365     0.4922547     0.5455695     0.5967602     0.6364227     0.6658708     0.6924435     0.7155445     0.7346412     0.7493504     0.7595257
     0.7667477     0.7665396     0.7555546        0.7377     0.7171414     0.6959061      0.675086     0.6354589     0.5670599     0.5027781             0
             0    -0.7404375     -0.774617    -0.7967551    -0.8115858    -0.8248303    -0.8335217    -0.8330305     -0.825827    -0.8155761    -0.8005114    -0.7760075     -0.731825    -0.6714199    -0.6057512    -0.5378194    -0.4695067     -0.401463    -0.3339052    -0.2668917
    -0.2005465    -0.1352782     -0.062166  1.274123E-02  8.873503E-02     0.1663612     0.2464346     0.3298765     0.4176102     0.5104288     0.5964127     0.6728024     0.7507914     0.8150998     0.8645163       0.91005     0.9493262     0.9796401     0.9985071      1.004693
     0.9980217     0.9663299     0.9165012     0.8640806     0.8161603     0.7742806     0.7381429     0.6760033     0.5855234     0.5102963             0
             0    -0.7574719    -0.8002856    -0.8311436    -0.8540124    -0.8781691    -0.9009687    -0.9143668      -0.91502    -0.9074743    -0.8892702    -0.8563578    -0.7974724    -0.7219443    -0.6442781    -0.5671395    -0.4917955    -0.4182697    -0.3463026    -0.2756087
    -0.2060649    -0.1379015 -6.164908E-02  1.654742E-02  9.615741E-02     0.1780104     0.2633225     0.3536107     0.4507221     0.5569246     0.6601959     0.7567859     0.8622884     0.9571965      1.035295      1.112803      1.184539      1.241931      1.272995      1.266887
      1.225767      1.135952      1.033813      0.945254     0.8738165     0.8167456     0.7706516     0.6953832     0.5937844     0.5135434             0
             0    -0.7669976    -0.8151922    -0.8520142     -0.880941    -0.9145639    -0.9526533    -0.9879311     -1.009379     -1.015812    -0.9833848    -0.9293665    -0.8481398    -0.7567431    -0.6689938    -0.5851218    -0.5050749     -0.428094    -0.3534576    -0.2805966
    -0.2092041    -0.1393863 -6.134776E-02  1.872341E-02     0.1004125      0.184734     0.2731776     0.3676933     0.4708606     0.5862635     0.7025161     0.8158225     0.9471711      1.076133      1.191453      1.318986      1.454913      1.585285      1.670945      1.611216
      1.478605      1.289813      1.124653      1.001603     0.9109836     0.8428142     0.7900015     0.7064395     0.5983418     0.5153044             0
             0    -0.7719035    -0.8230775    -0.8634635    -0.8963732    -0.9372642    -0.9908373     -1.062684     -1.159202     -1.323866     -1.133081      -1.00383    -0.8857928    -0.7786086    -0.6832694    -0.5950553    -0.5122285    -0.4333073     -0.357219    -0.2832029
     -0.210838    -0.1401567 -6.118877E-02  1.985903E-02     0.1026375     0.1882664     0.2783952     0.3752393     0.4818563      0.602769     0.7274138     0.8525739      1.004762      1.166705      1.325442      1.526945      1.794101      2.167173      2.720262      2.199551
      1.775515       1.42163      1.188145      1.036477     0.9323781     0.8571904     0.8004123     0.7122093     0.6006685     0.5161938             0
