 51            10 
             0    -0.3048213    -0.2958613    -0.2882957    -0.2822389    -0.2751833    -0.2671471    -0.2592762    -0.2532147    -0.2481355    -0.2428301    -0.2359207    -0.2256792    -0.2131437    -0.2014921    -0.1908626    -0.1796737    -0.1630742    -0.1447362    -0.1262426
    -0.1066214 -8.632652E-02    -0.0654135 -4.401248E-02 -2.238419E-02  -4.16099E-04  2.191654E-02  4.457651E-02  6.624766E-02  8.650089E-02     0.1040377     0.1187729     0.1331433     0.1448199     0.1540379     0.1631868     0.1722983     0.1813666     0.1904304     0.1989265
     0.2087359     0.2225752     0.2375583     0.2514202     0.2649002     0.2778604     0.2900649     0.3129958     0.3503322     0.3818094             0
             0    -0.3089957    -0.3000321    -0.2924401    -0.2863549    -0.2792575    -0.2711635    -0.2632248    -0.2571039    -0.2519704    -0.2466031    -0.2396058    -0.2292152    -0.2164595    -0.2045559    -0.1936186    -0.1819949    -0.1649503    -0.1461576    -0.1271738
     -0.106996 -8.609719E-02 -6.455769E-02 -4.253418E-02 -2.029472E-02  2.260053E-03  2.514188E-02  4.833064E-02  7.047959E-02  9.118755E-02     0.1091298      0.124213     0.1389259     0.1508757     0.1603017     0.1696455     0.1789345     0.1881635     0.1973734     0.2059942
     0.2159534      0.229941     0.2450104     0.2588996     0.2723278     0.2851024     0.2969809     0.3191336     0.3552099     0.3848892             0
             0    -0.3750373    -0.3664021    -0.3586896    -0.3523909    -0.3449194    -0.3362622    -0.3276398    -0.3209162    -0.3152352    -0.3092515    -0.3013929    -0.2895941    -0.2748959    -0.2609762    -0.2479798    -0.2339445    -0.2107461    -0.1843469    -0.1573651
    -0.1285442 -9.863828E-02 -6.781716E-02    -0.0363488 -4.658975E-03     0.0273493  5.964472E-02  9.214007E-02     0.1229062     0.1513256     0.1755922     0.1957222     0.2150509     0.2304614     0.2424485     0.2541525     0.2656003     0.2767788      0.287731     0.2977898
     0.3091536     0.3245635     0.3403594     0.3540941     0.3665514     0.3776281     0.3872187     0.4038294     0.4245475     0.4302512             0
             0    -0.4317734    -0.4253245    -0.4188382    -0.4133462    -0.4066314    -0.3986418    -0.3904939    -0.3840374    -0.3785274    -0.3726686    -0.3649047     -0.353099    -0.3381566    -0.3237855    -0.3101756    -0.2952285    -0.2651634     -0.229572    -0.1927932
    -0.1533893    -0.1124894    -0.0703551 -2.734971E-02  1.596071E-02  5.972197E-02     0.1038872     0.1483081     0.1902877     0.2288952     0.2615903     0.2884459     0.3138742     0.3337642       0.34899     0.3635795     0.3775435     0.3908456     0.4035209      0.414814
     0.4271096      0.442743     0.4572511     0.4683468     0.4769157     0.4831373     0.4872493     0.4920709     0.4875816     0.4654641             0
             0    -0.4722077    -0.4689943    -0.4645848    -0.4605671    -0.4553683    -0.4488886    -0.4420233    -0.4364553    -0.4316418    -0.4264674     -0.419549    -0.4089243    -0.3953765    -0.3823136     -0.370087     -0.356732    -0.3199911    -0.2747323    -0.2277754
    -0.1776244    -0.1257872 -7.253896E-02 -1.821817E-02  3.660799E-02     0.0922751     0.1488529     0.2062514     0.2609728     0.3117495     0.3549795     0.3904817     0.4239077     0.4497022     0.4691575      0.487424     0.5044411     0.5201021     0.5344008     0.5465087
     0.5588511     0.5725585     0.5824116     0.5871183     0.5878918     0.5855455     0.5809274     0.5685087     0.5348035      0.488567             0
             0      -0.49982    -0.5001498    -0.4982081    -0.4960044    -0.4927248    -0.4881879    -0.4829741    -0.4785419    -0.4746159    -0.4703159    -0.4644924    -0.4554737    -0.4440712    -0.4333886    -0.4242128    -0.4150441    -0.3717501    -0.3165753     -0.259619
    -0.1993727    -0.1376309    -0.0745434 -1.025518E-02  5.485415E-02     0.1214962     0.1900734      0.260812     0.3295748     0.3949541     0.4519606     0.4995072     0.5447531     0.5797095     0.6058628     0.6299796     0.6517354     0.6707759     0.6869268     0.6992775
     0.7101123     0.7176993     0.7166221     0.7087581     0.6962148      0.680896     0.6644041      0.630645       0.56827     0.5033479             0
             0    -0.5146299    -0.5176623    -0.5178124    -0.5172322    -0.5157534    -0.5130856    -0.5094185    -0.5059677     -0.502746    -0.4990734    -0.4939668    -0.4859401    -0.4760253    -0.4673577    -0.4613984     -0.457337    -0.4087361     -0.345623    -0.2811933
    -0.2138416    -0.1454469 -7.593711E-02 -5.188323E-03  6.669195E-02     0.1408402     0.2181149     0.2992934     0.3800859     0.4595195     0.5315706     0.5936986     0.6548881     0.7036137     0.7405077     0.7745309     0.8045356     0.8292988      0.847954     0.8593767
     0.8656771     0.8592517      0.837656      0.810231     0.7801784     0.7501528     0.7218591     0.6692109     0.5866764     0.5108905             0
             0    -0.5211712     -0.525605     -0.526931    -0.5273207     -0.526996    -0.5256159    -0.5230595    -0.5202674    -0.5174496    -0.5140409    -0.5091298     -0.501282    -0.4918221    -0.4840691     -0.479951    -0.4791298    -0.4275303    -0.3600927    -0.2917781
    -0.2208642    -0.1492214 -7.662557E-02 -2.784608E-03     0.0723641     0.1502127     0.2319193     0.3186692      0.406273     0.4943613     0.5766885     0.6498094     0.7245058     0.7865838      0.834957     0.8806884     0.9213637     0.9539953     0.9758275     0.9848311
     0.9838639     0.9584447     0.9145123     0.8695755     0.8261414      0.786198     0.7507029     0.6874456       0.59489     0.5141471             0
             0    -0.5247579    -0.5300233    -0.5320835     -0.533107    -0.5335859    -0.5331857    -0.5315756      -0.52937    -0.5268652     -0.523531    -0.5185298    -0.5104886    -0.5010752    -0.4937662    -0.4907768    -0.4920756    -0.4385935    -0.3685127    -0.2978858
    -0.2248927    -0.1513806 -7.702359E-02  -1.42157E-03  7.559685E-02     0.1555857     0.2399013     0.3300141     0.4218677     0.5156279     0.6051421     0.6864986     0.7722533     0.8466061     0.9066213     0.9656798       1.02017      1.064538      1.091715      1.095382
      1.082911      1.033849     0.9677346     0.9080396     0.8545669     0.8077765     0.7676049     0.6977868     0.5994151      0.515913             0
             0    -0.5265821    -0.5322929    -0.5347621    -0.5361547    -0.5371347    -0.5374214    -0.5366238     -0.535059    -0.5329317     -0.529424    -0.5240436    -0.5155873    -0.5060313    -0.4988938    -0.4965148    -0.4990256    -0.4444894    -0.3729621    -0.3010942
    -0.2270004    -0.1525081 -7.723278E-02 -7.137967E-04  7.728108E-02      0.158396     0.2441009     0.3360363     0.4302498      0.527281     0.6211696     0.7078635     0.8014362     0.8856084     0.9561082      1.029114      1.101113      1.164845      1.205804      1.194547
      1.162422      1.086146      1.000748     0.9303263      0.870348     0.8194388     0.7765923     0.7031612     0.6017231     0.5168048             0
