 51            10 
             0     -0.343595    -0.3315014    -0.3219313    -0.3143989    -0.3057265     -0.295918    -0.2863521    -0.2790006    -0.2728469    -0.2664246    -0.2580665    -0.2456898    -0.2305649     -0.214529    -0.1976659    -0.1800595    -0.1617758    -0.1428885    -0.1234721
    -0.1035687 -8.306122E-02 -6.103751E-02 -3.889424E-02 -1.671811E-02  5.388752E-03  2.733641E-02  4.905496E-02  7.047328E-02  9.151553E-02     0.1095311     0.1246834     0.1395196     0.1516007     0.1611085     0.1704558     0.1796416     0.1886678      0.197538      0.206257
     0.2169734     0.2309651     0.2458478     0.2596396     0.2722876     0.2842338     0.2954263     0.3162478     0.3522307     0.3827778             0
             0    -0.3506026    -0.3384586     -0.328745    -0.3211399    -0.3124591    -0.3026006    -0.2929502     -0.285515    -0.2792794    -0.2727572    -0.2642466    -0.2515848    -0.2360488    -0.2195088    -0.2021427    -0.1841459    -0.1653903     -0.145928    -0.1258472
    -0.1052291    -0.0840371     -0.061692    -0.0390734 -1.633696E-02   6.26424E-03  2.859642E-02  5.070619E-02  7.254171E-02  9.400724E-02     0.1123634     0.1277761     0.1428334     0.1550569     0.1646436     0.1740129      0.183158     0.1921045     0.2008715     0.2094786
     0.2200698     0.2340437     0.2490577     0.2631443     0.2761621     0.2883884     0.2997331      0.320677     0.3560612     0.3852961             0
             0    -0.4546206    -0.4419008    -0.4310062    -0.4222041    -0.4118548    -0.3997623    -0.3876043    -0.3780603    -0.3699618    -0.3613964    -0.3501023    -0.3330556    -0.3117872    -0.2888336     -0.264473    -0.2390239    -0.2123469    -0.1845546    -0.1558094
    -0.1262623    -0.0958974 -6.392805E-02 -3.161644E-02  7.779769E-04  3.285357E-02  6.437286E-02     0.0953505     0.1256538     0.1550819     0.1798608     0.2003752     0.2200895     0.2357914     0.2479326     0.2596152     0.2708252     0.2815909     0.2919334     0.3018747
     0.3138376     0.3290748     0.3445854     0.3583284     0.3702351     0.3806788     0.3896805     0.4050342     0.4246556     0.4304568             0
             0    -0.5575964    -0.5498242    -0.5411304    -0.5333408    -0.5233707    -0.5107986    -0.4972859    -0.4862071    -0.4765606    -0.4661174    -0.4520579     -0.430262    -0.4022986    -0.3715456    -0.3384893    -0.3037463    -0.2672228    -0.2291453    -0.1897799
    -0.1493571    -0.1078677 -6.425345E-02    -0.0201286  2.416576E-02     0.0680906     0.1113057     0.1537974      0.195314     0.2354685     0.2689949     0.2964647     0.3224751     0.3427778     0.3582132     0.3727699     0.3864036     0.3991337     0.4109757     0.4219514
     0.4346329     0.4497161     0.4633719     0.4739094     0.4815219     0.4868246     0.4901275     0.4934443     0.4871316     0.4655632             0
             0    -0.6414191    -0.6452236    -0.6435043    -0.6400744    -0.6338234    -0.6238242    -0.6110712    -0.5995503    -0.5889803    -0.5770251    -0.5603392    -0.5333768    -0.4975282    -0.4574481    -0.4140964    -0.3687246    -0.3213638    -0.2723883    -0.2221448
    -0.1708809     -0.118507 -6.360614E-02 -7.940353E-03  4.820045E-02     0.1042793      0.159979     0.2153679     0.2701366     0.3236951     0.3687535     0.4057103     0.4405235     0.4673155     0.4873579     0.5058306       0.52258     0.5375655     0.5507634     0.5621831
     0.5743016      0.586522     0.5941195      0.596796     0.5955049     0.5914079      0.585343     0.5706497     0.5340443     0.4886077             0
             0    -0.7055047    -0.7264057    -0.7370895    -0.7423639    -0.7447501    -0.7422624    -0.7337674    -0.7234185    -0.7126278    -0.6992384    -0.6792826    -0.6449877    -0.5977708    -0.5449149    -0.4883801    -0.4304803    -0.3713057    -0.3112574    -0.2506006
     -0.189431    -0.1274203 -6.267815E-02  3.125579E-03     0.0699349     0.1374328     0.2055731     0.2747888     0.3450247     0.4157736     0.4771854       0.52865     0.5779335     0.6160797     0.6444234     0.6700462     0.6923825     0.7110819     0.7258943     0.7367472
     0.7455463     0.7488108     0.7416032     0.7278813     0.7104412     0.6913096     0.6718972     0.6341346     0.5674025     0.5033588             0
             0    -0.7431791    -0.7805172    -0.8060251    -0.8232763    -0.8397054    -0.8520787    -0.8544815    -0.8485904     -0.838791    -0.8235092    -0.7979393    -0.7509878    -0.6865702    -0.6171722     -0.545871     -0.475729    -0.4062947    -0.3375379    -0.2693218
    -0.2013854     -0.133053 -6.197914E-02  1.038839E-02  8.430082E-02     0.1597879     0.2372694     0.3178481     0.4022582     0.4909059     0.5720345     0.6432635      0.715005     0.7733217     0.8177396     0.8583582     0.8931994     0.9203907     0.9382509     0.9460005
     0.9441106     0.9239206     0.8860257      0.844369     0.8039486     0.7665616     0.7331019     0.6740791      0.585817     0.5108899             0
             0    -0.7605461    -0.8073987    -0.8430037     -0.869615    -0.8991203    -0.9288547    -0.9485115    -0.9521662    -0.9455209    -0.9266714    -0.8910179    -0.8259627    -0.7430162    -0.6593513    -0.5773042    -0.4993337    -0.4239445    -0.3504827    -0.2783905
    -0.2071103     -0.135727 -6.163102E-02  1.387794E-02  9.124045E-02     0.1707147     0.2530504     0.3398673     0.4326456     0.5329193     0.6285667     0.7162477     0.8096477     0.8911646     0.9567399      1.020265      1.077609      1.122969      1.148603       1.14789
      1.122131      1.061881     0.9856814     0.9164108      0.857133     0.8067601     0.7643773     0.6931124     0.5940502     0.5141423             0
             0    -0.7702731    -0.8230974    -0.8656999    -0.8994877    -0.9405447    -0.9892576      -1.03537     -1.061728     -1.067852     -1.035998    -0.9773303    -0.8853137    -0.7826874    -0.6867995    -0.5967589    -0.5134829    -0.4343053    -0.3579766     -0.283592
    -0.2103738    -0.1372447 -6.142977E-02  1.586842E-02  9.521103E-02     0.1770063     0.2622291     0.3528688     0.4509902     0.5591241      0.665418     0.7662917     0.8792369     0.9853206      1.076818      1.173939      1.272805       1.36369      1.421923      1.388331
      1.304264      1.179501      1.059641     0.9650428     0.8908626     0.8312101     0.7828923     0.7039518     0.5985905     0.5159062             0
             0    -0.7752882    -0.8314363    -0.8782626    -0.9168292    -0.9668338     -1.034471     -1.121375     -1.215782     -1.329543     -1.189927     -1.063044    -0.9299545    -0.8080166    -0.7028412     -0.607583    -0.5211394    -0.4398199    -0.3619244    -0.2863142
    -0.2120747    -0.1380335 -6.132414E-02  1.690578E-02  9.728473E-02     0.1803065     0.2670774     0.3598112     0.4609505     0.5737308     0.6867746     0.7967569     0.9249276      1.053829      1.174161      1.318515       1.49811      1.733391      2.061301      1.760905
      1.501657      1.274068      1.109195     0.9943526     0.9099988     0.8445908     0.7928119     0.7096012     0.6009079      0.516797             0
