 51            10 
             0    -0.3432195    -0.3311496     -0.321595     -0.314067    -0.3053911    -0.2955781    -0.2860094    -0.2786572    -0.2725039    -0.2660833    -0.2577295    -0.2453639    -0.2302586    -0.2142475    -0.1974074    -0.1798204    -0.1615723    -0.1427592     -0.123492
    -0.1038798 -8.385753E-02 -6.091572E-02    -0.0379847 -1.515494E-02  7.485881E-03  2.985256E-02  5.186257E-02  7.343644E-02  9.449837E-02     0.1124172     0.1274157      0.142028     0.1538634     0.1631417     0.1722244     0.1811063     0.1897828     0.1982497     0.2065036
     0.2165509     0.2300421     0.2445717     0.2582053      0.270942     0.2827874     0.2937531     0.3139601     0.3483893     0.3771789             0
             0    -0.3499995    -0.3378602    -0.3282146    -0.3206137    -0.3118506     -0.301924    -0.2922229    -0.2847545    -0.2784955    -0.2719554    -0.2634344     -0.250796    -0.2353227    -0.2188968    -0.2016104     -0.183553    -0.1647996    -0.1454392     -0.125587
    -0.1053709 -8.476466E-02 -6.128047E-02 -3.777962E-02    -0.0143873  8.804983E-03  3.170865E-02  5.423771E-02     0.0763087  9.784097E-02      0.116143     0.1314488     0.1463448     0.1583949     0.1678329     0.1770626     0.1860786      0.194876      0.203451     0.2118003
     0.2219518     0.2355596     0.2501807     0.2638669     0.2766185     0.2884409     0.2993489     0.3193805     0.3531502     0.3808059             0
             0    -0.4537841    -0.4410224    -0.4301729     -0.421357    -0.4108897    -0.3986944    -0.3864572    -0.3768616    -0.3687268    -0.3601341    -0.3488238    -0.3318116    -0.3106424    -0.2878676     -0.263643    -0.2381296    -0.2114711    -0.1838316    -0.1554103
    -0.1264206 -9.684791E-02 -6.312975E-02 -2.943764E-02  4.011209E-03  3.704427E-02  6.948772E-02     0.1011648     0.1318956     0.1614985     0.1862568     0.2066583     0.2261723     0.2416436     0.2535798     0.2650619     0.2760787     0.2866218     0.2966854     0.3062664
     0.3176391     0.3323012     0.3471771     0.3602479     0.3716126     0.3813873     0.3897017     0.4036823     0.4209464     0.4253667             0
             0    -0.5562623    -0.5481957    -0.5393613    -0.5314618    -0.5212657    -0.5084818     -0.494809    -0.4836352    -0.4739282    -0.4634458    -0.4493741    -0.4276653    -0.3999311    -0.3695337    -0.3368041    -0.3020831    -0.2656687    -0.2278569    -0.1889603
    -0.1492771    -0.1087507 -6.238248E-02 -1.603277E-02  3.003811E-02  7.561621E-02     0.1204607     0.1642923     0.2067843     0.2475599     0.2813674     0.3089206     0.3348577     0.3549727     0.3702046     0.3845338     0.3979252     0.4103528     0.4218006     0.4322638
     0.4441194     0.4582042     0.4706884     0.4799203     0.4863231     0.4903347     0.4923776     0.4932968      0.483097     0.4599323             0
             0    -0.6393015     -0.642084    -0.6396135    -0.6357232    -0.6288733    -0.6182898    -0.6051188    -0.5933846    -0.5827025    -0.5707045    -0.5540652    -0.5274075    -0.4922195     -0.452998    -0.4105183    -0.3655108    -0.3185475    -0.2700992    -0.2205711
     -0.170278    -0.1190158 -6.022339E-02 -1.360821E-03  5.743791E-02     0.1160797     0.1744025     0.2321381     0.2888705     0.3439951        0.3901     0.4277304     0.4629655     0.4898769     0.5098971     0.5282574     0.5448261     0.5595009     0.5722176     0.5829567
     0.5939437     0.6044453     0.6098933     0.6100844     0.6063429      0.599842     0.5915366     0.5727722      0.530164     0.4826519             0
             0    -0.7024005     -0.720838    -0.7293214    -0.7331588    -0.7338075    -0.7295263    -0.7197477    -0.7088111    -0.6977792    -0.6844047    -0.6647948    -0.6316342    -0.5864227    -0.5357794    -0.4814304    -0.4247413    -0.3665995    -0.3075716     -0.248022
    -0.1881299       -0.1274 -5.772915E-02     0.0121761     0.0825158     0.1535482     0.2254582     0.2982964     0.3718866     0.4456918     0.5095101      0.562804     0.6135952     0.6526443     0.6814994     0.7074323     0.7299166     0.7484947     0.7628485     0.7728688
     0.7801448     0.7804318     0.7693471       0.75113     0.7292181     0.7059977     0.6829612     0.6389242     0.5638728     0.4972164             0
             0    -0.7392336    -0.7723072    -0.7933143     -0.807237     -0.819333    -0.8266819    -0.8250533    -0.8172789    -0.8068321    -0.7919144    -0.7679331     -0.724877    -0.6659182    -0.6015745    -0.5347478    -0.4671763    -0.3996707    -0.3325434    -0.2658592
    -0.1994946    -0.1325987 -5.593734E-02  2.112133E-02  9.916823E-02     0.1789127     0.2610807     0.3463907     0.4354875     0.5287873     0.6139774     0.6886084     0.7635434     0.8241928     0.8702285     0.9121786     0.9480889     0.9758334     0.9935471      1.000367
     0.9964046     0.9709747     0.9263753     0.8774103     0.8299779     0.7866392     0.7481799     0.6808953     0.5825801     0.5046609             0
             0    -0.7561452    -0.7975423    -0.8268049    -0.8482674    -0.8704184    -0.8903781    -0.9004206    -0.8985535    -0.8898306    -0.8727529    -0.8423128    -0.7867852    -0.7142367     -0.638789    -0.5632926    -0.4889908    -0.4161774    -0.3447462    -0.2744454
     -0.204906    -0.1350471 -5.505436E-02     0.0254266     0.1072199     0.1913185     0.2788224     0.3709797     0.4692193     0.5751478     0.6760138      0.768328     0.8664524     0.9518778      1.020498      1.086924      1.146987      1.194306      1.220536      1.218625
      1.189705      1.120917      1.034715     0.9556267     0.8873889      0.829819     0.7816017     0.7009586     0.5909633     0.5078776             0
             0    -0.7655967    -0.8121665    -0.8470408    -0.8741188    -0.9047847    -0.9376665    -0.9636417     -0.972864    -0.9684902    -0.9468195    -0.9049813    -0.8330713    -0.7470484    -0.6624913    -0.5807288    -0.5019558    -0.4258107    -0.3517809    -0.2793542
    -0.2079822    -0.1364317 -5.454573E-02  2.788382E-02     0.1118278     0.1984624     0.2891405     0.3854919     0.4895625      0.604013     0.7163469     0.8228072     0.9418192      1.053456      1.149739      1.252061      1.356573      1.452592       1.51367      1.477276
      1.387044      1.248768      1.115103      1.008463     0.9238186     0.8561043     0.8014096     0.7124009     0.5955915     0.5096225             0
             0    -0.7704625    -0.8198903    -0.8580987    -0.8888177     -0.925792    -0.9705458     -1.017115     -1.048372     -1.057552     -1.022201    -0.9581687    -0.8654318    -0.7672501    -0.6760744    -0.5903261    -0.5089266    -0.4309167    -0.3554761    -0.2819177
    -0.2095825    -0.1371496 -5.427925E-02  2.916477E-02     0.1142346     0.2022095     0.2945898     0.3932377     0.5005984      0.620079     0.7396706     0.8558822     0.9911487      1.127123      1.254171      1.406906        1.5975      1.846783      2.191904      1.875198
      1.600239      1.351687      1.168976       1.04033     0.9444928     0.8704954     0.8120285     0.7183697     0.5979552     0.5105039             0
