 51            10 
             0    -0.1551758     -0.160239    -0.1572743    -0.1539992    -0.1496571    -0.1444006    -0.1390921    -0.1349511    -0.1314616     -0.127802    -0.1230231    -0.1159221    -0.1072203 -9.797503E-02 -8.822881E-02 -7.802294E-02    -0.0673963 -5.638331E-02 -4.500985E-02
 -3.328559E-02 -2.119297E-02  -8.68827E-03  4.052253E-03     0.0168975  2.974581E-02  4.251503E-02  5.513621E-02  6.754974E-02  7.970303E-02  9.006847E-02  9.875987E-02     0.1072419     0.1141238      0.119525     0.1248184     0.1300007      0.135069     0.1400208     0.1448537
     0.1507436     0.1586664     0.1672191     0.1752631      0.182795     0.1898139     0.1963216     0.2083194     0.2285035     0.2374918             0
             0    -0.1582965    -0.1635544    -0.1605883    -0.1572881    -0.1528991    -0.1475745    -0.1421869    -0.1379784    -0.1344289    -0.1307035    -0.1258344    -0.1185915    -0.1097039    -0.1002512 -9.027844E-02 -7.982866E-02 -6.894183E-02 -5.765373E-02 -4.599267E-02
    -0.0339721 -2.157889E-02 -8.772098E-03  4.271979E-03  1.741904E-02  3.056437E-02  4.362283E-02  5.652257E-02     0.0692011  8.160288E-02  9.216878E-02     0.1010197      0.109648     0.1166398     0.1221223     0.1274902     0.1327401     0.1378691     0.1428745      0.147754
     0.1536936     0.1616683     0.1702548     0.1783086     0.1858282     0.1928149     0.1992728     0.2111412      0.230908      0.239176             0
             0    -0.2071578    -0.2157377    -0.2128601    -0.2092035    -0.2040755    -0.1976388    -0.1909508    -0.1856364    -0.1811074    -0.1763075    -0.1699775    -0.1604443    -0.1485772    -0.1358039    -0.1221963    -0.1078283 -9.277139E-02 -7.709212E-02 -6.084605E-02
 -4.406675E-02 -2.674915E-02 -8.848876E-03   9.36306E-03  2.767469E-02  4.591452E-02  6.393645E-02  8.161027E-02  9.881595E-02     0.1154409     0.1293873     0.1409075     0.1519561     0.1607424     0.1675364      0.174088      0.180391     0.1864406     0.1922332     0.1977666
     0.2043582     0.2129052     0.2216511     0.2294101      0.236231     0.2421715     0.2472944     0.2560327     0.2671587     0.2624375             0
             0    -0.2547167    -0.2689111    -0.2675574    -0.2645047    -0.2595365    -0.2527621    -0.2452941    -0.2391449    -0.2337955     -0.228021    -0.2202796    -0.2083704    -0.1932081    -0.1766161    -0.1587352    -0.1397112    -0.1196813 -9.876511E-02 -7.705528E-02
 -5.460177E-02 -3.139143E-02 -7.352221E-03  1.714768E-02  4.182423E-02      0.066445  9.080224E-02     0.1146944     0.1379139     0.1602416     0.1787954     0.1939504     0.2082591     0.2194015     0.2278686     0.2358682     0.2433832     0.2504008     0.2569128     0.2629165
     0.2697882     0.2781031      0.285714      0.291602     0.2959694      0.299031     0.3009954     0.3031115     0.3000837     0.2803922             0
             0    -0.2926444    -0.3142267    -0.3159991    -0.3147327    -0.3111244    -0.3051246    -0.2976835     -0.291155    -0.2852784    -0.2787489    -0.2697803    -0.2555784    -0.2370101    -0.2163746    -0.1939733    -0.1700973    -0.1449963     -0.118863 -9.182139E-02
 -6.391279E-02 -3.507529E-02 -5.157591E-03  2.543395E-02  5.640944E-02  8.754195E-02     0.1186214     0.1494177     0.1796511     0.2089684     0.2334344     0.2533845     0.2720732     0.2863898     0.2970852     0.3069589     0.3159569      0.324038     0.3311767     0.3373652
      0.343926     0.3507353     0.3552485     0.3570419     0.3567051     0.3547903     0.3517678     0.3442509     0.3248271     0.2921529             0
             0    -0.3209787    -0.3508623    -0.3571238    -0.3587794    -0.3577981    -0.3538176    -0.3473011    -0.3408577     -0.334714    -0.3275732     -0.317418    -0.3007326    -0.2783222    -0.2531846    -0.2259313     -0.197085    -0.1670373    -0.1360429    -0.1042235
 -7.156537E-02 -3.790679E-02 -2.961892E-03  3.290303E-02  6.947806E-02     0.1066373     0.1442743      0.182244      0.220302     0.2580381     0.2902092     0.3167726     0.3418231     0.3609454     0.3750711     0.3878377     0.3990747     0.4086436     0.4164547     0.4224791
      0.427823     0.4310343     0.4293476     0.4238545     0.4159696     0.4068073     0.3971567     0.3778907     0.3424271     0.2996744             0
             0    -0.3372361    -0.3737311     -0.384389    -0.3892496    -0.3915454    -0.3905194    -0.3857799     -0.379897    -0.3737515    -0.3661364    -0.3548229     -0.335512    -0.3091484    -0.2796985    -0.2481662    -0.2152787    -0.1814969    -0.1470615    -0.1120315
 -7.630096E-02 -3.959211E-02 -1.483416E-03  3.773784E-02  7.797713E-02     0.1192559     0.1616449     0.2052018     0.2498962     0.2955041     0.3357092     0.3697987     0.4027747     0.4284445     0.4474995      0.464613     0.4793076     0.4911453     0.4998063      0.505174
     0.5079356     0.5046232     0.4932776     0.4778984     0.4610035     0.4441496     0.4281849     0.3987949     0.3521338     0.3035129             0
             0    -0.3446329    -0.3846227    -0.3979008    -0.4048404    -0.4094979    -0.4109056    -0.4079157     -0.402724    -0.3967069    -0.3887512      -0.37648    -0.3550404     -0.325795    -0.2935161    -0.2594158    -0.2242697    -0.1885141    -0.1523359    -0.1157311
 -7.852644E-02 -4.037282E-02 -7.709481E-04  4.004262E-02  8.204454E-02     0.1253497     0.1701503     0.2166607     0.2650515     0.3153476     0.3607667     0.4001533     0.4392711     0.4706168     0.4943046     0.5158625     0.5343954     0.5489273     0.5585913     0.5629758
     0.5623946     0.5517971     0.5315133     0.5082871     0.4850665     0.4633133     0.4436298     0.4086677     0.3564701     0.3051703             0
             0     -0.348747    -0.3908297    -0.4057851    -0.4141308    -0.4205096     -0.423891    -0.4225632    -0.4181498    -0.4123338    -0.4040601    -0.3908636    -0.3675525    -0.3360853    -0.3018254    -0.2660452    -0.2294909     -0.192546    -0.1553435    -0.1178292
 -7.978334E-02 -4.081094E-02 -3.645611E-04  4.135188E-02  8.436026E-02     0.1288359     0.1750519     0.2233336      0.274006       0.32731     0.3762584      0.419439     0.4632932     0.4994695     0.5274457     0.5535544     0.5765156     0.5946183     0.6058496      0.608653
     0.6035523     0.5850062     0.5567534     0.5274112      0.499694     0.4746757     0.4526289     0.4142613     0.3588601      0.306069             0
             0    -0.3508582    -0.3940679    -0.4099723    -0.4191523    -0.4266275    -0.4314173    -0.4315218    -0.4279515    -0.4224203     -0.413802    -0.3996873     -0.374837    -0.3418343    -0.3063445    -0.2695883    -0.2322493    -0.1946596    -0.1569116     -0.118919
 -8.043448E-02 -4.103704E-02 -1.528935E-04  4.203233E-02  8.556568E-02     0.1306564     0.1776244     0.2268613     0.2787897     0.3337992     0.3848387      0.430386     0.4774198      0.517208     0.5487471     0.5791962     0.6072398     0.6306584     0.6455549     0.6447332
       0.63295      0.606236     0.5716867     0.5381945     0.5076944     0.4807683     0.4573925     0.4171658     0.3600796     0.3065229             0
