 51            10 
             0    -0.3435371      -0.33058    -0.3195591    -0.3119979    -0.3042392    -0.2948805    -0.2853548    -0.2778381    -0.2714379    -0.2646403    -0.2556273    -0.2418573    -0.2254361    -0.2081632     -0.191623    -0.1760158    -0.1587333    -0.1400221    -0.1200392
 -9.885544E-02 -7.644952E-02 -5.473529E-02 -3.380048E-02    -0.0118384   9.35909E-03  2.956337E-02  5.014551E-02  7.088154E-02  9.158447E-02     0.1095383     0.1247782     0.1398487     0.1522626     0.1621176     0.1712848     0.1797576     0.1881366     0.1964099     0.2045657
     0.2145993     0.2282713     0.2432771      0.257646     0.2713906     0.2838172     0.2949013      0.315707     0.3518585     0.3824425             0
             0     -0.350961    -0.3388765    -0.3289983    -0.3213759    -0.3130188    -0.3032663    -0.2936961    -0.2863298    -0.2801556     -0.273696    -0.2652477    -0.2525221    -0.2370261    -0.2201388    -0.2025227    -0.1852135     -0.166577    -0.1470036    -0.1266311
    -0.1055617 -8.348217E-02 -6.129117E-02 -3.943752E-02 -1.658808E-02  5.862555E-03  2.749201E-02  4.930473E-02  7.106841E-02  9.260167E-02     0.1110005      0.126439     0.1415535     0.1539408     0.1638113     0.1731213     0.1818262     0.1904661     0.1989976     0.2074071
     0.2177443     0.2316809     0.2467823     0.2610829     0.2746233     0.2871831     0.2986509     0.3200514     0.3557191      0.385208             0
             0    -0.4551292    -0.4425276    -0.4314878     -0.422721    -0.4127794    -0.4008432    -0.3888095    -0.3793691     -0.371361    -0.3628868    -0.3516836    -0.3345554    -0.3133467    -0.2898833    -0.2651601    -0.2406316     -0.214093    -0.1861314    -0.1569745
    -0.1267969 -9.517889E-02 -6.343547E-02 -3.221505E-02  3.417761E-04  3.220664E-02     0.0627462     0.0933245     0.1235476     0.1530923     0.1779525     0.1985222     0.2183316     0.2342618     0.2467796     0.2584147     0.2691098     0.2795362     0.2896366     0.2993923
     0.3111294     0.3264097     0.3421246     0.3561724     0.3686477      0.379465     0.3886474     0.4045228     0.4246504     0.4304686             0
             0    -0.5585377    -0.5511428    -0.5425543    -0.5350735    -0.5256587    -0.5134062    -0.5001445    -0.4892453    -0.4797403    -0.4694275    -0.4554852    -0.4335514    -0.4056165    -0.3740515    -0.3403963    -0.3067364    -0.2702597    -0.2318466    -0.1918388
    -0.1504987    -0.1072558 -6.389258E-02 -2.123914E-02  2.326889E-02     0.0668688     0.1086953     0.1505815     0.1919199     0.2321656     0.2657482     0.2932516     0.3193536     0.3399295     0.3558327     0.3703362     0.3833541     0.3957077     0.4073154      0.418148
     0.4306949     0.4459851     0.4600951     0.4711343      0.479402       0.48518     0.4888221     0.4928254     0.4873891     0.4656546             0
             0    -0.6431049    -0.6480234    -0.6472204    -0.6449241    -0.6396767    -0.6305296    -0.6184071    -0.6072533    -0.5969219    -0.5851369    -0.5685403    -0.5412002     -0.505103    -0.4635179    -0.4189695    -0.3745022    -0.3267556    -0.2770053    -0.2256768
     -0.173063    -0.1183459 -6.363904E-02 -9.787232E-03  4.660689E-02     0.1021797     0.1559682     0.2103899     0.2646852     0.3180761     0.3629287     0.3996838     0.4343775     0.4613413     0.4818535     0.5001571      0.516081     0.5306017      0.543575     0.5549449
     0.5671495     0.5799399     0.5885643     0.5922247     0.5918628      0.588541     0.5832021     0.5696316     0.5344452     0.4887568             0
             0    -0.7081617    -0.7316437    -0.7451236     -0.753502    -0.7582947    -0.7583412    -0.7516953    -0.7422605     -0.731926    -0.7186875    -0.6985055    -0.6628208    -0.6141173    -0.5579618    -0.4986929     -0.440816    -0.3802159    -0.3185232    -0.2560495
    -0.1929296    -0.1279259 -6.324434E-02  4.695458E-04  6.754685E-02      0.134284     0.1998737     0.2675443     0.3366826     0.4065445     0.4669489     0.5174357     0.5658014     0.6035486     0.6320452     0.6569821     0.6778646     0.6957647     0.7102922     0.7212908
     0.7307405     0.7355433     0.7308348     0.7193524     0.7036495     0.6860548     0.6681736     0.6324407     0.5678516     0.5035467             0
             0    -0.7466776    -0.7884452    -0.8197123    -0.8434682    -0.8655974     -0.884901    -0.8928041    -0.8894877     -0.880686    -0.8652235    -0.8380041    -0.7861591    -0.7164154    -0.6399109    -0.5629418    -0.4911621    -0.4187905    -0.3472896    -0.2764491
    -0.2059823    -0.1341335 -6.297885E-02  7.133996E-03  8.130537E-02     0.1557869      0.230142     0.3085361     0.3910157     0.4776274     0.5562915      0.624967      0.693934      0.750233      0.793646     0.8318973      0.863348     0.8885152     0.9057015     0.9141029
      0.914507      0.898621     0.8666744     0.8299133     0.7928531     0.7582962     0.7275104     0.6717062     0.5862601      0.511098             0
             0    -0.7645027    -0.8170162    -0.8607728    -0.8969513     -0.935997     -0.978754     -1.010151     -1.019433     -1.014616    -0.9948828    -0.9546575    -0.8784407    -0.7844598    -0.6895049    -0.5989999     -0.518006    -0.4385836    -0.3616478    -0.2864347
    -0.2122904    -0.1371128 -6.285521E-02  1.032308E-02  8.793508E-02     0.1662645     0.2451492     0.3293846     0.4196612     0.5170175     0.6089405     0.6925347     0.7810617     0.8583229     0.9209493     0.9789288      1.028855      1.069023      1.092598      1.094031
      1.074631       1.02417     0.9586669      0.897283     0.8429375     0.7964693     0.7575972     0.6903492     0.5944831     0.5143592             0
             0    -0.7745076    -0.8338228    -0.8863911    -0.9322606    -0.9865932     -1.055161     -1.121116     -1.156071     -1.162264     -1.131363     -1.065224    -0.9538156    -0.8335781     -0.722483    -0.6216432    -0.5342916    -0.4503096    -0.3700178    -0.2921928
    -0.2159026    -0.1388127 -6.278627E-02  1.213877E-02  9.172393E-02     0.1722883     0.2538594     0.3416604     0.4368907     0.5414669     0.6430472      0.738518     0.8445536     0.9437776      1.029598      1.115846      1.199204      1.275945      1.325194      1.300766
      1.234341       1.12948      1.026126     0.9423704     0.8744674     0.8195444     0.7753325     0.7009461     0.5990157     0.5161278             0
             0    -0.7796734    -0.8427985    -0.9007621     -0.953158     -1.019447     -1.113128     -1.226558       -1.3179     -1.370162     -1.293109     -1.170442     -1.011106    -0.8655027    -0.7420773    -0.6343737    -0.5431803    -0.4565908     -0.374448    -0.2952169
    -0.2177907    -0.1396991 -6.275097E-02  1.308395E-02     0.0937013     0.1754449     0.2584541      0.348203     0.4462218     0.5550479     0.6627217     0.7663478     0.8859311      1.005354      1.116591      1.241658      1.388797      1.578245      1.832152      1.605604
       1.40204       1.21275      1.070836     0.9693581     0.8922558      0.832115     0.7848055     0.7064621     0.6013283     0.5170211             0
