 51            10 
             0    -0.2560382     -0.246972    -0.2397993    -0.2341495    -0.2276396     -0.220277    -0.2130979    -0.2075817     -0.202965    -0.1981477    -0.1918797    -0.1826013    -0.1712668    -0.1592524    -0.1466163    -0.1334203     -0.119727    -0.1056078 -9.115083E-02
 -7.649065E-02    -0.0622859 -5.017443E-02 -3.000795E-02 -1.159743E-02  5.933991E-03  2.294186E-02  3.955155E-02      0.055787     0.0716279  8.510968E-02     0.0963999     0.1074056     0.1163248     0.1233197     0.1301695     0.1368703     0.1434188     0.1498123     0.1560487
     0.1636461     0.1738633     0.1848935     0.1952699     0.2049852      0.214033     0.2224165      0.237874     0.2641748      0.282939             0
             0    -0.2611457    -0.2520283    -0.2447845    -0.2390808    -0.2325105     -0.225068    -0.2177937    -0.2121931    -0.2074989    -0.2025933    -0.1962008    -0.1867169    -0.1751025    -0.1627712    -0.1497971    -0.1362512    -0.1221803    -0.1076471    -0.0927422
 -7.761338E-02 -6.296215E-02 -4.526832E-02    -0.0274015 -9.928931E-03  7.386339E-03  2.449055E-02  4.133033E-02  5.785048E-02  7.399268E-02  8.773407E-02  9.923731E-02     0.1104415     0.1195101      0.126614     0.1335612     0.1403462     0.1469647     0.1534132     0.1596898
     0.1673239     0.1776008     0.1886856     0.1991171     0.2088778     0.2179168     0.2262532     0.2415664     0.2674048     0.2885771             0
             0    -0.3390164    -0.3294356    -0.3212908    -0.3146777    -0.3068318    -0.2976906    -0.2885164    -0.2813216    -0.2752213    -0.2687764    -0.2602918    -0.2475257     -0.231635    -0.2145356    -0.1963523    -0.1772115    -0.1572082    -0.1364597    -0.1151217
 -9.342988E-02    -0.0724109 -4.702983E-02 -2.144669E-02  3.502803E-03  2.812893E-02  5.232085E-02     0.0759633  9.893323E-02     0.1210988     0.1396705     0.1549938     0.1696679     0.1813135     0.1903029     0.1989535     0.2072557     0.2152018     0.2227866     0.2300085
     0.2385872     0.2497015     0.2610432     0.2710784     0.2798701     0.2874469     0.2939106     0.3048234     0.3185033     0.3221951             0
             0    -0.4159339    -0.4098988    -0.4032826     -0.397367    -0.3897351    -0.3801625    -0.3699188    -0.3615438     -0.354266    -0.3464045    -0.3358474    -0.3195528    -0.2987251    -0.2758916    -0.2513119    -0.2252529    -0.1979211    -0.1695314    -0.1403277
    -0.1106408 -8.186485E-02 -4.705717E-02 -1.196062E-02  2.230871E-02  5.619215E-02  8.953524E-02      0.122153     0.1538192     0.1842611     0.2095513     0.2301953     0.2496598     0.2647795     0.2762407     0.2870335     0.2971299     0.3065088     0.3151569     0.3230703
     0.3320536     0.3428007     0.3524578     0.3597227     0.3649266     0.3683339     0.3702506      0.371668     0.3652152     0.3482975             0
             0    -0.4782988    -0.4804727    -0.4786866    -0.4758151    -0.4707305    -0.4628442    -0.4530012    -0.4442166    -0.4362118    -0.4272129    -0.4147232    -0.3946943    -0.3682344    -0.3387333    -0.3067913     -0.272979    -0.2377044    -0.2013107    -0.1641144
    -0.1264911 -9.011872E-02 -4.608962E-02 -1.626109E-03  4.200557E-02  8.549313E-02     0.1287467     0.1715982      0.213765     0.2548151     0.2892269     0.3173672      0.343771     0.3639812     0.3790383     0.3928671     0.4053649     0.4164507     0.4260731     0.4342151
     0.4425694     0.4506401     0.4550919     0.4556498     0.4533919     0.4491204     0.4435012     0.4305967      0.400463     0.3654435             0
             0    -0.5257267    -0.5397846    -0.5463504    -0.5493758    -0.5500298     -0.546989    -0.5397757    -0.5316263    -0.5233711    -0.5133324    -0.4985824    -0.4735916    -0.4394836    -0.4012825     -0.360317    -0.3176543      -0.27393    -0.2295523    -0.1848063
     -0.139992 -9.691375E-02 -4.481575E-02   7.90727E-03  6.002399E-02      0.112622     0.1658793     0.2198821     0.2745516     0.3295384     0.3772631     0.4172514      0.455505     0.4850302     0.5069001     0.5265952      0.543694     0.5578248     0.5687242     0.5762962
     0.5817289     0.5817552     0.5734617     0.5599261     0.5439859     0.5273027     0.5108467     0.4794563     0.4256349     0.3764276             0
             0    -0.5534381    -0.5786507    -0.5948266    -0.6056093    -0.6151124    -0.6211295    -0.6203399    -0.6147277    -0.6069668    -0.5957181     -0.577526    -0.5447989    -0.5000281     -0.451266    -0.4007264    -0.3497612    -0.2989227    -0.2484098    -0.1982743
    -0.1486014    -0.1011467 -4.385791E-02  1.422059E-02  7.201294E-02     0.1310362     0.1918875     0.2551822     0.3215092     0.3913232     0.4555355     0.5121911     0.5695645     0.6164488     0.6522642     0.6850909     0.7133035     0.7350877     0.7488093     0.7536798
     0.7496722     0.7282317     0.6927705     0.6547248     0.6189373     0.5869564     0.5589657     0.5104077     0.4395772      0.382039             0
             0    -0.5661684    -0.5977408    -0.6202829    -0.6369096    -0.6542814    -0.6703377    -0.6791883    -0.6788086    -0.6727424    -0.6594725    -0.6356339    -0.5926614    -0.5371041    -0.4796728     -0.422428    -0.3663009    -0.3114154    -0.2576347    -0.2047629
    -0.1527041    -0.1031436 -4.337912E-02  1.726346E-02  7.781823E-02     0.1400603     0.2048785     0.2733106     0.3465867     0.4261623     0.5027463      0.573622     0.6500306     0.7177081     0.7727759      0.826805     0.8762844     0.9155977     0.9371079     0.9340701
     0.9077356     0.8481897     0.7774577     0.7145387     0.6621129      0.619088     0.5836989     0.5252029     0.4458203     0.3844631             0
             0    -0.5732852    -0.6088156    -0.6356993    -0.6567064     -0.680833    -0.7075255    -0.7307833    -0.7427532    -0.7435268     -0.723234    -0.6868133    -0.6290917    -0.5624744    -0.4978339    -0.4357119    -0.3761433    -0.3187123    -0.2629558    -0.2084742
    -0.1550371    -0.1042737 -4.310165E-02  1.900152E-02     0.0811433     0.1452626     0.2124464     0.2840382     0.3617747     0.4480011     0.5337622     0.6162245     0.7101812      0.800493      0.879935     0.9662473       1.05656      1.141662       1.19713      1.160635
      1.076802     0.9539664     0.8417312     0.7555173     0.6897303     0.6387306      0.598389     0.5336422     0.4492657     0.3857779             0
             0    -0.5769497    -0.6146694    -0.6441405      -0.66801    -0.6972474    -0.7343245    -0.7796913    -0.8284788    -0.8754868    -0.8088647    -0.7355057     -0.655497    -0.5782739    -0.5082856    -0.4430373    -0.3814405    -0.3225822    -0.2657521    -0.2104128
    -0.1562511    -0.1048599 -4.295576E-02  1.990805E-02      0.082881     0.1479935     0.2164481     0.2897751     0.3700406     0.4602228     0.5518587     0.6424329     0.7503206     0.8621649     0.9694815      1.102551      1.274662      1.510055      1.868552       1.53287
       1.26852      1.042132     0.8857937     0.7805694     0.7055179     0.6495244     0.6062785     0.5380455      0.451025      0.386442             0
