 51            10 
             0    -0.2561999    -0.2464727    -0.2382025     -0.232529    -0.2267078    -0.2196866    -0.2125403    -0.2069013       -0.2021    -0.1970006    -0.1902393    -0.1799096    -0.1675913    -0.1546343    -0.1422271    -0.1305198     -0.117556    -0.1035207 -8.853152E-02
 -7.264169E-02 -5.583525E-02 -3.954773E-02 -2.384495E-02 -7.371766E-03  8.527815E-03     0.0236823  3.912006E-02  5.467313E-02  7.020123E-02  8.366729E-02  9.509767E-02     0.1064009     0.1157115     0.1231029     0.1299784      0.136333     0.1426172     0.1488221     0.1549389
     0.1624638     0.1727174      0.183971     0.1947468     0.2050541     0.2143727     0.2226844     0.2382853      0.265389     0.2883006             0
             0     -0.261766     -0.252695    -0.2452825    -0.2395633    -0.2332931    -0.2259764    -0.2187967    -0.2132705    -0.2086387    -0.2037929    -0.1974552     -0.187909    -0.1762847    -0.1636169    -0.1504026    -0.1374187    -0.1234392    -0.1087571 -9.347568E-02
 -7.767162E-02 -6.110997E-02 -4.446476E-02 -2.807273E-02    -0.0109339  5.905666E-03  2.212915E-02  3.848997E-02  5.481387E-02     0.0709648  8.476464E-02  9.634403E-02     0.1076803      0.116971      0.124374     0.1313566     0.1378854     0.1443653     0.1507639     0.1570709
     0.1648236     0.1752756      0.186601     0.1973255     0.2074796     0.2168982     0.2254975     0.2415445     0.2682852     0.2903754             0
             0    -0.3398896    -0.3304305    -0.3221466    -0.3155689    -0.3081102    -0.2991554    -0.2901279     -0.283046    -0.2770386    -0.2706816    -0.2622775    -0.2494291    -0.2335199    -0.2159197    -0.1973745    -0.1789756     -0.159069    -0.1380951    -0.1162248
    -0.0935889 -6.987267E-02 -4.606242E-02 -2.264457E-02  1.775581E-03     0.0256766  4.858341E-02  7.151917E-02  9.418837E-02     0.1163486      0.134995     0.1504232     0.1652811     0.1772292     0.1866179     0.1953444      0.203366     0.2111859     0.2187612     0.2260779
     0.2348806     0.2463403     0.2581257     0.2686603     0.2780153     0.2861264     0.2930112     0.3049131     0.3199958     0.3243286             0
             0    -0.4174443    -0.4118899    -0.4054443    -0.3998309    -0.3927672     -0.383575    -0.3736263    -0.3654501      -0.35832    -0.3505839    -0.3401254    -0.3236724    -0.3027182    -0.2790413    -0.2537966    -0.2285487     -0.201188    -0.1723749    -0.1423657
    -0.1113573 -7.892153E-02 -4.639553E-02 -1.440199E-02  1.898258E-02  5.168594E-02  8.305903E-02     0.1144768     0.1454836     0.1756707     0.2008598     0.2214891      0.241067     0.2564999      0.268428     0.2793062       0.28907     0.2983354     0.3070413     0.3151658
     0.3245758     0.3360428      0.346624     0.3549016        0.3611     0.3654308     0.3681594     0.3711552     0.3670606     0.3507243             0
             0    -0.4808686    -0.4845491    -0.4839426    -0.4822175    -0.4782792    -0.4714159    -0.4623214    -0.4539542    -0.4462042    -0.4373639    -0.4249145    -0.4044065    -0.3773304    -0.3461381    -0.3127233    -0.2793694    -0.2435558    -0.2062394     -0.167739
    -0.1282746 -8.723246E-02 -4.619794E-02 -5.804715E-03     0.0364955  7.817972E-02     0.1185256     0.1593463     0.2000723     0.2401199     0.2737629     0.3013321      0.327355     0.3475796     0.3629651     0.3766938     0.3886375     0.3995285     0.4092587     0.4177861
     0.4269392     0.4365309      0.442997     0.4457393     0.4454641     0.4429686     0.4389599     0.4287726     0.4023606     0.3680549             0
             0    -0.5296605    -0.5472636    -0.5573691      -0.56365    -0.5672417    -0.5672736    -0.5622865    -0.5552084     -0.547456    -0.5375255     -0.522387    -0.4956205    -0.4590894    -0.4169691    -0.3725137    -0.3291023    -0.2836483    -0.2373746     -0.190515
    -0.1431705 -9.441283E-02 -4.589653E-02  1.894069E-03  5.220769E-02     0.1022663     0.1514644     0.2022235     0.2540837     0.3064867     0.3517958     0.3896658     0.4259446     0.4542585     0.4756334      0.494338     0.5100014     0.5234275     0.5343235     0.5425724
     0.5496588     0.5532583     0.5497225     0.5411053      0.529322     0.5161195     0.5027022     0.4758897      0.427421     0.3791499             0
             0    -0.5585471    -0.5898644    -0.6133103    -0.6311242    -0.6477183    -0.6621929    -0.6681176    -0.6656283    -0.6590254    -0.6474269    -0.6270103    -0.5881234    -0.5358121      -0.47843    -0.4206993    -0.3668607    -0.3125779    -0.2589478    -0.2058128
    -0.1529578 -9.906596E-02 -4.569441E-02  6.895962E-03  6.253084E-02     0.1183986     0.1741718      0.232975      0.294843     0.3598109     0.4188175     0.4703319      0.522065     0.5642959     0.5968608     0.6255535      0.649145     0.6680226     0.6809133     0.6872135
     0.6875139     0.6755931      0.651624     0.6240435     0.5962388      0.570312     0.5472143     0.5053452     0.4412305     0.3848146             0
             0    -0.5719158    -0.6112925    -0.6441055    -0.6712363    -0.7005178    -0.7325825    -0.7561277    -0.7630873    -0.7594725     -0.744671       -0.7145    -0.6573343     -0.586845     -0.515625    -0.4477423    -0.3869931    -0.3274221    -0.2697157    -0.2133012
    -0.1576879    -0.1012992 -4.560032E-02   9.28939E-03  6.750509E-02     0.1262593     0.1854302     0.2486152     0.3163321       0.38936      0.458313     0.5210189     0.5874256      0.645382     0.6923608     0.7358539     0.7733059     0.8034378     0.8211215     0.8221938
      0.807636     0.7697764     0.7206335     0.6745816       0.63381     0.5989479     0.5697842     0.5193304      0.447399     0.3872611             0
             0    -0.5794194    -0.6238974    -0.6633191    -0.6977182    -0.7384648    -0.7898874     -0.839351    -0.8655652    -0.8702086    -0.8470312    -0.7974248    -0.7138653    -0.6236835    -0.5403584    -0.4647245     -0.399207    -0.3362162    -0.2759929    -0.2176193
    -0.1603966    -0.1025735 -4.554787E-02  1.065206E-02  7.034783E-02     0.1307785     0.1919646     0.2578242     0.3292571     0.4077011     0.4838987     0.5555141     0.6350556     0.7094887     0.7738678      0.838569     0.9011037     0.9586754     0.9956227     0.9772913
     0.9274516     0.8487787     0.7712396     0.7084046     0.6574625     0.6162578     0.5830884     0.5272797     0.4507993     0.3885878             0
             0    -0.5832937    -0.6306291    -0.6740973    -0.7133912    -0.7631049    -0.8333629    -0.9184328    -0.9869373     -1.026132    -0.9683406    -0.8763382    -0.7568328    -0.6476269    -0.5550539    -0.4742723    -0.4058733     -0.340927    -0.2793154    -0.2198872
    -0.1618124     -0.103238     -0.045521     0.0113614  7.183142E-02     0.1331466     0.1954115     0.2627324      0.336257     0.4178892     0.4986579     0.5763913     0.6660963      0.755683     0.8391315     0.9329569      1.043346      1.185485      1.375999      1.206004
      1.053267     0.9112484     0.8047801       0.72865     0.6708066     0.6256877     0.5901946     0.5314176     0.4525341     0.3892579             0
