 51            10 
             0    -0.2579113      -0.24908    -0.2422613    -0.2367602    -0.2303221    -0.2231441    -0.2162389    -0.2109864      -0.20662    -0.2020951    -0.1962488    -0.1876877    -0.1772067    -0.1656845    -0.1525952    -0.1384088    -0.1243547    -0.1097209 -9.450401E-02
 -7.930059E-02 -6.415211E-02 -4.840555E-02 -3.215849E-02 -1.623051E-02  1.236933E-04  1.679572E-02  3.284699E-02  4.906031E-02  6.535191E-02  7.889684E-02  9.004305E-02     0.1007021     0.1091467     0.1156482       0.12232     0.1291399     0.1356563     0.1418538     0.1481947
     0.1562832     0.1666251     0.1779492     0.1887031     0.1979471     0.2079174     0.2182787     0.2361628     0.2640055     0.2876612             0
             0    -0.2625059     -0.253556    -0.2466078    -0.2410079    -0.2344584     -0.227133    -0.2200584     -0.214661    -0.2101656    -0.2054985    -0.1994587    -0.1905969    -0.1797455    -0.1678435    -0.1544229    -0.1399689      -0.12562     -0.110639 -9.503014E-02
 -7.937839E-02 -6.373163E-02 -4.747842E-02 -3.074631E-02 -1.433713E-02   2.45799E-03  1.951055E-02  3.592893E-02  5.251115E-02  6.915408E-02     0.0830187  9.445368E-02     0.1054137     0.1141081     0.1207968     0.1276372     0.1345986     0.1412346     0.1475366     0.1539721
     0.1621473     0.1725955     0.1840337     0.1948547     0.2041549     0.2140152      0.223945     0.2409658     0.2678136     0.2902434             0
             0    -0.3409209    -0.3316744    -0.3239827    -0.3175773    -0.3098527    -0.3009472    -0.2920932    -0.2851987    -0.2793821    -0.2732693    -0.2652667    -0.2533367    -0.2384523    -0.2218755    -0.2029628    -0.1824192     -0.161998    -0.1406175    -0.1182901
 -9.587087E-02 -7.345146E-02 -5.018009E-02 -2.626253E-02  -2.87175E-03  2.097067E-02  4.505296E-02  6.807685E-02  9.111302E-02     0.1139779     0.1327541     0.1480377     0.1624618      0.173699      0.182226     0.1908133     0.1994217     0.2074916     0.2150143     0.2225392
     0.2319114     0.2434971     0.2555336     0.2663319     0.2750559     0.2836149      0.291686     0.3044789     0.3199072     0.3242768             0
             0    -0.4193189    -0.4144443    -0.4088922    -0.4036683    -0.3966821    -0.3878346    -0.3782788     -0.370426    -0.3635868    -0.3561901    -0.3462564    -0.3309547    -0.3112047    -0.2886902    -0.2626402    -0.2341381    -0.2059103    -0.1764212    -0.1456947
    -0.1149123    -0.0841923 -5.235301E-02 -1.965426E-02  1.232123E-02  4.492593E-02  7.787064E-02     0.1093627     0.1408236     0.1719265     0.1972667     0.2176981     0.2367228     0.2512739     0.2621448     0.2728876     0.2834435     0.2931065     0.3018659     0.3103434
     0.3205501     0.3324343     0.3435759     0.3524673     0.3586345     0.3634547     0.3669971     0.3707223     0.3673158     0.3507437             0
             0     -0.484186    -0.4899023    -0.4910984     -0.490512    -0.4878493    -0.4823177    -0.4742714    -0.4665544    -0.4592763    -0.4508788    -0.4390022    -0.4196247    -0.3934236    -0.3629233    -0.3274911    -0.2889104    -0.2513677     -0.212736    -0.1729838
    -0.1335663 -9.452398E-02 -5.424175E-02 -1.292118E-02  2.756289E-02  6.904596E-02     0.1112538     0.1519665     0.1930593     0.2340402     0.2676334     0.2947395     0.3198664     0.3388523     0.3528396     0.3663856     0.3793705     0.3908689     0.4008496     0.4099802
     0.4202936     0.4309019     0.4385786     0.4426111     0.4434646     0.4416312      0.437846     0.4281932      0.402864     0.3681315             0
             0    -0.5348549    -0.5572148    -0.5714102    -0.5809246    -0.5890719     -0.593447     -0.591599    -0.5861194    -0.5792362    -0.5697696      -0.55481    -0.5280358    -0.4903228    -0.4466832    -0.3972589    -0.3449894    -0.2960091    -0.2471896    -0.1981593
    -0.1504338    -0.1037652 -5.597208E-02 -7.042607E-03  4.104291E-02     0.0907153     0.1418763     0.1920864     0.2439102     0.2968471     0.3413944     0.3780058     0.4124344     0.4385933     0.4577652     0.4760358     0.4930596     0.5074099     0.5189213     0.5282315
      0.537129     0.5430354     0.5421104     0.5360748     0.5274544      0.515392     0.5014341     0.4750208     0.4280795     0.3792687             0
             0    -0.5653659    -0.6048662    -0.6362207    -0.6613943    -0.6894637    -0.7161055    -0.7317692      -0.73407    -0.7294408    -0.7176912    -0.6949282    -0.6506734    -0.5905139    -0.5258881    -0.4578655    -0.3899759     -0.329612    -0.2718734     -0.215524
    -0.1617731    -0.1099033 -5.717659E-02 -3.302994E-03  4.979174E-02     0.1050723     0.1627296     0.2204115        0.2816     0.3462666     0.4032002     0.4519409     0.4998997     0.5380331     0.5666677      0.594315     0.6198385     0.6402315     0.6544155     0.6624656
      0.665445     0.6581078     0.6391554     0.6160209     0.5940562     0.5700542     0.5456754      0.504177     0.4419593      0.384957             0
             0     -0.579618    -0.6294517     -0.673313    -0.7118677    -0.7604554    -0.8162957    -0.8633191    -0.8840694    -0.8859761    -0.8678254    -0.8268052    -0.7515746    -0.6625016    -0.5769204     -0.493718    -0.4148301    -0.3472892    -0.2844204    -0.2241386
    -0.1673114    -0.1128791 -5.777288E-02 -1.529511E-03  5.398462E-02     0.1120328      0.173006     0.2346983     0.3012784     0.3733355     0.4391174     0.4976812     0.5584105     0.6101531     0.6512063     0.6933013     0.7341277     0.7672359     0.7875435     0.7906396
     0.7784309     0.7467685     0.7046397     0.6643412      0.631332      0.598991     0.5680751     0.5179915     0.4481557     0.3874141             0
             0    -0.5876571    -0.6441205    -0.6969875    -0.7463588    -0.8142283    -0.9044166     -1.003429      -1.07127     -1.100237     -1.055164    -0.9672507    -0.8404415     -0.717355    -0.6122267    -0.5169662    -0.4302215     -0.357906    -0.2918056      -0.22914
    -0.1704993     -0.114585 -5.811809E-02 -5.240469E-04  5.637457E-02     0.1160247     0.1789521     0.2430747     0.3130562       0.39004     0.4622318     0.5286074     0.6008395     0.6671018     0.7236192     0.7874728     0.8569903     0.9221916      0.966886      0.948113
     0.8956874     0.8224402     0.7529976     0.6966325     0.6547787     0.6165161     0.5812729     0.5258358     0.4515701     0.3887467             0
             0    -0.5918219    -0.6520353     -0.710505    -0.7674024    -0.8510097    -0.9775637     -1.161085     -1.373945     -1.626569     -1.357939     -1.125157    -0.9141728    -0.7549869    -0.6339425    -0.5303834    -0.4387547    -0.3636494    -0.2957406    -0.2317787
    -0.1721712    -0.1154771 -5.829972E-02 -2.019882E-06  5.761981E-02     0.1181132     0.1820824     0.2475263     0.3194139     0.3992839     0.4755125     0.5472685     0.6284995     0.7084252     0.7825001     0.8777813      1.003778      1.171268       1.41081      1.206674
      1.027328     0.8842306     0.7855397     0.7160043     0.6680105     0.6260828     0.5883217     0.5299162     0.4533119     0.3894198             0
