 51            10 
             0    -0.1152237     -0.118923    -0.1166762    -0.1142092    -0.1109449    -0.1069968    -0.1030115 -9.990337E-02 -9.728446E-02 -9.453824E-02 -9.095217E-02 -8.562414E-02 -7.909539E-02 -7.215928E-02 -6.484762E-02 -5.719135E-02 -4.921962E-02 -4.095826E-02 -3.242667E-02
 -2.363211E-02 -1.456142E-02 -5.181821E-03  4.374544E-03  1.400936E-02  2.364639E-02  3.322402E-02  4.269052E-02  5.200118E-02  6.111657E-02  6.889091E-02  7.540963E-02  8.177127E-02  8.693268E-02  9.098355E-02  9.495354E-02  9.884019E-02     0.1026413      0.106355     0.1099795
     0.1143966     0.1203382      0.126752     0.1327841      0.138432      0.143695     0.1485743     0.1575693     0.1726959     0.1793708             0
             0     -0.117564    -0.1214093    -0.1191616    -0.1166756    -0.1133762     -0.109377    -0.1053323    -0.1021736    -0.0995098 -9.671411E-02 -9.306049E-02 -8.762594E-02 -8.095784E-02    -0.0738662 -6.638458E-02 -5.854535E-02 -5.037847E-02 -4.191075E-02 -3.316343E-02
 -2.414661E-02 -1.485044E-02 -5.244218E-03  4.539864E-03     0.0144011  2.426094E-02  3.405554E-02  4.373102E-02  5.324047E-02  6.254227E-02  7.046699E-02  7.710537E-02  8.357669E-02  8.882055E-02  9.293243E-02  9.695832E-02     0.1008957     0.1047423     0.1084962     0.1121556
     0.1166101     0.1225906     0.1290297     0.1350692     0.1407078     0.1459466     0.1507886     0.1596866        0.1745     0.1806345             0
             0    -0.1542087    -0.1605452    -0.1583637    -0.1556104    -0.1517565    -0.1469232    -0.1419031    -0.1379149    -0.1345163    -0.1309147    -0.1261653    -0.1190128    -0.1101099    -0.1005275 -9.031954E-02 -7.954132E-02 -6.824658E-02 -5.648514E-02    -0.0442987
 -3.171242E-02 -1.872252E-02 -5.295713E-03  8.364764E-03  2.209994E-02  3.578118E-02  4.929891E-02  6.255544E-02  7.546075E-02  8.793039E-02  9.839081E-02     0.1070314     0.1153182     0.1219081     0.1270037     0.1319175     0.1366448     0.1411819     0.1455262     0.1496761
     0.1546195     0.1610292     0.1675877     0.1734059     0.1785202      0.182974     0.1868144      0.193364      0.201695     0.1980849             0
             0    -0.1898769    -0.2004241    -0.1993854     -0.197085    -0.1933509    -0.1882642     -0.182659    -0.1780446    -0.1740306     -0.169698    -0.1638899    -0.1549553    -0.1435808    -0.1311341    -0.1177209    -0.1034505 -8.842561E-02 -7.273614E-02 -5.645145E-02
 -3.960906E-02 -2.219907E-02  -4.16744E-03  1.420969E-02  3.271928E-02  5.118699E-02      0.069457  8.737809E-02     0.1047946      0.121542     0.1354587     0.1468259     0.1575582     0.1659155     0.1722662     0.1782661     0.1839024     0.1891656     0.1940496     0.1985522
     0.2037056      0.209941      0.215648     0.2200623      0.223336     0.2256299     0.2271007     0.2286822     0.2263949     0.2115543             0
             0    -0.2183222    -0.2344102     -0.235716    -0.2347552     -0.232041    -0.2275351    -0.2219501    -0.2170511    -0.2126417    -0.2077428    -0.2010142      -0.19036    -0.1764308    -0.1609514    -0.1441477     -0.126238    -0.1074096 -8.780687E-02 -6.752301E-02
 -4.658886E-02 -2.495798E-02 -2.516869E-03     0.0204297     0.0436643  6.701671E-02  9.032935E-02     0.1134297     0.1361077     0.1580984     0.1764503     0.1914146     0.2054326     0.2161711     0.2241933     0.2315991      0.238348      0.244409      0.249763     0.2544041
     0.2593242       0.26443      0.267813     0.2691555     0.2688999     0.2674605       0.26519     0.2595448     0.2449571     0.2203769             0
             0    -0.2395726    -0.2618865    -0.2665591    -0.2677898    -0.2670458    -0.2640543    -0.2591626    -0.2543274    -0.2497177    -0.2443603    -0.2367417    -0.2242248     -0.207414    -0.1885578    -0.1681149    -0.1464773    -0.1239387      -0.10069 -7.682248E-02
 -5.232585E-02 -2.707872E-02 -8.666648E-04  2.603559E-02  5.347062E-02  8.134397E-02     0.1095759     0.1380574     0.1666052     0.1949117     0.2190437     0.2389692     0.2577598     0.2721035      0.282699      0.292275     0.3007035     0.3078806      0.313739      0.318257
     0.3222641     0.3246707     0.3234023     0.3192784     0.3133602     0.3064837     0.2992408     0.2847813     0.2581605     0.2260194             0
             0    -0.2517655    -0.2790379    -0.2870077    -0.2906421     -0.292356    -0.2915803    -0.2880214    -0.2836066    -0.2789955    -0.2732823     -0.264795    -0.2503089    -0.2305331    -0.2084427    -0.1847905    -0.1601219    -0.1347826     -0.108953 -8.267739E-02
 -5.587619E-02 -2.834109E-02  2.441509E-04  2.966408E-02  5.984784E-02  9.081148E-02     0.1226082     0.1552811     0.1888075     0.2230193     0.2531783     0.2787498     0.3034861     0.3227415     0.3370351      0.349872     0.3608943     0.3697734     0.3762694     0.3802947
     0.3823647     0.3798771     0.3713627     0.3598222     0.3471447      0.334498     0.3225182     0.3004636     0.2654423     0.2288989             0
             0     -0.257313    -0.2872065    -0.2971415    -0.3023351    -0.3058203    -0.3068699    -0.3046232    -0.3007267    -0.2962119    -0.2902432    -0.2810377     -0.264955    -0.2430179    -0.2188056    -0.1932274    -0.1668649    -0.1400451    -0.1129084 -8.545157E-02
 -5.754471E-02    -0.0289259  7.793896E-04  3.139376E-02  6.289975E-02  9.538358E-02     0.1289893     0.1638779     0.2001773     0.2379061     0.2719766      0.301522     0.3308657     0.3543792     0.3721482     0.3883193      0.402221     0.4131212     0.4203696     0.4236574
     0.4232196     0.4152668     0.4000471     0.3826199     0.3651969     0.3488745     0.3341049     0.3078701     0.2686954     0.2301423             0
             0    -0.2603985    -0.2918617    -0.3030547    -0.3093029     -0.314079    -0.3166089    -0.3156087     -0.312296    -0.3079319    -0.3017248    -0.2918252     -0.274339    -0.2507355    -0.2250375    -0.1981993    -0.1707806    -0.1430689    -0.1151639 -8.702485E-02
 -5.848706E-02 -2.925409E-02  1.084672E-03  3.237632E-02     0.0646373  9.799913E-02     0.1326667     0.1688842     0.2068951     0.2468804     0.2835986     0.3159902     0.3488871     0.3760244     0.3970105     0.4165954     0.4338192     0.4473982     0.4558223      0.457924
     0.4540957       0.44018     0.4189821     0.3969667     0.3761704     0.3573987     0.3408561     0.3120664     0.2704884     0.2308165             0
             0    -0.2619819    -0.2942904    -0.3061951     -0.313069    -0.3186674    -0.3222536    -0.3223276    -0.3196472    -0.3154968    -0.3090312    -0.2984429    -0.2798023    -0.2550471    -0.2284268    -0.2008566    -0.1728493    -0.1446539    -0.1163398 -8.784208E-02
 -5.897524E-02 -2.942346E-02  1.243675E-03  3.288697E-02  6.554176E-02  9.936503E-02     0.1345967     0.1715307     0.2104839     0.2517487     0.2900356     0.3242027     0.3594848     0.3893317     0.4129906     0.4358316     0.4568681      0.474435     0.4856086     0.4849908
     0.4761495     0.4561065      0.430185     0.4050564     0.3821723     0.3619693     0.3444297     0.3142454     0.2714032      0.231157             0
