 51            10 
             0     -0.255962    -0.2469014    -0.2397315    -0.2340829    -0.2275735    -0.2202113    -0.2130326     -0.207517    -0.2029009    -0.1980843    -0.1918175    -0.1825413    -0.1712101    -0.1591995    -0.1465673     -0.133375    -0.1196869    -0.1055751 -9.112293E-02
 -7.641212E-02 -6.139405E-02 -4.418688E-02 -2.698774E-02 -9.864519E-03   7.11698E-03  2.389284E-02  4.040113E-02  5.658224E-02  7.237929E-02  8.581884E-02  9.706801E-02     0.1080274      0.116904     0.1238628     0.1306748     0.1373362     0.1438434     0.1501935     0.1563837
     0.1639189     0.1740368     0.1849332     0.1951574     0.2047088     0.2135914     0.2218141     0.2369659     0.2627777     0.2843454             0
             0    -0.2610464    -0.2519338    -0.2446957    -0.2389925    -0.2324177    -0.2249703    -0.2176923    -0.2120896    -0.2073941    -0.2024879    -0.1960957    -0.1866149    -0.1750076     -0.162686     -0.149719    -0.1361739    -0.1221068    -0.1075845 -9.269344E-02
 -7.752969E-02 -6.207353E-02 -4.445941E-02 -2.683272E-02 -9.287424E-03  8.107825E-03  2.528656E-02  4.218427E-02  5.873833E-02  7.488823E-02  8.861525E-02      0.100095     0.1112671     0.1203049     0.1273835     0.1343058     0.1410677     0.1476657     0.1540968     0.1603586
      0.167972     0.1781772     0.1891423      0.199406     0.2089685     0.2178339     0.2260133     0.2410334     0.2663504     0.2870674             0
             0    -0.3388822    -0.3293025    -0.3211613    -0.3145467    -0.3066936    -0.2975444    -0.2883642    -0.2811658    -0.2750635    -0.2686175    -0.2601331    -0.2473716    -0.2314921    -0.2144083    -0.1962372    -0.1770995    -0.1571031    -0.1363708    -0.1150523
    -0.0933077 -7.112593E-02 -4.583536E-02 -2.056423E-02  4.524466E-03     0.0293013  5.363587E-02  7.739558E-02     0.1004454     0.1226491      0.141219      0.156521     0.1711572     0.1827611     0.1917135     0.2003253      0.208588     0.2164954      0.224043     0.2312286
     0.2397578     0.2507538     0.2619097     0.2717113     0.2802332     0.2875622     0.2937957     0.3042761     0.3172103     0.3204962             0
             0    -0.4157391    -0.4096805    -0.4030505    -0.3971229    -0.3894731    -0.3798823    -0.3696252     -0.361243    -0.3539613     -0.346098    -0.3355424    -0.3192582    -0.2984545    -0.2756534     -0.251103    -0.2250592    -0.1977451    -0.1693831    -0.1402074
    -0.1104418 -8.004382E-02    -0.0452644 -1.049872E-02  2.405793E-02  5.824505E-02  9.188197E-02     0.1247591     0.1566314     0.1872161     0.2125742     0.2332409     0.2526954     0.2677827     0.2792073     0.2899547     0.2999986     0.3093195     0.3179055     0.3257526
      0.334644     0.3452065     0.3545679     0.3614893     0.3662886      0.369294     0.3708225     0.3715041     0.3638348     0.3464266             0
             0    -0.4780174    -0.4800955    -0.4782383    -0.4753176    -0.4701772    -0.4622366    -0.4523557    -0.4435531      -0.43554    -0.4265399    -0.4140585    -0.3940624    -0.3676681    -0.3382486    -0.3063854    -0.2726261       -0.2374      -0.20106    -0.1639101
    -0.1261863 -8.773559E-02 -4.363669E-02  5.150995E-04  4.461926E-02     0.0886059     0.1323536     0.1756609     0.2182157     0.2595646     0.2941479     0.3223743     0.3488038     0.3689895     0.3840062     0.3977776      0.410205     0.4212116     0.4307493     0.4388034
     0.4470429     0.4549171     0.4589996     0.4591385     0.4563273      0.451446     0.4452112     0.4311259     0.3991438     0.3634704             0
             0     -0.525341    -0.5391603    -0.5455183    -0.5483934    -0.5488769    -0.5456629    -0.5383263    -0.5301219    -0.5218464    -0.5118138    -0.4971043    -0.4722309    -0.4383188    -0.4003327    -0.3595672    -0.3170466    -0.2734362    -0.2291611    -0.1844945
    -0.1395708    -0.0940186    -0.0417597  1.067547E-02  6.343695E-02     0.1167184     0.1706587     0.2252955     0.2804969     0.3358597     0.3837313     0.4237084     0.4618079     0.4910993     0.5127438     0.5321961     0.5490614     0.5629961     0.5737618     0.5812766
      0.586732      0.586943     0.5786225     0.5649514     0.5485085     0.5310841     0.5137978     0.4807528     0.4244316     0.3743964             0
             0    -0.5529655    -0.5777618    -0.5935126    -0.6039516    -0.6130206    -0.6185291    -0.6173049    -0.6114721    -0.6036354    -0.5924454    -0.5744573    -0.5421622    -0.4979395     -0.449678    -0.3995541    -0.3488715    -0.2982381    -0.2478882    -0.1978704
     -0.148092 -9.791477E-02    -0.0404122  1.738894E-02  7.593194E-02      0.135749     0.1973845     0.2613775     0.3282117     0.3981993      0.462104      0.518088     0.5743002      0.619796     0.6543294     0.6857976     0.7127349     0.7335462     0.7468325     0.7519462
     0.7489706     0.7298889     0.6964256     0.6596873     0.6240988     0.5915815     0.5627249     0.5122395     0.4384656     0.3799811             0
             0     -0.565649     -0.596688    -0.6186304    -0.6347243    -0.6513345    -0.6663011    -0.6738302    -0.6724278     -0.665884     -0.653074    -0.6302418     -0.588593     -0.534178    -0.4775885    -0.4209622    -0.3652318    -0.3106174    -0.2570395    -0.2043091
    -0.1521495 -9.974977E-02 -3.974831E-02  2.061999E-02  8.197335E-02     0.1450567     0.2106951     0.2798248     0.3535179     0.4329796     0.5086443     0.5778942     0.6515029     0.7155854     0.7670615     0.8168915     0.8619476     0.8974434     0.9171178     0.9156823
     0.8939836     0.8423756     0.7777021     0.7183654     0.6671687     0.6239751     0.5877979     0.5272908     0.4447546     0.3823942             0
             0    -0.5727376     -0.607656    -0.6338072    -0.6541127     -0.677109    -0.7017673    -0.7212459    -0.7281606    -0.7248785    -0.7086238     -0.677243    -0.6233074    -0.5587866    -0.4953649    -0.4340392    -0.3749553    -0.3178421    -0.2623152    -0.2079902
    -0.1544561    -0.1007875 -3.936592E-02  2.246408E-02  8.543082E-02     0.1504165     0.2184361     0.2907123     0.3687798     0.4546346     0.5389024     0.6187647     0.7080431     0.7917892     0.8640174     0.9407753      1.019177      1.091206      1.137023      1.109719
      1.042025     0.9382881     0.8380094     0.7580029     0.6944984     0.6436943     0.6026579     0.5358748     0.4482266     0.3837032             0
             0    -0.5763869    -0.6134488    -0.6421006    -0.6651368    -0.6928644    -0.7264267    -0.7613506    -0.7847911    -0.7916745    -0.7651598    -0.7171335    -0.6475778    -0.5739378    -0.5055522     -0.441237    -0.3801832    -0.3216714    -0.2650864    -0.2099126
     -0.155656    -0.1013255 -3.916558E-02     0.0234254  8.723666E-02     0.1532279     0.2225244     0.2965234     0.3770591     0.4666875     0.5564001     0.6435776       0.74505     0.8470537     0.9423614      1.056939      1.199916      1.386919      1.645817      1.408231
      1.201961      1.015497     0.8784245     0.7819095     0.7100081     0.6544906     0.6106242     0.5403526     0.4499999     0.3843644             0
