 51            10 
             0    -0.2271826    -0.2204484    -0.2147676    -0.2102208     -0.204925    -0.1988939    -0.1929875     -0.188439    -0.1846278     -0.180647    -0.1754628    -0.1677786    -0.1583737    -0.1496323    -0.1416578     -0.133264    -0.1208122    -0.1070566    -0.0931844
 -7.846659E-02 -6.324353E-02 -4.755697E-02 -3.150447E-02 -1.528162E-02  1.195981E-03     0.0179469     0.0349432  5.119772E-02  6.638857E-02     0.0795419  9.059377E-02     0.1013719     0.1101296     0.1170433     0.1239051     0.1307388       0.13754     0.1443378     0.1507098
     0.1580667     0.1684458     0.1796825     0.1900781      0.200187     0.2099059     0.2190578     0.2362526     0.2642453     0.2878243             0
             0    -0.2303132    -0.2235763    -0.2178757    -0.2133075    -0.2079805     -0.201906    -0.1959487    -0.1913556    -0.1875037    -0.1834765    -0.1782263    -0.1704304    -0.1608603    -0.1519297    -0.1437244    -0.1350045    -0.1222188    -0.1081221 -9.388228E-02
 -7.874697E-02 -6.307095E-02 -4.691447E-02 -3.039506E-02 -1.371379E-02  3.203864E-03  2.036672E-02  3.775965E-02  5.437255E-02  6.990448E-02  8.336186E-02  9.467477E-02     0.1057099     0.1146725     0.1217421     0.1287501     0.1357169     0.1426386      0.149546     0.1560115
     0.1634807     0.1739711     0.1852724     0.1956885     0.2057586     0.2153382     0.2242455     0.2408566     0.2679039     0.2901348             0
             0    -0.2798418    -0.2733508    -0.2675596    -0.2628312    -0.2572233    -0.2507263    -0.2442559    -0.2392107     -0.234948    -0.2304582    -0.2245618    -0.2157095     -0.204682    -0.1942391    -0.1844891      -0.17396    -0.1565585    -0.1367563    -0.1165174
 -9.489911E-02 -7.246711E-02 -4.934872E-02 -2.574494E-02 -1.975147E-03     0.0220334  4.625722E-02  7.063086E-02  9.370732E-02     0.1150235     0.1332247     0.1483231     0.1628204     0.1743788     0.1833695     0.1921477     0.2007338     0.2091178      0.217332      0.224876
     0.2333987     0.2449557     0.2568018     0.2671019     0.2764433     0.2847491       0.29194     0.3043934     0.3199192     0.3241642             0
             0    -0.3223921    -0.3175406    -0.3126689    -0.3085453    -0.3035047    -0.2975082    -0.2913935    -0.2865485    -0.2824139    -0.2780177    -0.2721921    -0.2633342    -0.2521233    -0.2413414     -0.231131    -0.2199176    -0.1973655    -0.1706686    -0.1430814
    -0.1135252 -8.284689E-02 -5.124283E-02    -0.0189854  1.350076E-02  4.632503E-02  7.945222E-02     0.1127711     0.1442587     0.1732169     0.1977402     0.2178835      0.236956     0.2518744     0.2632944     0.2742371     0.2847105     0.2946873     0.3041939     0.3126639
     0.3218855       0.33361       0.34449     0.3528103     0.3592348     0.3638985     0.3669796     0.3705893     0.3672055       0.35058             0
             0    -0.3527167    -0.3502917    -0.3469774    -0.3439595    -0.3400558    -0.3351915    -0.3300387    -0.3258599    -0.3222476    -0.3183646     -0.313173    -0.3052007    -0.2950355    -0.2852345    -0.2760612    -0.2660416    -0.2384822    -0.2045344     -0.169313
    -0.1316959 -9.281401E-02 -5.287376E-02 -1.212898E-02  2.899489E-02  7.074952E-02     0.1131872     0.1562404     0.1972855     0.2353716     0.2677971      0.294426     0.3194976     0.3388449     0.3534374     0.3671381     0.3799016     0.3916478     0.4023722     0.4114532
       0.42071       0.43099     0.4383783     0.4419061     0.4424833     0.4407201     0.4372525     0.4279298     0.4026297     0.3679111             0
             0    -0.3734253    -0.3736575    -0.3721941    -0.3705366    -0.3680722    -0.3646649    -0.3607506    -0.3574236    -0.3544768    -0.3512496    -0.3468792    -0.3401112    -0.3315547    -0.3235388    -0.3166534    -0.3097733    -0.2772988    -0.2359136    -0.1931924
    -0.1480033    -0.1016925    -0.0543722 -6.151177E-03  4.268583E-02     0.0926725     0.1441108     0.1971701     0.2487473     0.2977865     0.3405452     0.3762082     0.4101454     0.4363646      0.455981     0.4740697     0.4903875     0.5046686     0.5167823     0.5260456
     0.5341718     0.5398614     0.5390515     0.5331507     0.5237394     0.5122457     0.4998716     0.4745413      0.427735     0.3789992             0
             0    -0.3845324    -0.3867916    -0.3868968     -0.386457    -0.3853432    -0.3833377    -0.3805833    -0.3779923    -0.3755738     -0.372817    -0.3689843    -0.3629601    -0.3555194    -0.3490146    -0.3445415    -0.3414918    -0.3050369    -0.2576978    -0.2093713
     -0.158853    -0.1075522 -5.541482E-02 -2.347964E-03  5.156772E-02     0.1071847     0.1651466     0.2260366     0.2866368     0.3462174     0.4002602     0.4468596     0.4927546     0.5293008     0.5569727     0.5824912     0.6049957     0.6235689     0.6375609     0.6461284
     0.6508543     0.6460351     0.6298364     0.6092646     0.5867208     0.5641962     0.5429699     0.5034711     0.4415427     0.3846574             0
             0    -0.3894382    -0.3927484    -0.3937356    -0.3940231    -0.3937749    -0.3927352    -0.3908139    -0.3887169    -0.3866012    -0.3840424    -0.3803562    -0.3744662    -0.3673666    -0.3615477    -0.3584555    -0.3578359     -0.319132    -0.2685494    -0.2173092
     -0.164119     -0.110382 -5.592999E-02 -5.438071E-04  5.582342E-02     0.1142158      0.175502     0.2405709     0.3062799     0.3723518     0.4341018     0.4889459     0.5449709     0.5915311     0.6278118      0.662111     0.6926178     0.7170919     0.7334666     0.7402201
     0.7394961     0.7204327     0.6874825      0.653777      0.621197     0.5912337     0.5646061     0.5171496     0.4477043     0.3871005             0
             0    -0.3921282     -0.396062    -0.3975999    -0.3983628    -0.3987172    -0.3984124    -0.3972007    -0.3955437    -0.3936627    -0.3911598     -0.387406     -0.381371    -0.3743063    -0.3688203    -0.3665746    -0.3675449    -0.3274291     -0.274864    -0.2218895
    -0.1671399    -0.1120009 -5.622785E-02  4.792268E-04  5.824887E-02     0.1182466     0.1814898      0.249081     0.3179776     0.3883035     0.4554437     0.5164644     0.5807828     0.6365484     0.6815599     0.7258536     0.7667205     0.7999957      0.820379     0.8231305
     0.8137797     0.7769866     0.7274009     0.6826273     0.6425183     0.6074197     0.5772845     0.5249069     0.4510988     0.3884251             0
             0    -0.3934963    -0.3977642    -0.3996089    -0.4006485    -0.4013788    -0.4015891    -0.4009869    -0.3998103    -0.3982126    -0.3955795    -0.3915412     -0.385195    -0.3780232    -0.3726659     -0.370878    -0.3727573    -0.3318508     -0.278201    -0.2242956
    -0.1687204    -0.1128462 -5.638441E-02  1.010442E-03  5.951249E-02     0.1203549     0.1846401     0.2535984     0.3242649     0.3970441     0.4674651     0.5324886     0.6026703     0.6657997      0.718674     0.7734267     0.8274236       0.87522     0.9059379      0.897498
     0.8734099     0.8162079     0.7521614     0.6993432     0.6543552     0.6161675     0.5840259     0.5289385     0.4528302     0.3890942             0
