 51            10 
             0     0.0390645  3.925375E-02  3.937106E-02     0.0394566  3.954931E-02  3.964898E-02  3.974209E-02  3.981166E-02  3.986891E-02  3.992771E-02  4.000312E-02  4.011256E-02  4.024325E-02  4.037923E-02  4.052015E-02  4.066563E-02  4.081528E-02  4.096869E-02  4.112545E-02
  4.128512E-02  4.144727E-02  4.161145E-02     0.0417772  4.194406E-02  4.211156E-02  4.227925E-02  4.244666E-02  4.261333E-02     0.0427788  4.292216E-02  4.304389E-02     0.0431643  4.326339E-02  4.334193E-02  4.341969E-02  4.349661E-02  4.357264E-02  4.364775E-02  4.372187E-02
  4.381325E-02  4.393833E-02  4.407663E-02  4.420995E-02  4.433796E-02  4.446037E-02  4.457689E-02  4.479761E-02  4.520437E-02  4.556582E-02             0
             0  3.906082E-02  3.925025E-02  3.936771E-02  3.945336E-02     0.0395462  3.964602E-02  3.973927E-02  3.980895E-02  3.986629E-02  3.992519E-02  4.000072E-02  4.011035E-02  4.024127E-02  4.037749E-02  4.051866E-02     0.0406644  4.081432E-02  4.096801E-02  4.112506E-02
  4.128503E-02  4.144747E-02  4.161195E-02  4.177799E-02  4.194514E-02  4.211293E-02     0.0422809  4.244858E-02     0.0426155  4.278123E-02  4.292478E-02  4.304669E-02  4.316726E-02  4.326647E-02     0.0433451  4.342295E-02  4.349996E-02  4.357608E-02  4.365126E-02  4.372546E-02
  4.381693E-02  4.394211E-02  4.408052E-02  4.421393E-02  4.434202E-02  4.446449E-02  4.458105E-02  4.480183E-02  4.520856E-02  4.556971E-02             0
             0  3.900434E-02  3.919655E-02  3.931619E-02  3.940357E-02     0.0394984  3.960047E-02  3.969593E-02     0.0397673  3.982605E-02  3.988643E-02  3.996389E-02  4.007636E-02  4.021076E-02  4.035067E-02  4.049572E-02  4.064551E-02  4.079963E-02  4.095764E-02  4.111912E-02
  4.128359E-02  4.145057E-02  4.161961E-02  4.179019E-02  4.196184E-02  4.213405E-02  4.230634E-02     0.0424782  4.264915E-02  4.281871E-02  4.296544E-02  4.308993E-02  4.321295E-02  4.331409E-02     0.0433942  4.347345E-02     0.0435518  4.362919E-02  4.370557E-02     0.0437809
  4.387369E-02  4.400054E-02  4.414058E-02  4.427534E-02  4.440452E-02  4.452783E-02      0.044645  4.486657E-02  4.527271E-02  4.562905E-02             0
             0     0.0389638  3.915787E-02      0.039279  3.936756E-02  3.946377E-02  3.956741E-02  3.966443E-02      0.039737  3.979677E-02     0.0398582  3.993704E-02  4.005156E-02  4.018848E-02  4.033108E-02  4.047897E-02  4.063174E-02  4.078896E-02  4.095019E-02  4.111495E-02
  4.128277E-02  4.145315E-02     0.0416256  4.179959E-02  4.197461E-02  4.215015E-02  4.232568E-02  4.250068E-02  4.267464E-02  4.284706E-02  4.299614E-02  4.312254E-02  4.324736E-02  4.334991E-02  4.343108E-02  4.351135E-02  4.359065E-02  4.366893E-02  4.374615E-02  4.382226E-02
  4.391595E-02  4.404391E-02  4.418498E-02  4.432056E-02  4.445034E-02  4.457406E-02  4.469146E-02  4.491317E-02  4.531794E-02  4.566986E-02             0
             0  3.893863E-02  3.913376E-02  3.925576E-02  3.934503E-02  3.944206E-02  3.954667E-02  3.964463E-02  3.971794E-02  3.977833E-02  3.984041E-02     0.0399201  4.003591E-02  4.017441E-02     0.0403187  4.046838E-02  4.062304E-02  4.078224E-02     0.0409455  4.111237E-02
  4.128233E-02  4.145489E-02  4.162953E-02  4.180571E-02  4.198292E-02     0.0421606  4.233822E-02  4.251525E-02  4.269116E-02  4.286543E-02  4.301603E-02  4.314366E-02  4.326964E-02  4.337307E-02  4.345492E-02  4.353581E-02  4.361571E-02  4.369455E-02  4.377228E-02  4.384886E-02
  4.394308E-02  4.407168E-02  4.421332E-02  4.434932E-02  4.447938E-02  4.460325E-02  4.472068E-02  4.494224E-02     0.0453457  4.569448E-02             0
             0  3.892311E-02  3.911886E-02  3.924137E-02  3.933105E-02  3.942858E-02  3.953375E-02  3.963229E-02  3.970605E-02  3.976681E-02  3.982931E-02  3.990952E-02  4.002612E-02     0.0401656  4.031095E-02  4.046176E-02     0.0406176  4.077803E-02  4.094258E-02  4.111077E-02
  4.128209E-02  4.145602E-02  4.163204E-02  4.180961E-02  4.198819E-02  4.216724E-02     0.0423462  4.252453E-02  4.270169E-02  4.287714E-02  4.302871E-02  4.315713E-02  4.328383E-02  4.338783E-02     0.0434701     0.0435514  4.363166E-02  4.371084E-02  4.378888E-02  4.386574E-02
  4.396028E-02  4.408926E-02  4.423121E-02  4.436742E-02     0.0444976     0.0446215  4.473889E-02  4.496025E-02  4.536269E-02  4.570937E-02             0
             0  3.891538E-02  3.911141E-02  3.923417E-02  3.932405E-02  3.942181E-02  3.952727E-02  3.962609E-02  3.970007E-02  3.976103E-02  3.982371E-02     0.0399042  4.002119E-02  4.016117E-02  4.030704E-02  4.045841E-02  4.061486E-02  4.077591E-02  4.094111E-02  4.110997E-02
  4.128197E-02     0.0414566  4.163332E-02     0.0418116  4.199088E-02  4.217062E-02  4.235026E-02  4.252926E-02  4.270705E-02  4.288311E-02  4.303518E-02      0.043164  4.329108E-02  4.339537E-02  4.347786E-02  4.355936E-02  4.363981E-02  4.371916E-02  4.379736E-02  4.387436E-02
  4.396905E-02     0.0440982  4.424029E-02  4.437659E-02     0.0445068     0.0446307  4.474805E-02  4.496926E-02  4.537112E-02     0.0457167             0
             0  3.891208E-02  3.910823E-02  3.923108E-02  3.932105E-02  3.941891E-02  3.952449E-02  3.962342E-02     0.0396975  3.975854E-02  3.982132E-02  3.990191E-02  4.001907E-02  4.015926E-02  4.030536E-02  4.045698E-02  4.061368E-02      0.040775  4.094048E-02  4.110963E-02
  4.128192E-02  4.145684E-02  4.163387E-02  4.181245E-02  4.199204E-02  4.217208E-02  4.235202E-02     0.0425313  4.270937E-02  4.288569E-02  4.303798E-02  4.316698E-02  4.329422E-02  4.339863E-02  4.348122E-02     0.0435628  4.364333E-02  4.372276E-02  4.380102E-02  4.387808E-02
  4.397284E-02  4.410206E-02  4.424421E-02  4.438053E-02  4.451076E-02  4.463464E-02  4.475197E-02  4.497312E-02  4.537471E-02  4.571981E-02             0
             0     0.0389103  3.910651E-02  3.922942E-02  3.931943E-02  3.941735E-02  3.952299E-02  3.962199E-02  3.969612E-02     0.0397572  3.982002E-02  3.990067E-02  4.001792E-02  4.015823E-02  4.030446E-02     0.0404562  4.061304E-02  4.077451E-02  4.094014E-02  4.110944E-02
  4.128189E-02  4.145698E-02  4.163417E-02  4.181292E-02  4.199267E-02  4.217287E-02  4.235297E-02     0.0425324  4.271062E-02     0.0428871     0.0430395  4.316859E-02  4.329593E-02     0.0434004  4.348304E-02  4.356467E-02  4.364525E-02  4.372471E-02  4.380301E-02  4.388011E-02
     0.0439749  4.410415E-02  4.424633E-02  4.438267E-02     0.0445129  4.463678E-02     0.0447541     0.0449752  4.537664E-02  4.572149E-02             0
             0     0.0389094  3.910564E-02  3.922858E-02  3.931861E-02  3.941656E-02  3.952223E-02  3.962126E-02  3.969542E-02  3.975652E-02  3.981936E-02  3.990005E-02  4.001734E-02  4.015771E-02      0.040304  4.045581E-02  4.061272E-02  4.077426E-02  4.093997E-02  4.110934E-02
  4.128188E-02  4.145705E-02  4.163432E-02  4.181315E-02  4.199298E-02  4.217327E-02  4.235344E-02  4.253296E-02  4.271126E-02     0.0428878  4.304027E-02  4.316941E-02  4.329679E-02     0.0434013  4.348396E-02  4.356562E-02  4.364622E-02     0.0437257  4.380402E-02  4.388113E-02
  4.397593E-02  4.410521E-02     0.0442474  4.438375E-02  4.451398E-02  4.463786E-02  4.475516E-02  4.497625E-02  4.537762E-02  4.572233E-02             0
