 51            10 
             0     -0.256243    -0.2471648    -0.2399834    -0.2343315    -0.2278247    -0.2204659    -0.2132894    -0.2077743    -0.2031578    -0.1983399    -0.1920699    -0.1827854    -0.1714395    -0.1594104    -0.1467609     -0.133554    -0.1198392    -0.1056718 -9.110753E-02
    -0.0761781 -6.079558E-02    -0.0442757 -2.766632E-02 -1.103246E-02  5.549292E-03  2.201147E-02  3.830166E-02     0.0543665  7.014912E-02  8.366147E-02  9.502617E-02     0.1061536     0.1152147     0.1223457     0.1293562     0.1362456     0.1430151     0.1496677     0.1562068
     0.1642439     0.1747372     0.1858985     0.1962415     0.2057263     0.2146847     0.2230776     0.2386903     0.2656676     0.2885532             0
             0    -0.2614978    -0.2523819    -0.2450929    -0.2393866    -0.2328736    -0.2254773    -0.2182374    -0.2126596    -0.2079818    -0.2030889    -0.1967045    -0.1872061    -0.1755519    -0.1631447    -0.1501179    -0.1366182    -0.1225494    -0.1079506 -9.288804E-02
 -7.742254E-02 -6.152663E-02 -4.476574E-02 -2.779989E-02 -1.074581E-02   6.20669E-03  2.295726E-02  3.954088E-02  5.591865E-02  7.201876E-02  8.578659E-02  9.734655E-02       0.10864     0.1178078      0.124998      0.132025     0.1388839     0.1455937     0.1521689     0.1586241
     0.1665672     0.1770472      0.188307      0.198871     0.2086332     0.2178016     0.2263086     0.2420131     0.2685411     0.2904417             0
             0    -0.3395087    -0.3299607    -0.3217857    -0.3151815    -0.3074169    -0.2983449    -0.2892241    -0.2820645    -0.2759893    -0.2695639    -0.2610916    -0.2483044    -0.2323503    -0.2151324    -0.1968594    -0.1777699    -0.1577595    -0.1369127    -0.1153512
 -9.318823E-02 -7.041194E-02 -4.643214E-02 -2.219576E-02  2.102599E-03  2.616169E-02  4.980339E-02  7.303867E-02  9.576802E-02     0.1178408     0.1364262      0.151813     0.1665994     0.1783764     0.1874826     0.1962448     0.2046525     0.2127269     0.2204837     0.2279396
     0.2369116      0.248339      0.259971      0.270277     0.2792055     0.2870364     0.2937856     0.3052962     0.3199991     0.3243201             0
             0    -0.4167388    -0.4109013    -0.4043767    -0.3985318    -0.3910514    -0.3816195    -0.3714825    -0.3631716    -0.3559353    -0.3481014    -0.3375549    -0.3212054    -0.3002298     -0.277162    -0.2523666    -0.2263062    -0.1989104     -0.170349    -0.1408217
    -0.1105012 -7.938069E-02 -4.666632E-02 -1.356904E-02  1.965534E-02  5.260249E-02     0.0850172     0.1168893     0.1480298     0.1781485     0.2032956     0.2238997      0.243409     0.2586371     0.2702143     0.2811324     0.2913581     0.3009059     0.3097875     0.3180192
     0.3275301     0.3388418     0.3490822     0.3569834     0.3626903     0.3666645     0.3691385     0.3716193     0.3668669      0.350656             0
             0    -0.4796047    -0.4824496    -0.4811558    -0.4785805    -0.4738894     -0.466387    -0.4568196    -0.4481771     -0.440248      -0.43128    -0.4187637    -0.3985391    -0.3716493    -0.3415858    -0.3090686    -0.2750362    -0.2395119    -0.2027765      -0.16509
     -0.126638 -8.735339E-02 -4.617321E-02 -4.419211E-03  3.769115E-02  7.975512E-02     0.1215348     0.1630813     0.2041627     0.2443363     0.2781341     0.3058548     0.3319676     0.3520636     0.3670969     0.3809526     0.3935155     0.4047552     0.4146539     0.4232186
      0.432307     0.4414709     0.4471664     0.4491702     0.4481977     0.4451204     0.4405668     0.4295366     0.4020594     0.3679434             0
             0    -0.5276682    -0.5433354    -0.5513439    -0.5552968    -0.5570834    -0.5552146    -0.5488407    -0.5410771    -0.5329824    -0.5229387    -0.5079699    -0.4822457    -0.4468295     -0.407184    -0.3647792    -0.3213505    -0.2769656    -0.2319252    -0.1864282
    -0.1405464 -9.403355E-02 -4.547162E-02   3.88677E-03  5.399965E-02     0.1046293      0.155741     0.2076598      0.260344     0.3134134      0.359479     0.3980834     0.4350517     0.4636657     0.4849266     0.5041463     0.5209007     0.5349265     0.5460364     0.5541758
     0.5607738     0.5632188     0.5578071     0.5475087     0.5344211     0.5200648     0.5054979     0.4771614     0.4270839     0.3790092             0
             0    -0.5559237    -0.5839187    -0.6030452    -0.6159806    -0.6282995    -0.6375763    -0.6393757    -0.6349554    -0.6276042    -0.6161412    -0.5969617     -0.561745    -0.5134283     -0.461376    -0.4078962    -0.3552858    -0.3032059    -0.2516339    -0.2004671
    -0.1495099 -9.825537E-02 -4.494418E-02   9.33769E-03  6.477873E-02     0.1214013     0.1795204     0.2399632     0.3032807     0.3697776     0.4306351     0.4840671     0.5378841     0.5816308     0.6149513     0.6454217     0.6715578     0.6919548     0.7053513     0.7111624
     0.7097409      0.694589     0.6661543     0.6348981       0.60457     0.5765182     0.5514129     0.5071269     0.4408979     0.3846589             0
             0    -0.5689489    -0.6040797     -0.630779    -0.6507345    -0.6728604    -0.6951581     -0.709898    -0.7126369    -0.7076514    -0.6935126    -0.6667703    -0.6179758    -0.5557624    -0.4930099    -0.4314707    -0.3729887    -0.3164426    -0.2613417    -0.2072678
    -0.1538026    -0.1002596 -4.468166E-02  1.195659E-02  6.998561E-02     0.1295992     0.1913597     0.2564823     0.3260775     0.4012964     0.4730463     0.5388212     0.6088874     0.6700404     0.7192346     0.7668908     0.8099105     0.8439391     0.8631684     0.8626304
     0.8432999     0.7980919     0.7409187     0.6889451     0.6444694      0.606675     0.5748754     0.5214053     0.4470742     0.3870988             0
             0    -0.5762441    -0.6158536     -0.647801    -0.6731389    -0.7039286    -0.7404602    -0.7750415    -0.7948085    -0.7993994    -0.7755075    -0.7315044    -0.6624889    -0.5855156    -0.5135958    -0.4460614    -0.3836003    -0.3242128    -0.2669617    -0.2111685
    -0.1562497    -0.1013973 -4.452992E-02  1.345043E-02  7.296477E-02     0.1343194     0.1982457     0.2662361     0.3398397     0.4209555     0.5006928     0.5763655     0.6610958     0.7406805     0.8093233     0.8821867     0.9563592      1.024545      1.068233      1.043025
      0.979948     0.8863372     0.7964058     0.7254301     0.6697738     0.6250175     0.5887653     0.5295368     0.4504802     0.3884219             0
             0    -0.5800053    -0.6221077     -0.657223    -0.6861449    -0.7236454    -0.7743703    -0.8395454    -0.9103489     -0.995668    -0.8909542    -0.7957897    -0.6959695    -0.6045123     -0.525627    -0.4541794    -0.3893426    -0.3283486    -0.2699224    -0.2132099
     -0.157525    -0.1019885 -4.445029E-02  1.422895E-02  7.452068E-02     0.1367954      0.201883     0.2714444      0.347312     0.4319136      0.516715     0.5992215      0.695375     0.7920791     0.8823562     0.9906579        1.1254      1.301924      1.547946      1.322561
      1.128047     0.9572875     0.8335838     0.7474192       0.68413     0.6350558      0.596207     0.5337749     0.4522187     0.3890902             0
