 51            10 
             0  1.840571E-02  1.965544E-02  2.034202E-02     0.0208581  2.144032E-02  2.209029E-02  2.271764E-02  2.319641E-02  2.359544E-02  2.401019E-02  2.454783E-02  2.533976E-02  2.630194E-02  2.731793E-02  2.838419E-02  2.949695E-02  3.065223E-02  3.184587E-02  3.307353E-02
  3.433074E-02  3.561284E-02  3.691506E-02  3.823251E-02     0.0395602  4.089314E-02  4.222639E-02     0.0435551  4.487454E-02  4.618016E-02  4.730666E-02  4.825998E-02  4.919936E-02  4.996924E-02     0.0505777  5.117828E-02  5.177058E-02  5.235419E-02  5.292876E-02  5.349392E-02
  5.418821E-02  5.513362E-02  5.617155E-02  5.716495E-02  5.811209E-02  5.901154E-02  5.986209E-02  6.146342E-02  6.436925E-02     0.0666227             0
             0  1.827343E-02     0.0195247  2.021489E-02  2.073408E-02  2.132013E-02  2.197461E-02  2.260652E-02  2.308889E-02  2.349097E-02  2.390893E-02  2.445083E-02  2.524916E-02  2.621932E-02  2.724392E-02  2.831939E-02     0.0294419  3.060741E-02     0.0318117  3.305035E-02
     0.0343188  3.561233E-02  3.692606E-02  3.825501E-02  3.959409E-02  4.093821E-02  4.228234E-02  4.362151E-02  4.495092E-02  4.626591E-02  4.740003E-02  4.835945E-02  4.930449E-02  5.007871E-02  5.069041E-02  5.129403E-02  5.188913E-02  5.247532E-02  5.305225E-02  5.361954E-02
     0.0543162  5.526435E-02  5.630454E-02  5.729935E-02  5.824711E-02  5.914645E-02  5.999624E-02  6.159487E-02  6.448895E-02  6.671751E-02             0
             0  1.621357E-02  1.748534E-02  1.822955E-02  1.879613E-02  1.944049E-02  2.016433E-02  2.086673E-02  2.140474E-02  2.185415E-02  2.232227E-02  2.293035E-02  2.382857E-02  2.492363E-02  2.608336E-02  2.730351E-02  2.857944E-02  2.990619E-02  3.127847E-02  3.269073E-02
  3.413714E-02  3.561164E-02  3.710792E-02  3.861946E-02  4.013959E-02     0.0416616  4.317878E-02  4.468456E-02  4.617252E-02  4.763651E-02     0.0488914  4.994756E-02  5.098209E-02     0.0518245  5.248724E-02  5.313829E-02  5.377716E-02  5.440343E-02  5.501668E-02  5.561657E-02
     0.0563493  5.733824E-02  5.841064E-02  5.942395E-02  6.037742E-02  6.127075E-02  6.210407E-02  6.365146E-02  6.634328E-02     0.0681685             0
             0  1.457099E-02  1.583507E-02     0.0166085  1.720381E-02  1.788634E-02  1.865836E-02  1.941218E-02  1.999205E-02  2.047773E-02  2.098491E-02  2.164531E-02     0.0226241  2.382211E-02  2.509518E-02  2.643837E-02  2.784623E-02  2.931285E-02  3.083194E-02  3.239689E-02
  3.400077E-02  3.563634E-02  3.729606E-02  3.897206E-02  4.065623E-02  4.234031E-02  4.401596E-02  4.567486E-02     0.0473088  4.890975E-02  5.027501E-02     0.0514188  5.253332E-02  5.343552E-02  5.414223E-02  5.483326E-02  5.550804E-02  5.616607E-02  5.680689E-02  5.743015E-02
  5.818689E-02  5.919867E-02  6.028146E-02  6.129069E-02  6.222712E-02  6.309219E-02  6.388785E-02  6.534474E-02  6.777781E-02  6.921078E-02             0
             0  1.346773E-02  1.470685E-02  1.548816E-02  1.609501E-02  1.679605E-02  1.759442E-02  1.837885E-02  1.898489E-02  1.949386E-02  2.002671E-02     0.0207222  2.175633E-02     0.0230268  2.438094E-02  2.581307E-02  2.731687E-02  2.888558E-02  3.051208E-02  3.218898E-02
  3.390862E-02  3.566307E-02  3.744407E-02  3.924298E-02  4.105082E-02  4.285835E-02  4.465608E-02  4.643434E-02  4.818332E-02  4.989322E-02  5.134667E-02  5.256046E-02  5.373845E-02  5.468741E-02  5.542799E-02  5.614916E-02  5.685018E-02  5.753045E-02  5.818944E-02  5.882679E-02
  5.959609E-02  6.061511E-02  6.169152E-02  6.268148E-02  6.358791E-02  6.441447E-02  6.516524E-02  6.652349E-02     0.0687204  6.985777E-02             0
             0  1.274865E-02  1.395799E-02  1.473584E-02  1.534443E-02  1.605208E-02  1.686298E-02  1.766444E-02  1.828619E-02     0.0188097  1.935908E-02  2.007773E-02  2.114943E-02  2.247029E-02  2.388149E-02  2.537647E-02  2.694804E-02  2.858867E-02  3.029058E-02  3.204586E-02
  3.384648E-02  3.568419E-02  3.755047E-02  3.943641E-02     0.0413327  4.322966E-02  4.511722E-02     0.0469849  4.882177E-02  5.061651E-02  5.213986E-02  5.340962E-02  5.463859E-02  5.562493E-02  5.639231E-02  5.713689E-02  5.785768E-02  5.855391E-02  5.922495E-02  5.987039E-02
  6.064492E-02  6.166146E-02  6.272173E-02  6.368479E-02  6.455629E-02  6.534246E-02  6.604954E-02  6.731735E-02  6.932514E-02  7.025637E-02             0
             0  1.237664E-02  1.356399E-02     0.0143354  1.494157E-02  1.564935E-02  1.646385E-02  1.727229E-02  1.790138E-02  1.843209E-02  1.899002E-02  1.972104E-02  2.081349E-02  2.216274E-02  2.360626E-02  2.513671E-02  2.674623E-02  2.842676E-02  3.017017E-02  3.196832E-02
  3.381306E-02  3.569611E-02  3.760895E-02  3.954268E-02      0.041488     0.0434352  4.537412E-02  4.729401E-02  4.918349E-02  5.103048E-02  5.259819E-02  5.390423E-02  5.516683E-02  5.617809E-02  5.696333E-02  5.772334E-02  5.845686E-02  5.916283E-02  5.984049E-02  6.048936E-02
  6.126431E-02  6.227386E-02  6.331667E-02  6.425563E-02  6.509898E-02  6.585503E-02  6.653152E-02  6.773917E-02  6.963454E-02     0.0704548             0
             0  1.221505E-02  1.339139E-02  1.415887E-02  1.476312E-02  1.547005E-02  1.628524E-02  1.709614E-02  1.772818E-02  1.826193E-02     0.0188236  1.956016E-02     0.0206621  2.202445E-02  2.348284E-02  2.502948E-02     0.0266562  2.835468E-02  3.011666E-02  3.193391E-02
  3.379826E-02  3.570145E-02  3.763498E-02  3.959001E-02  4.155729E-02  4.352714E-02  4.548942E-02  4.743334E-02     0.0493474  5.121925E-02  5.280855E-02  5.413257E-02  5.541218E-02  5.643629E-02  5.723081E-02  5.799887E-02  5.873897E-02  5.944984E-02  6.013057E-02  6.078066E-02
  6.155485E-02     0.0625591  6.359105E-02  6.451626E-02  6.534446E-02  6.608498E-02  6.674622E-02  6.792468E-02  6.976829E-02  7.053957E-02             0
             0  1.212716E-02  1.329712E-02  1.406213E-02  1.466507E-02  1.537124E-02  1.618651E-02  1.699852E-02  1.763207E-02  1.816745E-02  1.873117E-02  1.947082E-02     0.0205781  2.194785E-02     0.0234146     0.0249703  2.660658E-02  2.831501E-02  3.008723E-02  3.191501E-02
  3.379014E-02  3.570439E-02     0.0376493  3.961606E-02  4.159545E-02  4.357785E-02  4.555311E-02  4.751048E-02  4.943842E-02  5.132446E-02  5.292623E-02  5.426079E-02  5.555051E-02  5.658238E-02  5.738256E-02  5.815558E-02  5.889974E-02     0.0596136  6.029612E-02  6.094673E-02
  6.172006E-02  6.272044E-02  6.374522E-02  6.466179E-02  6.548078E-02     0.0662121  6.686446E-02  6.802618E-02  6.984086E-02  7.058531E-02             0
             0     0.0120827     0.0132493  1.401294E-02  1.461512E-02  1.532079E-02  1.613598E-02  1.694847E-02  1.758274E-02  1.811892E-02  1.868369E-02  1.942494E-02  2.053501E-02  2.190861E-02     0.0233797  2.494008E-02  2.658127E-02  2.829478E-02  3.007224E-02  3.190538E-02
      0.033786  3.570589E-02  3.765659E-02  3.962933E-02  4.161491E-02  4.360373E-02  4.558566E-02  4.754996E-02  4.948509E-02  5.137853E-02  5.298689E-02  5.432707E-02  5.562225E-02  5.665839E-02  5.746173E-02  5.823755E-02  5.898402E-02  5.969959E-02  6.038308E-02  6.103387E-02
  6.180652E-02  6.280443E-02      0.063825  6.473673E-02  6.555071E-02  6.627709E-02  6.692477E-02  6.807773E-02  6.987752E-02  7.060834E-02             0
