 51            10 
             0    -0.2561629    -0.2470887     -0.239911    -0.2342597    -0.2277507    -0.2203894     -0.213211     -0.207695     -0.203078      -0.19826    -0.1919906    -0.1827086    -0.1713677    -0.1593453    -0.1467017    -0.1334991    -0.1197943    -0.1056523 -9.115452E-02
    -0.0764337 -6.192616E-02 -4.735963E-02 -2.967018E-02 -1.226838E-02  4.846217E-03     0.0216675  3.817597E-02  5.433617E-02  7.009713E-02  8.348183E-02  9.465491E-02     0.1054908     0.1142036     0.1209858     0.1275632     0.1339169     0.1400252     0.1458634     0.1514032
     0.1579155     0.1676122     0.1783615     0.1896181     0.2014351      0.211891     0.2212253     0.2379706     0.2655027     0.2882454             0
             0    -0.2613292    -0.2522087    -0.2449476    -0.2392436    -0.2326932    -0.2252693     -0.218009    -0.2124171     -0.207729    -0.2028277    -0.1964373    -0.1869469    -0.1753144    -0.1629533    -0.1499591    -0.1364236    -0.1223496    -0.1077866 -9.281871E-02
    -0.0775836 -6.245255E-02 -4.608595E-02    -0.0281138 -1.070583E-02  6.448049E-03  2.337999E-02  4.008556E-02  5.652662E-02  7.264402E-02  8.640286E-02  9.794184E-02     0.1091989     0.1183214     0.1254699     0.1324593     0.1392809     0.1459261     0.1523778     0.1585981
     0.1659804      0.176592     0.1877796     0.1985743     0.2086964     0.2179136     0.2264163     0.2420654      0.268499      0.290299             0
             0    -0.3392704    -0.3296995    -0.3215441    -0.3149361    -0.3071197    -0.2980068    -0.2888544    -0.2816734    -0.2755825    -0.2691444    -0.2606631    -0.2478873    -0.2319678    -0.2148214    -0.1966031    -0.1774711    -0.1574589    -0.1366658    -0.1152387
    -0.0934003 -7.170705E-02 -4.826236E-02 -2.257011E-02  2.241484E-03  2.659138E-02  5.049364E-02  7.390422E-02  9.672543E-02     0.1188252     0.1374009     0.1527615     0.1675022     0.1792221     0.1882763     0.1969924      0.205357     0.2133583     0.2209763       0.22817
     0.2365198     0.2480638     0.2596326      0.270119     0.2793602     0.2872078     0.2939271     0.3053419     0.3198867     0.3241418             0
             0    -0.4163336    -0.4103805    -0.4038055    -0.3979241    -0.3903524    -0.3808389    -0.3706396    -0.3622904    -0.3550284    -0.3471764     -0.336621    -0.3203013    -0.2994081    -0.2764781     -0.251812    -0.2257335    -0.1983657    -0.1698987    -0.1405666
    -0.1106882 -8.102839E-02 -4.900689E-02 -1.389148E-02     0.0200641  5.344208E-02     0.0862553     0.1184169     0.1497388     0.1799533     0.2051384     0.2257488     0.2452334     0.2604102     0.2719339     0.2828006     0.2929783     0.3024429     0.3111678     0.3191111
     0.3279588     0.3392877     0.3494411     0.3573446     0.3631752     0.3670702     0.3694488      0.371742     0.3667137     0.3504475             0
             0    -0.4789252    -0.4813894    -0.4798154    -0.4770813    -0.4721646    -0.4644429     -0.454717    -0.4459913    -0.4380164    -0.4290273    -0.4165215    -0.3964046    -0.3697576    -0.3400168    -0.3078388    -0.2739044    -0.2385095    -0.2019637    -0.1645711
    -0.1266983 -8.924459E-02    -0.0488896 -4.553805E-03  3.852754E-02     0.0812042     0.1235885     0.1656351     0.2071143     0.2476104     0.2816564      0.309565      0.335825     0.3559917      0.371052     0.3849182     0.3974845     0.4086708     0.4184189     0.4266843
     0.4351013     0.4439427     0.4493545     0.4508413     0.4494868     0.4460765     0.4412656     0.4298393     0.4019014     0.3677157             0
             0    -0.5266373    -0.5413979    -0.5485821    -0.5520298     -0.553179     -0.550647    -0.5437971    -0.5358126    -0.5276232    -0.5175765    -0.5027229    -0.4774053    -0.4427302    -0.4039021    -0.3623367    -0.3193033    -0.2752749    -0.2306039     -0.185552
    -0.1404082    -0.0960654 -4.843375E-02  4.011379E-03  5.533554E-02     0.1067974     0.1587997     0.2115687     0.2650884     0.3190376     0.3659711     0.4053778      0.443171     0.4724331     0.4941608     0.5137827     0.5308793     0.5450922     0.5561717     0.5640274
     0.5699331     0.5709004     0.5642841     0.5520415     0.5373358     0.5220432      0.506867     0.4777302     0.4269426       0.37877             0
             0    -0.5545905    -0.5810205    -0.5984598    -0.6102132    -0.6209576    -0.6284116    -0.6287849     -0.623719    -0.6161421    -0.6047807    -0.5861155    -0.5522557    -0.5059323    -0.4557276    -0.4039487     -0.352216    -0.3008149    -0.2498345    -0.1992738
    -0.1491921    -0.1003416 -4.802576E-02  9.675022E-03  6.650558E-02     0.1241541     0.1834502     0.2451539     0.3099167     0.3782225     0.4411919     0.4968665     0.5533839     0.5996926     0.6351303     0.6676682      0.695697     0.7174616     0.7314251     0.7369268
     0.7343519     0.7138444     0.6808355     0.6443158      0.609928     0.5798523     0.5535819     0.5079533     0.4407769      0.384414             0
             0    -0.5674515    -0.6005814    -0.6249037    -0.6430284    -0.6625186    -0.6814139     -0.693134    -0.6944109    -0.6889159    -0.6751507    -0.6497306    -0.6039046    -0.5453452     -0.485553    -0.4264837    -0.3692686    -0.3136339    -0.2592709    -0.2059007
    -0.1533871    -0.1023643 -4.781268E-02  1.240469E-02  7.191465E-02     0.1326621     0.1957702     0.2624212     0.3339038      0.411699     0.4867621     0.5563914     0.6316394     0.6984185     0.7527716     0.8060492     0.8547277      0.893346     0.9147889     0.9133359
     0.8906717     0.8322624     0.7643287     0.7029237     0.6518213     0.6109959     0.5775782     0.5223809     0.4469648     0.3868516             0
             0    -0.5746474    -0.6119633    -0.6410164    -0.6639764    -0.6911188    -0.7225012    -0.7519087    -0.7685934    -0.7710457    -0.7491511    -0.7080892    -0.6442191    -0.5727127    -0.5047896     -0.440351    -0.3794506    -0.3211383    -0.2647229    -0.2096957
    -0.1557753    -0.1035105 -4.768705E-02  1.396401E-02  7.501321E-02     0.1375681     0.2029504      0.272647     0.3484501     0.4327253     0.5167823     0.5978052     0.6903261     0.7793043       0.85738     0.9416722      1.028767      1.109059      1.159563      1.130348
       1.05729     0.9374883     0.8281182     0.7433042     0.6786656      0.630044     0.5918297     0.5306059     0.4503781     0.3881736             0
             0    -0.5783547    -0.6179929    -0.6498837     -0.676041    -0.7090927    -0.7530568    -0.8102427    -0.8703371    -0.9167479    -0.8507996     -0.766205    -0.6743664    -0.5900333    -0.5159526    -0.4480322    -0.3849445    -0.3251248     -0.267591    -0.2116798
    -0.1570189    -0.1041055 -4.762036E-02  1.477741E-02  7.663275E-02     0.1401439     0.2067484      0.278119     0.3563747     0.4445104     0.5343339     0.6233376      0.729538      0.839453      0.944193      1.072087      1.232485      1.438901      1.709453      1.464405
      1.241649      1.025528     0.8720855     0.7681349     0.6940386     0.6405169     0.5994843     0.5348958     0.4521204     0.3888412             0
