 51            10 
             0    -0.2560955    -0.2470253    -0.2398504    -0.2341998    -0.2276897    -0.2203272    -0.2131479    -0.2076315    -0.2030145    -0.1981967     -0.191928    -0.1826479    -0.1713108    -0.1592931    -0.1466541    -0.1334551    -0.1197575    -0.1056312 -9.116596E-02
    -0.0764985 -6.183033E-02 -4.496629E-02 -2.801894E-02 -1.108078E-02  5.764887E-03  2.244654E-02  3.890062E-02  5.506747E-02  7.088903E-02  8.438105E-02  9.569255E-02      0.106729     0.1156799     0.1227027     0.1295826     0.1363157     0.1428985     0.1493285     0.1556043
     0.1632556     0.1735612      0.184714     0.1952327     0.2051045     0.2143113     0.2228512     0.2386129     0.2655557     0.2882701             0
             0    -0.2612259    -0.2521056    -0.2448563    -0.2391524    -0.2325873    -0.2251504    -0.2178802    -0.2122821    -0.2075895    -0.2026849    -0.1962925    -0.1868061    -0.1751851    -0.1628442    -0.1498635    -0.1363183    -0.1222448    -0.1077013 -9.277895E-02
 -7.762577E-02    -0.0624797 -4.538686E-02 -2.795195E-02 -1.056549E-02  6.668668E-03  2.369751E-02  4.047872E-02  5.696448E-02  7.309863E-02  8.685414E-02  9.838069E-02     0.1096167      0.118716     0.1258452     0.1328171     0.1396252      0.146264     0.1527294       0.15902
     0.1666722     0.1770211     0.1882247     0.1988238      0.208784     0.2179953     0.2264877     0.2420926     0.2684498      0.290177             0
             0    -0.3391259    -0.3295462    -0.3213981    -0.3147867    -0.3069491    -0.2978165     -0.288649    -0.2814581    -0.2753604    -0.2689172    -0.2604329    -0.2476629    -0.2317618    -0.2146472    -0.1964523    -0.1773106    -0.1573021    -0.1365381    -0.1151756
 -9.345119E-02 -7.172966E-02 -4.723972E-02 -2.230582E-02  2.486832E-03  2.696142E-02  5.100993E-02  7.453451E-02  9.742413E-02     0.1195513     0.1381246      0.153469     0.1681807     0.1798679     0.1888941     0.1975835     0.2059249     0.2139095     0.2215312     0.2287883
     0.2374136     0.2486464     0.2601731     0.2704411     0.2795037     0.2873269     0.2940197     0.3053629     0.3197853     0.3239921             0
             0    -0.4160982    -0.4100887    -0.4034865    -0.3975829    -0.3899697    -0.3804161    -0.3701864    -0.3618192     -0.354546    -0.3466867    -0.3361292    -0.3198251    -0.2989745    -0.2761092     -0.251501    -0.2254301    -0.1980829    -0.1696666    -0.1404276
    -0.1107014 -8.098556E-02 -4.749999E-02 -1.339059E-02  2.056764E-02  5.414663E-02     0.0871952      0.119553     0.1510129     0.1813115     0.2065337     0.2271547     0.2466291      0.261781     0.2732785     0.2841166     0.2942652     0.3037018     0.3124116     0.3203903
     0.3294629     0.3403936     0.3503467     0.3579533     0.3635628     0.3673707     0.3696742     0.3718249     0.3665839     0.3502743             0
             0    -0.4785445    -0.4808152    -0.4791002     -0.476277    -0.4712484    -0.4634168    -0.4536122    -0.4448464    -0.4368505    -0.4278536    -0.4153569    -0.3952967    -0.3687728    -0.3391914    -0.3071715    -0.2733106    -0.2379909    -0.2015451    -0.1642932
      -0.12662 -8.908167E-02 -4.683544E-02 -3.727096E-03  3.940231E-02  8.239004E-02     0.1251488     0.1675437     0.2093217      0.250072      0.284311     0.3123641     0.3387407     0.3589744      0.374071     0.3879564     0.4005238     0.4116884     0.4213951     0.4296246
     0.4380925     0.4463569     0.4511825     0.4521563     0.4504541     0.4467925     0.4417883     0.4300618     0.4017705     0.3675278             0
             0    -0.5260724     -0.540368     -0.547141    -0.5503138    -0.5511364    -0.5482678    -0.5411772    -0.5330828    -0.5248486    -0.5148051    -0.5000168    -0.4749119    -0.4406111    -0.4021977    -0.3610336    -0.3182354    -0.2744021     -0.229924    -0.1850877
    -0.1402044 -9.575903E-02 -4.585258E-02  5.186144E-03  5.662291E-02     0.1085363     0.1611092     0.2144759     0.2686103     0.3232166     0.3707885     0.4107816     0.4491816     0.4789338     0.5010237     0.5209565     0.5382847     0.5526088     0.5636413     0.5712722
     0.5766867     0.5765253     0.5682784     0.5548782       0.53945     0.5235147     0.5078913     0.4781552     0.4268265     0.3785733             0
             0    -0.5538681    -0.5794939     -0.596093     -0.607213    -0.6171433    -0.6236588    -0.6232876     -0.617883    -0.6101932     -0.598893     -0.580513    -0.5473731    -0.5020657    -0.4528103    -0.4018577    -0.3506192    -0.2995822    -0.2489094    -0.1986447
    -0.1488809 -9.992445E-02 -4.508391E-02     0.0111034     0.0681062      0.126334     0.1863982     0.2489899     0.3148021     0.3844297     0.4489316     0.5062371     0.5647431     0.6129867     0.6500587     0.6842178     0.7136822     0.7364225     0.7505745     0.7552118
     0.7502021     0.7264183     0.6890271     0.6496925     0.6137357     0.5823118     0.5551966     0.5085711     0.4406773     0.3842132             0
             0    -0.5666437    -0.5987452    -0.6218842    -0.6390328    -0.6571472    -0.6742438    -0.6842897    -0.6847775    -0.6791165    -0.6654618    -0.6407753    -0.5966083    -0.5399586    -0.4817052    -0.4238473    -0.3673352    -0.3121866    -0.2582067    -0.2051815
    -0.1530186    -0.1018906 -4.469468E-02  1.395997E-02  7.367542E-02     0.1350741     0.1990682     0.2667962     0.3396437     0.4193128      0.496785     0.5692464     0.6483957     0.7195985     0.7781906     0.8363404     0.8901606     0.9332179     0.9565221     0.9519348
     0.9210773     0.8536818      0.777042     0.7105926     0.6569912     0.6141699     0.5795848     0.5231097     0.4468745     0.3866491             0
             0    -0.5737879     -0.609925    -0.6375371    -0.6592292    -0.6844432    -0.7130072    -0.7394627    -0.7555465    -0.7603695    -0.7360476    -0.6955317    -0.6346086    -0.5660574    -0.5002417    -0.4373337    -0.3772945    -0.3195544    -0.2635726     -0.208922
    -0.1553724    -0.1030036 -4.446784E-02  1.559304E-02  7.686809E-02     0.1401186      0.206462     0.2773615     0.3547525     0.4413242      0.528536     0.6135398     0.7120816     0.8088353      0.895356     0.9910411      1.093025      1.190842      1.255111       1.21029
      1.110783      0.969123     0.8451973     0.7528686     0.6848753     0.6337271     0.5941014     0.5314041     0.4502934     0.3879701             0
             0    -0.5774673     -0.615839    -0.6461239    -0.6708032    -0.7014685    -0.7416451    -0.7955272    -0.8679134      -0.99141    -0.8483194    -0.7513794    -0.6628483    -0.5824565    -0.5109483    -0.4447837    -0.3826595    -0.3234643    -0.2663934    -0.2108764
    -0.1565975     -0.103581 -4.434815E-02  1.644531E-02  7.853761E-02     0.1427688     0.2103765     0.2830228     0.3630019     0.4537075     0.5472159     0.6411135     0.7552917     0.8767917     0.9958891      1.147076      1.347526       1.62745       2.04245      1.651736
      1.333562      1.068027     0.8928342      0.779034     0.7009265     0.6445125     0.6019117     0.5357326     0.4520388     0.3886374             0
