 51            10 
             0 -1.416515E-03  1.465454E-04  1.339798E-03  2.271459E-03   3.33751E-03  4.535316E-03  5.695717E-03  6.583084E-03  7.323475E-03  8.093763E-03  9.093196E-03      0.010567  1.235996E-02  1.425527E-02  1.624617E-02  1.832549E-02  2.048568E-02  2.271882E-02  2.501668E-02
  2.737073E-02  2.977218E-02  3.221196E-02  3.468065E-02  3.716873E-02  3.966664E-02  4.216494E-02  4.465436E-02  4.712591E-02  4.957092E-02  5.167985E-02  5.346406E-02  5.522168E-02  5.666172E-02  5.779956E-02  5.892241E-02     0.0600295     0.0611201  6.219351E-02  6.324909E-02
  6.454548E-02  6.631006E-02  6.824624E-02     0.0700983  7.186312E-02  7.353816E-02  7.512135E-02  7.810085E-02  8.351247E-02  8.853284E-02             0
             0  -1.68442E-03 -1.133735E-04  1.087322E-03  2.025204E-03  3.098797E-03  4.305507E-03  5.474918E-03  6.369378E-03  7.115797E-03  7.892461E-03  8.900299E-03  1.038677E-02  1.219554E-02  1.410792E-02  1.611708E-02  1.821574E-02  2.039623E-02     0.0226505  2.497016E-02
  2.734655E-02  2.977069E-02  3.223332E-02  3.472486E-02  3.723556E-02  3.975568E-02  4.227558E-02  4.478579E-02  4.727712E-02  4.974074E-02  5.186476E-02  5.366109E-02  5.542994E-02  5.687856E-02  5.802283E-02  5.915168E-02  6.026432E-02  6.136003E-02     0.0624381  6.349788E-02
  6.479896E-02  6.656891E-02     0.0685095  7.036428E-02  7.213026E-02      0.073805  7.538659E-02  7.836058E-02  8.374851E-02  8.872031E-02             0
             0 -5.857391E-03 -4.169254E-03 -2.856655E-03 -1.824402E-03 -6.356023E-04  7.079781E-04  2.016601E-03  3.021033E-03  3.861052E-03   4.73693E-03  5.875754E-03  7.560063E-03   9.61636E-03  1.179667E-02  1.409282E-02  1.649595E-02  1.899651E-02  2.158435E-02     0.0242488
  2.697871E-02  2.976245E-02     0.0325879  3.544243E-02  3.831311E-02     0.0411869  4.405087E-02     0.0468923     0.0496988     0.0524585  5.482244E-02  5.681085E-02     0.0587573  6.034117E-02     0.0615866  6.280941E-02  6.400868E-02  6.518361E-02  6.633344E-02  6.745748E-02
  6.882957E-02  7.067955E-02  7.268278E-02  7.457285E-02  7.634857E-02  7.800975E-02  7.955693E-02  8.242573E-02  8.740524E-02  9.158786E-02             0
             0 -9.195745E-03  -7.46403E-03 -6.090653E-03 -5.001655E-03 -3.737936E-03 -2.299576E-03 -8.894643E-04  1.977788E-04   1.10964E-03  2.062991E-03  3.305706E-03  5.150184E-03  7.411467E-03  9.817674E-03  1.235925E-02  1.502563E-02  1.780538E-02  2.068633E-02  2.365571E-02
  2.670015E-02  2.980573E-02  3.295787E-02  3.614123E-02  3.933999E-02  4.253804E-02  4.571912E-02  4.886703E-02  5.196576E-02  5.499967E-02  5.758451E-02  5.974828E-02  6.185468E-02  6.355797E-02  6.489117E-02  6.619369E-02  6.746444E-02  6.870245E-02  6.990689E-02  7.107706E-02
  7.249627E-02  7.439046E-02  7.641254E-02  7.829226E-02  8.003162E-02  8.163394E-02  8.310352E-02  8.578699E-02  9.024213E-02  9.365042E-02             0
             0 -1.144437E-02 -9.725317E-03 -8.335935E-03 -7.225138E-03 -5.926099E-03 -4.436689E-03  -2.96652E-03 -1.827589E-03 -8.695587E-04  1.348387E-04  1.447479E-03  3.402601E-03  5.809121E-03  8.378084E-03  1.109832E-02  1.395748E-02  1.694235E-02  2.003908E-02  2.323331E-02
  2.651025E-02  2.985462E-02  3.325049E-02  3.668099E-02  4.012858E-02  4.357521E-02  4.700236E-02     0.0503911  5.372225E-02  5.697647E-02  5.973986E-02  6.204534E-02  6.428025E-02  6.607813E-02  6.747975E-02  6.884304E-02  7.016655E-02  7.144909E-02  7.268968E-02  7.388759E-02
  7.533106E-02  7.723795E-02  7.924446E-02     0.0810824  8.275826E-02  8.428004E-02  8.565648E-02  8.813649E-02  9.211045E-02  9.493192E-02             0
             0 -1.291342E-02 -1.123199E-02 -9.850935E-03 -8.738661E-03 -7.428611E-03 -5.916124E-03 -4.413201E-03 -3.243449E-03 -2.256641E-03 -1.219278E-03  1.398078E-04  2.170749E-03  4.679365E-03  7.364132E-03  1.021192E-02  1.320849E-02  1.633898E-02  1.958818E-02  2.294075E-02
  2.638115E-02  2.989358E-02  3.346164E-02      0.037068  4.069453E-02     0.0443224      0.047932  5.150285E-02  5.501356E-02  5.844174E-02  6.134898E-02  6.376994E-02     0.0661102  6.798541E-02  6.944241E-02  7.085397E-02  7.221809E-02  7.353313E-02  7.479788E-02  7.601152E-02
  7.746426E-02  7.936333E-02  8.133303E-02  8.311197E-02  8.471271E-02  8.614874E-02  8.743337E-02  8.972478E-02  9.331121E-02  9.572191E-02             0
             0 -1.367483E-02 -1.202759E-02 -1.066148E-02 -9.556158E-03 -8.248156E-03 -6.730648E-03 -5.215179E-03 -4.031339E-03 -3.030347E-03 -1.975824E-03 -5.915971E-04  1.481968E-03  4.049282E-03  6.800826E-03  9.721661E-03  1.279606E-02  1.600807E-02  1.934178E-02  2.278141E-02
  2.631128E-02  2.991557E-02      0.033578  3.728133E-02  4.100753E-02  4.473782E-02  4.845251E-02  5.213078E-02  5.575044E-02  5.928773E-02  6.228846E-02  6.478649E-02  6.719875E-02  6.912767E-02  7.062326E-02  7.206816E-02  7.345962E-02  7.479534E-02  7.607365E-02  7.729362E-02
  7.874546E-02  8.062631E-02  8.255475E-02  8.427892E-02  8.581732E-02  8.718794E-02  8.840714E-02     0.0905715  9.392634E-02  9.611531E-02             0
             0 -1.400588E-02 -1.237678E-02 -1.101987E-02 -9.919696E-03  -8.61494E-03 -7.097582E-03 -5.578283E-03 -4.389009E-03 -3.382083E-03 -2.319991E-03  -9.24295E-04  1.169219E-03   3.76417E-03  6.546916E-03  9.501492E-03  1.261144E-02  1.586034E-02      0.019232  2.271053E-02
  2.628025E-02  2.992542E-02  3.362986E-02  3.737649E-02  4.114741E-02  4.492401E-02  4.868669E-02  5.241469E-02  5.608568E-02  5.967551E-02  6.272256E-02  6.525977E-02  6.770967E-02     0.0696675     0.0711842  7.264756E-02  7.405411E-02  7.540092E-02     0.0766858  7.790764E-02
  7.935622E-02  8.122245E-02  8.312389E-02  8.481566E-02  8.631966E-02  8.765597E-02  8.884218E-02  9.094447E-02  9.419242E-02  9.628342E-02             0
             0 -1.418598E-02 -1.256769E-02 -1.121661E-02 -1.011991E-02 -8.817743E-03 -7.301362E-03 -5.780679E-03 -4.588765E-03 -3.578713E-03 -2.512433E-03  -1.11022E-03   9.94794E-04   3.60562E-03  6.406112E-03  9.379694E-03  1.250951E-02     0.0157789  1.917155E-02  2.267153E-02
  2.626319E-02  2.993084E-02     0.0336584  3.742888E-02  4.122452E-02     0.0450268  4.881624E-02  5.257214E-02  5.627224E-02  5.989226E-02  6.296641E-02  6.552693E-02  6.799975E-02  6.997569E-02     0.0715059  7.298131E-02  7.439788E-02  7.575202E-02  7.704096E-02  7.826326E-02
  7.970832E-02  8.156311E-02  8.344588E-02  8.511673E-02  8.659948E-02  8.791526E-02  8.908217E-02     0.0911487  9.433682E-02  9.637412E-02             0
             0 -1.427714E-02 -1.266461E-02 -1.131677E-02 -1.022209E-02 -8.921556E-03 -7.406069E-03 -5.885051E-03 -4.691988E-03 -3.680416E-03 -2.611964E-03 -1.206278E-03  9.049035E-04  3.524146E-03  6.333932E-03  9.317377E-03  1.245744E-02  1.573734E-02  1.914072E-02  2.265166E-02
     0.0262545     0.0299336  3.367295E-02     0.0374556  4.126386E-02  4.507929E-02  4.888248E-02  5.265281E-02  5.636803E-02     0.0600039  6.309248E-02  6.566561E-02  6.815111E-02  7.013738E-02  7.167551E-02  7.315825E-02  7.458115E-02  7.594009E-02  7.723159E-02     0.0784536
  7.989547E-02  8.174221E-02  8.361351E-02  8.527235E-02  8.674336E-02  8.804806E-02     0.0892047  9.125248E-02  9.440978E-02     0.0964198             0
