.16 240 240 240 225 225 225 225 225 225 225 225 225 217.5 202.5 180 180 180 165 165 165 165 150 150 150 135 135 135 120 120 120 120 120 120 120 105 105 105 105 90 90 90 75 75 75 45 45 45 45 15 .03
.16 240 240 240 225 225 225 225 225 225 225 225 225 217.5 202.5 180 180 180 165 165 165 165 150 150 150 135 135 135 120 120 120 120 120 120 120 105 105 105 105 90 90 90 75 75 75 45 45 45 45 15 .03
.16 240 240 240 225 225 225 225 225 225 225 225 225 217.5 202.5 180 180 180 165 165 165 165 150 150 150 135 135 135 120 120 120 120 120 120 120 105 105 105 105 90 90 90 75 75 75 45 45 45 45 15 .03
.16 240 240 240 225 225 225 225 225 225 225 225 225 217.5 202.5 180 180 180 165 165 165 165 150 150 150 135 135 135 120 120 120 120 120 120 120 105 105 105 105 90 90 90 75 75 75 45 45 45 45 15 .03
.16 240 240 240 225 225 225 225 225 225 225 225 225 217.5 202.5 180 180 180 165 165 165 165 150 150 150 135 135 135 120 120 120 120 120 120 120 105 105 105 105 90 90 90 75 75 75 45 45 45 45 15 .03
.16 240 240 240 225 225 225 225 225 225 225 225 225 217.5 202.5 180 180 180 165 165 165 165 150 150 150 135 135 135 120 120 120 120 120 120 120 105 105 105 105 90 90 90 75 75 75 45 45 45 45 15 .03
.16 240 240 240 225 225 225 225 225 225 225 225 225 217.5 202.5 180 180 180 165 165 165 165 150 150 150 135 135 135 120 120 120 120 120 120 120 105 105 105 105 90 90 90 75 75 75 45 45 45 45 15 .03
.16 240 240 240 225 225 225 225 225 225 225 225 225 217.5 202.5 180 180 180 165 165 165 165 150 150 150 135 135 135 120 120 120 120 120 120 120 105 105 105 105 90 90 90 75 75 75 45 45 45 45 15 .03
.16 240 240 240 225 225 225 225 225 225 225 225 225 217.5 202.5 180 180 180 165 165 165 165 150 150 150 135 135 135 120 120 120 120 120 120 120 105 105 105 105 90 90 90 75 75 75 45 45 45 45 15 .03
.16 240 240 240 225 225 225 225 225 225 225 225 225 217.5 202.5 180 180 180 165 165 165 165 150 150 150 135 135 135 120 120 120 120 120 120 120 105 105 105 105 90 90 90 75 75 75 45 45 45 45 15 .03
