           .03            30            30            30            30            30            30            30            30            30            30            30            30            30            30            30            30            30            30            30
            30            30            30            30            30            30            30            30            30            30            30            30            30            30            30            30            30            30            30            30
            30            30            30            30            30            30            30            30            30            30           .03
           .03            30            30            30            30            30            30            30            30            30            30            30            30            30            30            30            30            30            30            30
            30            30            30            30            30            30            30            30            30            30            30            30            30            30            30            30            30            30            30            30
            30            30            30            30            30            30            30            30            30            30           .03
           .03            30            30            30            30            30            30            30            30            30            30            30            30            30            30            30            30            30            30            30
            30            30            30            30            30            30            30            30            30            30            30            30            30            30            30            30            30            30            30            30
            30            30            30            30            30            30            30            30            30            30           .03
           .03            30            30            30            30            30            30            30            30            30            30            30            30            30            30            30            30            30            30            30
            30            30            30            30            30            30            30            30            30            30            30            30            30            30            30            30            30            30            30            30
            30            30            30            30            30            30            30            30            30            30           .03
           .03            30            30            30            30            30            30            30            30            30            30            30            30            30            30            30            30            30            30            30
            30            30            30            30            30            30            30            30            30            30            30            30            30            30            30            30            30            30            30            30
            30            30            30            30            30            30            30            30            30            30           .03
           .03            30            30            30            30            30            30            30            30            30            30            30            30            30            30            30            30            30            30            30
            30            30            30            30            30            30            30            30            30            30            30            30            30            30            30            30            30            30            30            30
            30            30            30            30            30            30            30            30            30            30           .03
           .03            30            30            30            30            30            30            30            30            30            30            30            30            30            30            30            30            30            30            30
            30            30            30            30            30            30            30            30            30            30            30            30            30            30            30            30            30            30            30            30
            30            30            30            30            30            30            30            30            30            30           .03
           .03            30            30            30            30            30            30            30            30            30            30            30            30            30            30            30            30            30            30            30
            30            30            30            30            30            30            30            30            30            30            30            30            30            30            30            30            30            30            30            30
            30            30            30            30            30            30            30            30            30            30           .03
           .03            30            30            30            30            30            30            30            30            30            30            30            30            30            30            30            30            30            30            30
            30            30            30            30            30            30            30            30            30            30            30            30            30            30            30            30            30            30            30            30
            30            30            30            30            30            30            30            30            30            30           .03
           .03            30            30            30            30            30            30            30            30            30            30            30            30            30            30            30            30            30            30            30
            30            30            30            30            30            30            30            30            30            30            30            30            30            30            30            30            30            30            30            30
            30            30            30            30            30            30            30            30            30            30           .03