           .06            60            60            60            60            60            60            60            60            60            60            60            60            60            60            60            60            60            60            60
            60            60            60            60            60            60            60            60            60            60            60            60            60            60            60            60            60            60            60            60
            60            65            65            70            70            70            70            70            70            70           .07
           .06            60            60            60            60            60            60            60            60            60            60            60            60            60            60            60            60            60            60            60
            60            60            60            60            60            60            60            60            60            60            60            60            60            60            60            60            60            60            60            60
            60            65            65            70            70            70            70            70            70            70           .07
           .06            60            60            60            60            60            60            60            60            60            60            60            60            60            60            60            60            60            60            60
            60            60            60            60            60            60            60            60            60            60            60            60            60            60            60            60            60            60            60            60
            60            65            65            70            70            70            70            70            70            70           .07
           .06            60            60            60            60            60            60            60            60            60            60            60            60            60            60            60            60            60            60            60
            60            60            60            60            60            60            60            60            60            60            60            60            60            60            60            60            60            60            60            60
            60            65            65            70            70            70            70            70            70            70           .07
           .06            60            60            60            60            60            60            60            60            60            60            60            60            60            60            60            60            60            60            60
            60            60            60            60            60            60            60            60            60            60            60            60            60            60            60            60            60            60            60            60
            60            65            65            70            70            70            70            70            70            70           .07
           .06            60            60            60            60            60            60            60            60            60            60            60            60            60            60            60            60            60            60            60
            60            60            60            60            60            60            60            60            60            60            60            60            60            60            60            60            60            60            60            60
            60            65            65            70            70            70            70            70            70            70           .07
           .06            60            60            60            60            60            60            60            60            60            60            60            60            60            60            60            60            60            60            60
            60            60            60            60            60            60            60            60            60            60            60            60            60            60            60            60            60            60            60            60
            60            65            65            70            70            70            70            70            70            70           .07
           .06            60            60            60            60            60            60            60            60            60            60            60            60            60            60            60            60            60            60            60
            60            60            60            60            60            60            60            60            60            60            60            60            60            60            60            60            60            60            60            60
            60            65            65            70            70            70            70            70            70            70           .07
           .06            60            60            60            60            60            60            60            60            60            60            60            60            60            60            60            60            60            60            60
            60            60            60            60            60            60            60            60            60            60            60            60            60            60            60            60            60            60            60            60
            60            65            65            70            70            70            70            70            70            70           .07
           .06            60            60            60            60            60            60            60            60            60            60            60            60            60            60            60            60            60            60            60
            60            60            60            60            60            60            60            60            60            60            60            60            60            60            60            60            60            60            60            60
            60            65            65            70            70            70            70            70            70            70           .07