 51            10 
             0    -0.2560971    -0.2470268     -0.239852    -0.2342014    -0.2276913    -0.2203287    -0.2131495    -0.2076331    -0.2030161    -0.1981983    -0.1919295    -0.1826495    -0.1713123    -0.1592948    -0.1466556    -0.1334567    -0.1197591    -0.1056328 -9.116757E-02
 -7.650011E-02 -6.183195E-02    -0.0449679 -2.802056E-02 -1.108239E-02  5.763273E-03  2.244492E-02      0.038899  5.506586E-02  7.088742E-02  8.437943E-02  9.569093E-02     0.1067274     0.1156783      0.122701      0.129581     0.1363141     0.1428969     0.1493269     0.1556027
      0.163254     0.1735596     0.1847124     0.1952311     0.2051029     0.2143097     0.2228495     0.2386113     0.2655541     0.2882685             0
             0    -0.2612275    -0.2521072    -0.2448579     -0.239154    -0.2325889     -0.225152    -0.2178818    -0.2122837    -0.2075911    -0.2026865    -0.1962941    -0.1868076    -0.1751867    -0.1628458    -0.1498651      -0.13632    -0.1222464    -0.1077029 -9.278056E-02
 -7.762738E-02 -6.248131E-02 -4.538847E-02 -2.795356E-02    -0.0105671  6.667055E-03     0.0236959     0.0404771  5.696286E-02  7.309701E-02  8.685253E-02  9.837908E-02     0.1096151     0.1187144     0.1258436     0.1328155     0.1396236     0.1462624     0.1527278     0.1590184
     0.1666706     0.1770195     0.1882231     0.1988222     0.2087824     0.2179937     0.2264861      0.242091     0.2684482     0.2901755             0
             0    -0.3391274    -0.3295478    -0.3213997    -0.3147883    -0.3069507    -0.2978181    -0.2886505    -0.2814597     -0.275362    -0.2689188    -0.2604345    -0.2476645    -0.2317634    -0.2146488    -0.1964539    -0.1773122    -0.1573037    -0.1365397    -0.1151772
    -0.0934528 -7.173128E-02 -4.724133E-02 -2.230743E-02  2.485219E-03  2.695981E-02  5.100832E-02  7.453289E-02  9.742252E-02     0.1195497     0.1381229     0.1534674     0.1681791     0.1798663     0.1888925     0.1975819     0.2059233     0.2139079     0.2215296     0.2287867
      0.237412     0.2486448     0.2601715     0.2704395     0.2795021     0.2873253     0.2940181     0.3053613     0.3197837     0.3239906             0
             0    -0.4160997    -0.4100903     -0.403488    -0.3975845    -0.3899713    -0.3804177     -0.370188    -0.3618208    -0.3545475    -0.3466883    -0.3361307    -0.3198267    -0.2989761    -0.2761108    -0.2515026    -0.2254317    -0.1980845    -0.1696682    -0.1404292
     -0.110703 -8.098717E-02    -0.0475016    -0.0133922  2.056602E-02  5.414502E-02  8.719358E-02     0.1195514     0.1510113     0.1813099     0.2065321     0.2271531     0.2466275     0.2617793     0.2732769     0.2841149     0.2942636     0.3037001       0.31241     0.3203886
     0.3294612      0.340392     0.3503451     0.3579517     0.3635612     0.3673691     0.3696726     0.3718233     0.3665823     0.3502727             0
             0    -0.4785461    -0.4808168    -0.4791018    -0.4762786    -0.4712499    -0.4634183    -0.4536138     -0.444848    -0.4368521    -0.4278553    -0.4153585    -0.3952983    -0.3687744     -0.339193    -0.3071731    -0.2733122    -0.2379925    -0.2015467    -0.1642948
    -0.1266216 -8.908328E-02 -4.683705E-02 -3.728708E-03     0.0394007  8.238842E-02     0.1251472     0.1675421     0.2093201     0.2500704     0.2843094     0.3123625     0.3387391     0.3589728     0.3740694     0.3879548     0.4005222     0.4116868     0.4213935     0.4296229
     0.4380909     0.4463553     0.4511809     0.4521547     0.4504525     0.4467909     0.4417867     0.4300602      0.401769     0.3675262             0
             0    -0.5260739    -0.5403695    -0.5471426    -0.5503154    -0.5511379    -0.5482694    -0.5411788    -0.5330844    -0.5248502    -0.5148066    -0.5000184    -0.4749135    -0.4406127    -0.4021994    -0.3610352     -0.318237    -0.2744037    -0.2299256    -0.1850893
     -0.140206 -9.576064E-02 -4.585419E-02  5.184533E-03     0.0566213     0.1085347     0.1611076     0.2144742     0.2686087     0.3232149     0.3707868       0.41078       0.44918     0.4789322      0.501022     0.5209548     0.5382831     0.5526072     0.5636396     0.5712706
     0.5766851     0.5765237     0.5682768     0.5548766     0.5394484     0.5235131     0.5078897     0.4781536     0.4268249     0.3785717             0
             0    -0.5538697    -0.5794955    -0.5960946    -0.6072146    -0.6171449    -0.6236604    -0.6232892    -0.6178846    -0.6101948    -0.5988946    -0.5805146    -0.5473747    -0.5020673     -0.452812    -0.4018593    -0.3506208    -0.2995838     -0.248911    -0.1986463
    -0.1488825 -9.992606E-02 -4.508552E-02  1.110179E-02  6.810458E-02     0.1263324     0.1863966     0.2489883     0.3148004     0.3844281       0.44893     0.5062355     0.5647415     0.6129851     0.6500571     0.6842162     0.7136806     0.7364209     0.7505729     0.7552101
     0.7502005     0.7264166     0.6890255     0.6496909     0.6137341     0.5823102      0.555195     0.5085695     0.4406757     0.3842117             0
             0    -0.5666453    -0.5987468    -0.6218858    -0.6390343    -0.6571488    -0.6742454    -0.6842913    -0.6847791    -0.6791182    -0.6654634    -0.6407769    -0.5966099    -0.5399602    -0.4817068    -0.4238489    -0.3673368    -0.3121882    -0.2582083    -0.2051831
    -0.1530202    -0.1018922 -4.469629E-02  1.395836E-02  7.367381E-02     0.1350724     0.1990666     0.2667946     0.3396421     0.4193112     0.4967833     0.5692448     0.6483941     0.7195969      0.778189     0.8363388      0.890159     0.9332163     0.9565205     0.9519331
     0.9210757     0.8536802     0.7770404      0.710591     0.6569896     0.6141683     0.5795832     0.5231081     0.4468729     0.3866476             0
             0    -0.5737895    -0.6099266    -0.6375387    -0.6592307    -0.6844448    -0.7130088    -0.7394643     -0.755548    -0.7603711    -0.7360492    -0.6955333    -0.6346102    -0.5660591    -0.5002433    -0.4373353    -0.3772961     -0.319556    -0.2635742    -0.2089236
     -0.155374    -0.1030052 -4.446945E-02  1.559143E-02  7.686649E-02      0.140117     0.2064604     0.2773598     0.3547509     0.4413226     0.5285344     0.6135381     0.7120799     0.8088337     0.8953544     0.9910395      1.093023       1.19084      1.255109      1.210289
      1.110782     0.9691214     0.8451957      0.752867     0.6848737     0.6337255     0.5940998     0.5314025     0.4502918     0.3879686             0
             0    -0.5774689    -0.6158406    -0.6461256    -0.6708048      -0.70147    -0.7416466    -0.7955288     -0.867915    -0.9914116     -0.848321     -0.751381    -0.6628499    -0.5824581    -0.5109499    -0.4447853    -0.3826611    -0.3234659     -0.266395     -0.210878
    -0.1565991    -0.1035826 -4.434976E-02     0.0164437      0.078536     0.1427672     0.2103749     0.2830212     0.3630003     0.4537059     0.5472143     0.6411119       0.75529       0.87679     0.9958875      1.147075      1.347524      1.627449      2.042449      1.651734
      1.333561      1.068025     0.8928326     0.7790323     0.7009249      0.644511     0.6019101      0.535731     0.4520372     0.3886358             0
