 51            10 
             0    -0.2562015    -0.2464743    -0.2382041    -0.2325306    -0.2267094    -0.2196882    -0.2125418    -0.2069029    -0.2021016    -0.1970022    -0.1902409    -0.1799112    -0.1675929     -0.154636    -0.1422287    -0.1305214    -0.1175576    -0.1035223 -8.853313E-02
    -0.0726433 -5.583686E-02 -3.954934E-02 -2.384656E-02  -7.37338E-03  8.526201E-03  2.368068E-02  3.911845E-02  5.467151E-02  7.019962E-02  8.366567E-02  9.509606E-02     0.1063993     0.1157099     0.1231013     0.1299768     0.1363314     0.1426156     0.1488205     0.1549373
     0.1624622     0.1727158     0.1839694     0.1947452     0.2050525     0.2143711     0.2226828     0.2382837     0.2653874     0.2882991             0
             0    -0.2617676    -0.2526966    -0.2452841    -0.2395649    -0.2332947     -0.225978    -0.2187983    -0.2132721    -0.2086403    -0.2037945    -0.1974568    -0.1879106    -0.1762863    -0.1636185    -0.1504042    -0.1374203    -0.1234408    -0.1087587 -9.347728E-02
 -7.767323E-02 -6.111158E-02 -4.446637E-02 -2.807434E-02 -1.093551E-02  5.904053E-03  2.212754E-02  3.848835E-02  5.481225E-02  7.096318E-02  8.476302E-02  9.634241E-02     0.1076787     0.1169694     0.1243724      0.131355     0.1378838     0.1443637     0.1507622     0.1570693
      0.164822      0.175274     0.1865993     0.1973239      0.207478     0.2168965     0.2254958     0.2415429     0.2682836     0.2903738             0
             0    -0.3398912    -0.3304321    -0.3221482    -0.3155705    -0.3081118     -0.299157    -0.2901295    -0.2830476    -0.2770402    -0.2706832    -0.2622792    -0.2494307    -0.2335215    -0.2159213    -0.1973761    -0.1789772    -0.1590706    -0.1380967    -0.1162264
 -9.359051E-02 -6.987428E-02 -4.606403E-02 -2.264618E-02  1.773968E-03  2.567498E-02     0.0485818  7.151756E-02  9.418675E-02      0.116347     0.1349933     0.1504215     0.1652794     0.1772276     0.1866163     0.1953428     0.2033644     0.2111842     0.2187596     0.2260763
     0.2348789     0.2463387     0.2581241     0.2686587     0.2780136     0.2861248     0.2930096     0.3049115     0.3199942     0.3243271             0
             0    -0.4174458    -0.4118915    -0.4054459    -0.3998325    -0.3927688    -0.3835766    -0.3736279    -0.3654517    -0.3583216    -0.3505855     -0.340127    -0.3236739    -0.3027197    -0.2790429    -0.2537982    -0.2285503    -0.2011896    -0.1723765    -0.1423673
    -0.1113589 -7.892314E-02 -4.639713E-02    -0.0144036  1.898097E-02  5.168432E-02  8.305741E-02     0.1144752      0.145482     0.1756691     0.2008582     0.2214874     0.2410654     0.2564983     0.2684264     0.2793046     0.2890683     0.2983338     0.3070397     0.3151642
     0.3245742     0.3360412     0.3466224        0.3549     0.3610984     0.3654292     0.3681578     0.3711536      0.367059     0.3507227             0
             0    -0.4808702    -0.4845507    -0.4839442     -0.482219    -0.4782808    -0.4714175     -0.462323    -0.4539558    -0.4462058    -0.4373654    -0.4249161    -0.4044081     -0.377332    -0.3461397    -0.3127249     -0.279371    -0.2435574     -0.206241    -0.1677406
    -0.1282762 -8.723406E-02 -4.619955E-02 -5.806326E-03  3.649389E-02     0.0781781      0.118524     0.1593447     0.2000707     0.2401183     0.2737613     0.3013305     0.3273534      0.347578     0.3629635     0.3766922     0.3886359     0.3995269     0.4092571     0.4177845
     0.4269376     0.4365293     0.4429954     0.4457377     0.4454625      0.442967     0.4389583      0.428771     0.4023591     0.3680533             0
             0    -0.5296621    -0.5472652    -0.5573707    -0.5636516    -0.5672433    -0.5672752    -0.5622881    -0.5552101    -0.5474576    -0.5375271    -0.5223886    -0.4956221     -0.459091    -0.4169707    -0.3725153    -0.3291039    -0.2836499    -0.2373763    -0.1905167
    -0.1431721 -9.441444E-02 -4.589815E-02  1.892458E-03  5.220608E-02     0.1022647     0.1514628     0.2022219     0.2540821     0.3064851     0.3517942     0.3896641      0.425943     0.4542569     0.4756318     0.4943364     0.5099998     0.5234259     0.5343219     0.5425708
     0.5496572     0.5532567     0.5497209     0.5411037     0.5293204     0.5161179     0.5027006      0.475888     0.4274194     0.3791483             0
             0    -0.5585487     -0.589866    -0.6133119    -0.6311258    -0.6477198    -0.6621945    -0.6681191    -0.6656299     -0.659027    -0.6474285    -0.6270119    -0.5881251    -0.5358137    -0.4784316    -0.4207009    -0.3668622    -0.3125795    -0.2589494    -0.2058144
    -0.1529594 -9.906757E-02 -4.569602E-02  6.894351E-03  6.252922E-02      0.118397     0.1741702     0.2329734     0.2948414     0.3598093     0.4188159     0.4703303     0.5220634     0.5642943     0.5968592     0.6255519     0.6491434      0.668021     0.6809117     0.6872119
     0.6875123     0.6755915     0.6516224     0.6240419     0.5962372     0.5703104     0.5472127     0.5053436     0.4412289     0.3848131             0
             0    -0.5719174    -0.6112941    -0.6441071    -0.6712379    -0.7005194    -0.7325841    -0.7561293    -0.7630889    -0.7594741    -0.7446727    -0.7145016    -0.6573359    -0.5868466    -0.5156266    -0.4477439    -0.3869947    -0.3274237    -0.2697173    -0.2133028
    -0.1576895    -0.1013009 -4.560193E-02  9.287779E-03  6.750348E-02     0.1262577     0.1854286     0.2486136     0.3163305     0.3893584     0.4583114     0.5210173      0.587424     0.6453804     0.6923591     0.7358522     0.7733043     0.8034362     0.8211199     0.8221922
     0.8076344     0.7697748     0.7206319       0.67458     0.6338084     0.5989463     0.5697826     0.5193288     0.4473975     0.3872595             0
             0    -0.5794209    -0.6238989    -0.6633207    -0.6977198    -0.7384664     -0.789889    -0.8393526    -0.8655668    -0.8702102    -0.8470328    -0.7974264    -0.7138669    -0.6236851      -0.54036    -0.4647262    -0.3992086    -0.3362179    -0.2759945    -0.2176209
    -0.1603982    -0.1025752 -4.554948E-02  1.065045E-02  7.034621E-02     0.1307769      0.191963     0.2578226     0.3292555     0.4076995     0.4838971     0.5555125      0.635054     0.7094871     0.7738662     0.8385674     0.9011021     0.9586738     0.9956211     0.9772897
       0.92745     0.8487771      0.771238      0.708403     0.6574609     0.6162562     0.5830868     0.5272781     0.4507976     0.3885863             0
             0    -0.5832953    -0.6306307    -0.6740988    -0.7133928    -0.7631065    -0.8333645    -0.9184344    -0.9869389     -1.026133    -0.9683422    -0.8763398    -0.7568344    -0.6476285    -0.5550556    -0.4742739    -0.4058749    -0.3409286     -0.279317    -0.2198888
     -0.161814    -0.1032396 -4.552262E-02  1.135979E-02  7.182981E-02      0.133145     0.1954099     0.2627307     0.3362554     0.4178876     0.4986562     0.5763897     0.6660947     0.7556814     0.8391299     0.9329553      1.043345      1.185483      1.375998      1.206003
      1.053265     0.9112468     0.8047785     0.7286484      0.670805     0.6256861      0.590193      0.531416     0.4525325     0.3892564             0
