 51            10 
             0    -0.2561644    -0.2470903    -0.2399126    -0.2342613    -0.2277523     -0.220391    -0.2132126    -0.2076966    -0.2030796    -0.1982616    -0.1919922    -0.1827102    -0.1713693    -0.1593469    -0.1467033    -0.1335007    -0.1197959    -0.1056539 -9.115613E-02
 -7.643531E-02 -6.192777E-02 -4.736124E-02 -2.967179E-02 -1.226999E-02  4.844604E-03  2.166588E-02  3.817436E-02  5.433455E-02  7.009551E-02  8.348021E-02  9.465329E-02     0.1054892     0.1142019     0.1209842     0.1275616     0.1339153     0.1400236     0.1458618     0.1514016
     0.1579139     0.1676106     0.1783599     0.1896165     0.2014335     0.2118894     0.2212237      0.237969     0.2655011     0.2882439             0
             0    -0.2613308    -0.2522103    -0.2449492    -0.2392452    -0.2326948    -0.2252709    -0.2180106    -0.2124187    -0.2077306    -0.2028293    -0.1964389    -0.1869485     -0.175316    -0.1629549    -0.1499607    -0.1364252    -0.1223512    -0.1077882 -9.282032E-02
 -7.758521E-02 -6.245416E-02 -4.608756E-02 -2.811541E-02 -1.070744E-02  6.446435E-03  2.337837E-02  4.008394E-02  5.652501E-02  7.264241E-02  8.640125E-02  9.794023E-02     0.1091973     0.1183198     0.1254683     0.1324576     0.1392793     0.1459245     0.1523761     0.1585964
     0.1659788     0.1765904      0.187778     0.1985727     0.2086947      0.217912     0.2264147     0.2420638     0.2684974     0.2902974             0
             0    -0.3392719     -0.329701    -0.3215456    -0.3149377    -0.3071213    -0.2980084     -0.288856     -0.281675    -0.2755841     -0.269146    -0.2606647    -0.2478889    -0.2319694     -0.214823    -0.1966047    -0.1774727    -0.1574605    -0.1366674    -0.1152403
 -9.340191E-02 -7.170866E-02 -4.826397E-02 -2.257173E-02  2.239871E-03  2.658977E-02  5.049203E-02  7.390261E-02  9.672382E-02     0.1188236     0.1373993     0.1527599     0.1675006     0.1792205     0.1882747     0.1969908     0.2053554     0.2133566     0.2209747     0.2281684
     0.2365182     0.2480622     0.2596309     0.2701174     0.2793586     0.2872062     0.2939256     0.3053403     0.3198851     0.3241403             0
             0    -0.4163351    -0.4103821    -0.4038071    -0.3979256     -0.390354    -0.3808405    -0.3706411    -0.3622919      -0.35503     -0.347178    -0.3366226    -0.3203028    -0.2994097    -0.2764798    -0.2518136    -0.2257351    -0.1983673    -0.1699004    -0.1405682
    -0.1106898      -0.08103    -0.0490085 -1.389309E-02  2.006249E-02  5.344047E-02  8.625369E-02     0.1184153     0.1497371     0.1799517     0.2051368     0.2257471     0.2452318     0.2604086     0.2719322     0.2827989     0.2929767     0.3024413     0.3111662     0.3191095
     0.3279572     0.3392861     0.3494395      0.357343     0.3631736     0.3670686     0.3694472     0.3717404     0.3667122     0.3504459             0
             0    -0.4789268     -0.481391     -0.479817    -0.4770829    -0.4721662    -0.4644445    -0.4547186    -0.4459929     -0.438018    -0.4290289    -0.4165232    -0.3964062    -0.3697591    -0.3400184    -0.3078404     -0.273906    -0.2385111    -0.2019653    -0.1645727
    -0.1266998    -0.0892462 -4.889122E-02 -4.555417E-03  3.852592E-02  8.120258E-02     0.1235868     0.1656335     0.2071127     0.2476088     0.2816548     0.3095634     0.3358234     0.3559901     0.3710504     0.3849166     0.3974828     0.4086692     0.4184172     0.4266827
     0.4350997     0.4439411     0.4493529     0.4508397     0.4494852     0.4460749     0.4412641     0.4298376     0.4018998     0.3677141             0
             0    -0.5266389    -0.5413994    -0.5485836    -0.5520315    -0.5531805    -0.5506486    -0.5437987    -0.5358142    -0.5276248    -0.5175781    -0.5027245    -0.4774069    -0.4427318    -0.4039037    -0.3623383    -0.3193049    -0.2752765    -0.2306055    -0.1855537
    -0.1404098 -9.606701E-02 -4.843536E-02  4.009767E-03  5.533393E-02     0.1067958     0.1587981     0.2115671     0.2650868      0.319036     0.3659694     0.4053762     0.4431694     0.4724315     0.4941592     0.5137811     0.5308776     0.5450906       0.55617     0.5640258
     0.5699314     0.5708988     0.5642825     0.5520399     0.5373341     0.5220416     0.5068654     0.4777286      0.426941     0.3787684             0
             0    -0.5545921    -0.5810221    -0.5984614    -0.6102147    -0.6209592    -0.6284132    -0.6287864    -0.6237206    -0.6161437    -0.6047823    -0.5861171    -0.5522574    -0.5059339    -0.4557292    -0.4039503    -0.3522176    -0.3008165    -0.2498361    -0.1992754
    -0.1491937    -0.1003432 -4.802738E-02  9.673411E-03  6.650397E-02     0.1241525     0.1834486     0.2451523     0.3099151     0.3782209     0.4411903     0.4968649     0.5533823      0.599691     0.6351287     0.6676666     0.6956954       0.71746     0.7314235     0.7369252
     0.7343503     0.7138427     0.6808339     0.6443142     0.6099264     0.5798507     0.5535803     0.5079517     0.4407753     0.3844125             0
             0    -0.5674531     -0.600583    -0.6249052      -0.64303    -0.6625202    -0.6814156    -0.6931356    -0.6944125    -0.6889175    -0.6751523    -0.6497322    -0.6039062    -0.5453468    -0.4855546    -0.4264853    -0.3692702    -0.3136355    -0.2592725    -0.2059023
    -0.1533888    -0.1023659 -4.781429E-02  1.240308E-02  7.191304E-02     0.1326604     0.1957686     0.2624196     0.3339022     0.4116974     0.4867605     0.5563897     0.6316378     0.6984169     0.7527699     0.8060476     0.8547261     0.8933443     0.9147873     0.9133343
     0.8906701     0.8322608     0.7643271     0.7029221     0.6518197     0.6109943     0.5775766     0.5223793     0.4469632     0.3868501             0
             0    -0.5746489    -0.6119649    -0.6410179     -0.663978    -0.6911204    -0.7225028    -0.7519103    -0.7685949    -0.7710473    -0.7491527    -0.7080908    -0.6442207    -0.5727143    -0.5047912    -0.4403526    -0.3794522    -0.3211399    -0.2647245    -0.2096973
    -0.1557769    -0.1035121 -4.768866E-02     0.0139624     0.0750116     0.1375664     0.2029488     0.2726454     0.3484485     0.4327237     0.5167807     0.5978036     0.6903245     0.7793027     0.8573784     0.9416706      1.028766      1.109057      1.159562      1.130346
      1.057288     0.9374866     0.8281166     0.7433026      0.678664     0.6300424     0.5918281     0.5306042     0.4503765      0.388172             0
             0    -0.5783563    -0.6179945    -0.6498854    -0.6760426    -0.7090943    -0.7530584    -0.8102443    -0.8703386    -0.9167495    -0.8508012    -0.7662066     -0.674368    -0.5900349    -0.5159542    -0.4480338    -0.3849461    -0.3251264    -0.2675926    -0.2116814
    -0.1570205    -0.1041071 -4.762197E-02  1.477579E-02  7.663114E-02     0.1401423     0.2067468     0.2781173     0.3563731     0.4445088     0.5343323      0.623336     0.7295364     0.8394514     0.9441914      1.072086      1.232483      1.438899      1.709452      1.464403
      1.241647      1.025527     0.8720839     0.7681333      0.694037     0.6405153     0.5994827     0.5348942     0.4521188     0.3888397             0
