 51            10 
             0    -0.1152251    -0.1189245    -0.1166778    -0.1142108    -0.1109465    -0.1069984    -0.1030131     -0.099905    -0.0972861 -9.453988E-02    -0.0909538 -8.562578E-02 -7.909703E-02 -7.216093E-02 -6.484926E-02     -0.057193 -4.922127E-02 -4.095991E-02 -3.242832E-02
 -2.363377E-02 -1.456308E-02 -5.183479E-03  4.372885E-03     0.0140077  2.364473E-02  3.322235E-02  4.268885E-02  5.199952E-02  6.111491E-02  6.888925E-02  7.540797E-02  8.176961E-02  8.693101E-02  9.098189E-02  9.495188E-02  9.883853E-02     0.1026397     0.1063533     0.1099778
      0.114395     0.1203365     0.1267504     0.1327825     0.1384303     0.1436933     0.1485726     0.1575677     0.1726942     0.1793692             0
             0    -0.1175655    -0.1214109    -0.1191632    -0.1166773    -0.1133778    -0.1093786     -0.105334    -0.1021753 -9.951144E-02 -9.671575E-02 -9.306213E-02 -8.762759E-02 -8.095949E-02 -7.386785E-02 -6.638623E-02 -5.854701E-02 -5.038013E-02    -0.0419124 -3.316509E-02
 -2.414826E-02    -0.0148521 -5.245876E-03  4.538205E-03  1.439944E-02  2.425928E-02  3.405388E-02  4.372935E-02  5.323881E-02  6.254061E-02  7.046533E-02  7.710371E-02  8.357502E-02  8.881889E-02  9.293077E-02  9.695666E-02      0.100894     0.1047406     0.1084945      0.112154
     0.1166084     0.1225889     0.1290281     0.1350675     0.1407061     0.1459449     0.1507869     0.1596849     0.1744984      0.180633             0
             0    -0.1542101    -0.1605468    -0.1583653     -0.155612    -0.1517582    -0.1469248    -0.1419048    -0.1379165    -0.1345179    -0.1309163    -0.1261669    -0.1190145    -0.1101116    -0.1005292 -9.032118E-02 -7.954297E-02 -6.824823E-02    -0.0564868 -4.430035E-02
 -3.171408E-02 -1.872418E-02 -5.297372E-03  8.363104E-03  2.209828E-02  3.577952E-02  4.929725E-02  6.255378E-02  7.545909E-02  8.792873E-02  9.838915E-02     0.1070297     0.1153165     0.1219065     0.1270021     0.1319158     0.1366431     0.1411802     0.1455246     0.1496744
     0.1546178     0.1610276     0.1675861     0.1734042     0.1785186     0.1829723     0.1868127     0.1933623     0.2016933     0.1980834             0
             0    -0.1898784    -0.2004257     -0.199387    -0.1970866    -0.1933526    -0.1882658    -0.1826607    -0.1780462    -0.1740323    -0.1696996    -0.1638915     -0.154957    -0.1435824    -0.1311358    -0.1177226    -0.1034521 -8.842726E-02 -7.273779E-02 -5.645311E-02
 -3.961071E-02 -2.220072E-02 -4.169098E-03  1.420803E-02  3.271762E-02  5.118533E-02  6.945535E-02  8.737643E-02      0.104793     0.1215403      0.135457     0.1468242     0.1575565     0.1659138     0.1722645     0.1782644     0.1839008      0.189164      0.194048     0.1985505
      0.203704     0.2099393     0.2156463     0.2200606     0.2233343     0.2256282     0.2270991     0.2286805     0.2263933     0.2115527             0
             0    -0.2183236    -0.2344118    -0.2357176    -0.2347568    -0.2320426    -0.2275367    -0.2219517    -0.2170527    -0.2126434    -0.2077444    -0.2010159    -0.1903616    -0.1764325     -0.160953    -0.1441493    -0.1262396    -0.1074112 -8.780853E-02 -6.752466E-02
 -4.659051E-02 -2.495964E-02 -2.518527E-03  2.042804E-02  4.366264E-02  6.701505E-02  9.032768E-02      0.113428      0.136106     0.1580968     0.1764486     0.1914129      0.205431     0.2161694     0.2241916     0.2315974     0.2383463     0.2444073     0.2497613     0.2544025
     0.2593226     0.2644284     0.2678114     0.2691538     0.2688982     0.2674589     0.2651884     0.2595432     0.2449555     0.2203753             0
             0     -0.239574    -0.2618881    -0.2665606    -0.2677914    -0.2670474    -0.2640559    -0.2591642     -0.254329    -0.2497193    -0.2443619    -0.2367433    -0.2242264    -0.2074156    -0.1885594    -0.1681166     -0.146479    -0.1239403    -0.1006917 -7.682414E-02
    -0.0523275 -2.708037E-02 -8.683233E-04  2.603393E-02  5.346896E-02  8.134231E-02     0.1095742     0.1380557     0.1666035       0.19491      0.219042     0.2389676     0.2577581     0.2721018     0.2826974     0.2922734     0.3007018     0.3078789     0.3137373     0.3182553
     0.3222625      0.324669     0.3234007     0.3192768     0.3133586      0.306482     0.2992392     0.2847796     0.2581588     0.2260179             0
             0    -0.2517669    -0.2790395    -0.2870093    -0.2906438    -0.2923576    -0.2915819    -0.2880231    -0.2836082    -0.2789971     -0.273284    -0.2647966    -0.2503105    -0.2305348    -0.2084443    -0.1847922    -0.1601235    -0.1347842    -0.1089546 -8.267905E-02
 -5.587785E-02 -2.834275E-02  2.424928E-04  2.966242E-02  5.984618E-02  9.080982E-02     0.1226065     0.1552795     0.1888058     0.2230176     0.2531766     0.2787482     0.3034844     0.3227399     0.3370334     0.3498703     0.3608927     0.3697718     0.3762678     0.3802931
      0.382363     0.3798755      0.371361     0.3598206     0.3471431     0.3344963     0.3225165     0.3004619     0.2654407     0.2288974             0
             0    -0.2573144    -0.2872081    -0.2971431    -0.3023368    -0.3058219    -0.3068715    -0.3046248    -0.3007283    -0.2962135    -0.2902448    -0.2810393    -0.2649567    -0.2430195    -0.2188073    -0.1932291    -0.1668665    -0.1400468    -0.1129101 -8.545323E-02
 -5.754637E-02 -2.892756E-02  7.777312E-04     0.0313921  6.289809E-02  9.538192E-02     0.1289877     0.1638763     0.2001756     0.2379044      0.271975     0.3015204      0.330864     0.3543776     0.3721465     0.3883176     0.4022193     0.4131196      0.420368     0.4236557
     0.4232179     0.4152651     0.4000454     0.3826182     0.3651952     0.3488728     0.3341033     0.3078685     0.2686937     0.2301407             0
             0       -0.2604    -0.2918633    -0.3030563    -0.3093045    -0.3140806    -0.3166105    -0.3156104    -0.3122976    -0.3079336    -0.3017264    -0.2918268    -0.2743406    -0.2507371    -0.2250391     -0.198201    -0.1707822    -0.1430705    -0.1151655    -0.0870265
 -5.848872E-02 -2.925575E-02  1.083014E-03  3.237466E-02  6.463564E-02  9.799748E-02     0.1326651     0.1688825     0.2068935     0.2468788      0.283597     0.3159885     0.3488854     0.3760228     0.3970088     0.4165938     0.4338175     0.4473965     0.4558207     0.4579223
     0.4540941     0.4401784     0.4189804     0.3969651     0.3761688      0.357397     0.3408544     0.3120647     0.2704867      0.230815             0
             0    -0.2619834    -0.2942919    -0.3061967    -0.3130706     -0.318669    -0.3222552    -0.3223292    -0.3196488    -0.3154984    -0.3090328    -0.2984446    -0.2798039    -0.2550488    -0.2284284    -0.2008582     -0.172851    -0.1446556    -0.1163415 -8.784373E-02
    -0.0589769 -2.942512E-02  1.242017E-03  3.288531E-02     0.0655401  9.936336E-02     0.1345951     0.1715291     0.2104823      0.251747      0.290034      0.324201     0.3594832     0.3893301     0.4129889       0.43583     0.4568665     0.4744334      0.485607     0.4849892
     0.4761478     0.4561048     0.4301833     0.4050547     0.3821706     0.3619677      0.344428     0.3142437     0.2714015     0.2311555             0
