 51            10 
             0    -0.2560398    -0.2469736    -0.2398009    -0.2341511    -0.2276412    -0.2202786    -0.2130995    -0.2075833    -0.2029666    -0.1981493    -0.1918813    -0.1826029    -0.1712684     -0.159254    -0.1466179    -0.1334219    -0.1197286    -0.1056094 -9.115244E-02
 -7.649226E-02 -6.228752E-02 -5.017604E-02 -3.000957E-02 -1.159905E-02  5.932366E-03  2.294024E-02  3.954993E-02  5.578537E-02  7.162628E-02  8.510806E-02  9.639827E-02      0.107404     0.1163232      0.123318     0.1301678     0.1368687     0.1434172     0.1498107     0.1560471
     0.1636444     0.1738617     0.1848918     0.1952683     0.2049836     0.2140314     0.2224149     0.2378724     0.2641732     0.2829374             0
             0    -0.2611473    -0.2520299    -0.2447861    -0.2390824    -0.2325121    -0.2250696    -0.2177953    -0.2121947    -0.2075005    -0.2025949    -0.1962024    -0.1867185    -0.1751041    -0.1627727    -0.1497987    -0.1362528    -0.1221819    -0.1076487 -9.274381E-02
 -7.761499E-02 -6.296376E-02 -4.526993E-02 -2.740311E-02 -9.930545E-03  7.384725E-03  2.448894E-02  4.132872E-02  5.784886E-02  7.399106E-02  8.773246E-02  9.923569E-02     0.1104399     0.1195085     0.1266124     0.1335595     0.1403446     0.1469631     0.1534116     0.1596882
     0.1673223     0.1775991      0.188684     0.1991155     0.2088762     0.2179151     0.2262516     0.2415648     0.2674032     0.2885755             0
             0     -0.339018    -0.3294372    -0.3212924    -0.3146793    -0.3068334    -0.2976922     -0.288518    -0.2813231    -0.2752229    -0.2687781    -0.2602935    -0.2475273    -0.2316366    -0.2145372    -0.1963539    -0.1772131    -0.1572098    -0.1364613    -0.1151233
 -9.343149E-02 -7.241251E-02 -4.703144E-02    -0.0214483   3.50119E-03  2.812732E-02  5.231923E-02  7.596168E-02  9.893163E-02     0.1210972     0.1396689     0.1549922     0.1696663     0.1813119     0.1903013     0.1989519      0.207254     0.2152001      0.222785     0.2300069
     0.2385856     0.2496999     0.2610416     0.2710768     0.2798685     0.2874452      0.293909     0.3048218     0.3185017     0.3221935             0
             0    -0.4159355    -0.4099004    -0.4032842    -0.3973686    -0.3897367    -0.3801641    -0.3699204    -0.3615454    -0.3542676     -0.346406     -0.335849    -0.3195544    -0.2987267    -0.2758932    -0.2513135    -0.2252546    -0.1979227     -0.169533    -0.1403293
    -0.1106424 -8.186646E-02 -4.705878E-02 -1.196224E-02     0.0223071  5.619054E-02  8.953363E-02     0.1221514     0.1538176     0.1842595     0.2095497     0.2301937     0.2496582     0.2647779     0.2762391     0.2870319     0.2971283     0.3065072     0.3151553     0.3230687
      0.332052     0.3427991     0.3524562     0.3597211      0.364925     0.3683323      0.370249     0.3716664     0.3652136     0.3482959             0
             0    -0.4783003    -0.4804742    -0.4786882    -0.4758167    -0.4707321    -0.4628458    -0.4530028    -0.4442182    -0.4362134    -0.4272145    -0.4147248    -0.3946959     -0.368236    -0.3387349    -0.3067929    -0.2729806     -0.237706    -0.2013123     -0.164116
    -0.1264927 -9.012033E-02 -4.609123E-02 -1.627721E-03  4.200395E-02  8.549151E-02     0.1287451     0.1715966     0.2137634     0.2548135     0.2892253     0.3173656     0.3437693     0.3639796     0.3790367     0.3928655     0.4053633     0.4164491     0.4260714     0.4342135
     0.4425678     0.4506384     0.4550903     0.4556482     0.4533903     0.4491188     0.4434996     0.4305951     0.4004615     0.3654419             0
             0    -0.5257282    -0.5397861     -0.546352    -0.5493774    -0.5500313    -0.5469906    -0.5397773    -0.5316279    -0.5233727    -0.5133339     -0.498584    -0.4735932    -0.4394852    -0.4012841    -0.3603186    -0.3176559    -0.2739316    -0.2295539    -0.1848079
    -0.1399936 -9.691536E-02 -4.481736E-02  7.905657E-03  6.002238E-02     0.1126204     0.1658777     0.2198805       0.27455     0.3295368     0.3772615     0.4172498     0.4555033     0.4850286     0.5068985     0.5265936     0.5436924     0.5578231     0.5687226     0.5762946
     0.5817273     0.5817536       0.57346     0.5599245     0.5439843     0.5273011     0.5108451     0.4794547     0.4256333      0.376426             0
             0    -0.5534397    -0.5786523    -0.5948281    -0.6056109     -0.615114    -0.6211311    -0.6203414    -0.6147293    -0.6069684    -0.5957198    -0.5775276    -0.5448005    -0.5000297    -0.4512676     -0.400728    -0.3497628    -0.2989243    -0.2484114    -0.1982759
     -0.148603    -0.1011483 -4.385952E-02  1.421898E-02  7.201132E-02     0.1310346     0.1918859     0.2551806     0.3215076     0.3913216     0.4555339     0.5121895     0.5695628     0.6164472     0.6522626     0.6850893     0.7133019     0.7350861     0.7488077     0.7536781
     0.7496706     0.7282301     0.6927689     0.6547232     0.6189357     0.5869548     0.5589641     0.5104061     0.4395756     0.3820375             0
             0      -0.56617    -0.5977424    -0.6202846    -0.6369112     -0.654283    -0.6703393    -0.6791898    -0.6788102    -0.6727439    -0.6594741    -0.6356355     -0.592663    -0.5371057    -0.4796745    -0.4224296    -0.3663025     -0.311417    -0.2576363    -0.2047645
    -0.1527057    -0.1031452 -4.338073E-02  1.726185E-02  7.781662E-02     0.1400587     0.2048769      0.273309     0.3465851     0.4261606     0.5027447     0.5736204     0.6500289     0.7177064     0.7727743     0.8268034     0.8762828     0.9155961     0.9371063     0.9340685
      0.907734      0.848188      0.777456     0.7145371     0.6621113     0.6190864     0.5836973     0.5252013     0.4458187     0.3844616             0
             0    -0.5732867    -0.6088172    -0.6357008    -0.6567079    -0.6808347    -0.7075271     -0.730785    -0.7427548    -0.7435284    -0.7232355    -0.6868149    -0.6290933     -0.562476    -0.4978355    -0.4357135    -0.3761449    -0.3187138    -0.2629575    -0.2084758
    -0.1550387    -0.1042753 -4.310326E-02  1.899991E-02     0.0811417      0.145261     0.2124448     0.2840366      0.361773     0.4479994     0.5337606     0.6162229     0.7101796     0.8004914     0.8799334     0.9662457      1.056559       1.14166      1.197128      1.160634
      1.076801     0.9539648     0.8417296     0.7555157     0.6897287      0.638729     0.5983874     0.5336406     0.4492641     0.3857764             0
             0    -0.5769513     -0.614671    -0.6441421    -0.6680116    -0.6972491    -0.7343261    -0.7796929    -0.8284804    -0.8754883    -0.8088663    -0.7355073    -0.6554986    -0.5782754    -0.5082872    -0.4430389    -0.3814421    -0.3225838    -0.2657537    -0.2104144
    -0.1562527    -0.1048615 -4.295737E-02  1.990644E-02  8.287939E-02     0.1479919     0.2164465     0.2897735      0.370039     0.4602211     0.5518571     0.6424313      0.750319     0.8621632     0.9694799       1.10255       1.27466      1.510054       1.86855      1.532868
      1.268519       1.04213     0.8857921     0.7805678     0.7055163     0.6495228     0.6062769     0.5380439     0.4510235     0.3864405             0
