 51            10 
             0  1.840415E-02  1.965384E-02  2.034042E-02  2.085649E-02  2.143872E-02  2.208869E-02  2.271603E-02     0.0231948  2.359383E-02  2.400857E-02  2.454622E-02  2.533815E-02  2.630032E-02  2.731631E-02  2.838257E-02  2.949533E-02  3.065061E-02  3.184425E-02  3.307191E-02
  3.432911E-02  3.561121E-02  3.691344E-02  3.823088E-02  3.955857E-02  4.089151E-02  4.222476E-02  4.355347E-02  4.487291E-02  4.617853E-02  4.730504E-02  4.825835E-02  4.919773E-02  4.996762E-02  5.057608E-02  5.117666E-02  5.176895E-02  5.235256E-02  5.292713E-02     0.0534923
  5.418658E-02  5.513199E-02  5.616993E-02  5.716332E-02  5.811047E-02  5.900991E-02  5.986046E-02     0.0614618  6.436763E-02  6.662111E-02             0
             0  1.827188E-02  1.952311E-02  2.021329E-02  2.073248E-02  2.131852E-02      0.021973  2.260491E-02  2.308728E-02  2.348936E-02  2.390732E-02  2.444922E-02  2.524755E-02     0.0262177     0.0272423  2.831777E-02  2.944028E-02  3.060579E-02  3.181008E-02  3.304873E-02
  3.431718E-02  3.561071E-02  3.692444E-02  3.825339E-02  3.959246E-02  4.093659E-02  4.228071E-02  4.361989E-02  4.494929E-02  4.626428E-02     0.0473984  4.835782E-02  4.930286E-02  5.007708E-02  5.068878E-02     0.0512924     0.0518875     0.0524737  5.305062E-02  5.361791E-02
  5.431458E-02  5.526273E-02  5.630291E-02  5.729772E-02  5.824549E-02  5.914482E-02  5.999461E-02  6.159325E-02  6.448733E-02  6.671593E-02             0
             0  1.621202E-02  1.748375E-02  1.822795E-02  1.879453E-02  1.943889E-02  2.016273E-02  2.086512E-02  2.140312E-02  2.185254E-02  2.232066E-02  2.292874E-02  2.382696E-02  2.492202E-02  2.608174E-02  2.730189E-02  2.857782E-02  2.990457E-02  3.127685E-02  3.268911E-02
  3.413552E-02  3.561001E-02  3.710629E-02  3.861783E-02  4.013797E-02  4.165997E-02  4.317715E-02  4.468293E-02  4.617089E-02  4.763488E-02  4.888977E-02  4.994593E-02  5.098046E-02  5.182287E-02  5.248562E-02  5.313666E-02  5.377553E-02     0.0544018  5.501505E-02  5.561494E-02
  5.634767E-02  5.733661E-02  5.840901E-02  5.942232E-02  6.037579E-02  6.126913E-02  6.210245E-02  6.364984E-02  6.634167E-02  6.816691E-02             0
             0  1.456944E-02  1.583348E-02     0.0166069     0.0172022  1.788474E-02  1.865676E-02  1.941057E-02  1.999044E-02  2.047612E-02     0.0209833     0.0216437  2.262248E-02  2.382049E-02  2.509356E-02  2.643675E-02  2.784461E-02  2.931123E-02  3.083032E-02  3.239527E-02
  3.399914E-02  3.563471E-02  3.729443E-02  3.897043E-02     0.0406546  4.233868E-02  4.401433E-02  4.567323E-02  4.730717E-02  4.890812E-02  5.027338E-02  5.141717E-02  5.253169E-02  5.343389E-02     0.0541406  5.483164E-02  5.550642E-02  5.616444E-02  5.680526E-02  5.742852E-02
  5.818526E-02  5.919704E-02  6.027984E-02  6.128906E-02  6.222549E-02  6.309057E-02  6.388623E-02  6.534312E-02     0.0677762  6.920919E-02             0
             0  1.346617E-02  1.470526E-02  1.548656E-02  1.609341E-02  1.679445E-02  1.759281E-02  1.837724E-02  1.898327E-02  1.949225E-02     0.0200251  2.072058E-02  2.175472E-02  2.302518E-02  2.437933E-02  2.581145E-02  2.731525E-02  2.888396E-02  3.051046E-02  3.218736E-02
      0.033907  3.566145E-02  3.744245E-02  3.924135E-02  4.104919E-02  4.285672E-02  4.465445E-02  4.643271E-02  4.818169E-02  4.989159E-02  5.134505E-02  5.255883E-02  5.373683E-02  5.468579E-02  5.542637E-02  5.614753E-02  5.684856E-02  5.752882E-02  5.818782E-02  5.882517E-02
  5.959446E-02  6.061349E-02  6.168989E-02  6.267986E-02  6.358629E-02  6.441285E-02  6.516361E-02  6.652188E-02  6.871878E-02  6.985618E-02             0
             0  1.274709E-02  1.395639E-02  1.473424E-02  1.534283E-02  1.605048E-02  1.686138E-02  1.766283E-02  1.828458E-02  1.880809E-02  1.935747E-02  2.007611E-02  2.114782E-02  2.246867E-02  2.387987E-02  2.537485E-02  2.694642E-02  2.858705E-02  3.028896E-02  3.204424E-02
  3.384485E-02  3.568256E-02  3.754885E-02  3.943478E-02  4.133107E-02  4.322803E-02  4.511559E-02  4.698327E-02  4.882014E-02  5.061487E-02  5.213824E-02  5.340799E-02  5.463696E-02     0.0556233  5.639068E-02  5.713526E-02  5.785606E-02  5.855229E-02  5.922332E-02  5.986876E-02
  6.064329E-02  6.165984E-02     0.0627201  6.368317E-02  6.455467E-02  6.534083E-02  6.604791E-02  6.731573E-02  6.932352E-02  7.025479E-02             0
             0  1.237509E-02     0.0135624     0.0143338  1.493996E-02  1.564775E-02  1.646224E-02  1.727068E-02  1.789977E-02  1.843048E-02  1.898841E-02  1.971943E-02  2.081187E-02  2.216112E-02  2.360465E-02  2.513509E-02  2.674461E-02  2.842513E-02  3.016854E-02     0.0319667
  3.381144E-02  3.569448E-02  3.760732E-02  3.954105E-02  4.148638E-02  4.343358E-02  4.537249E-02  4.729238E-02  4.918186E-02  5.102885E-02  5.259656E-02     0.0539026     0.0551652  5.617647E-02     0.0569617  5.772171E-02  5.845523E-02     0.0591612  5.983886E-02  6.048774E-02
  6.126269E-02  6.227224E-02  6.331504E-02      0.064254  6.509735E-02  6.585341E-02     0.0665299  6.773755E-02  6.963293E-02     0.0704532             0
             0  1.221349E-02     0.0133898  1.415727E-02  1.476152E-02  1.546845E-02  1.628364E-02  1.709453E-02  1.772657E-02  1.826032E-02  1.882199E-02  1.955855E-02  2.066048E-02  2.202283E-02  2.348122E-02  2.502787E-02  2.665458E-02  2.835306E-02  3.011503E-02  3.193229E-02
  3.379664E-02  3.569982E-02  3.763336E-02  3.958839E-02  4.155567E-02  4.352552E-02  4.548779E-02  4.743171E-02  4.934577E-02  5.121762E-02  5.280692E-02  5.413095E-02  5.541056E-02  5.643466E-02  5.722918E-02  5.799724E-02  5.873734E-02  5.944821E-02  6.012895E-02  6.077903E-02
  6.155322E-02  6.255747E-02  6.358942E-02  6.451464E-02  6.534284E-02  6.608336E-02     0.0667446  6.792306E-02  6.976668E-02  7.053798E-02             0
             0  1.212561E-02  1.329553E-02  1.406053E-02  1.466347E-02  1.536963E-02     0.0161849  1.699691E-02  1.763046E-02  1.816584E-02  1.872956E-02  1.946921E-02  2.057649E-02  2.194623E-02  2.341298E-02  2.496869E-02  2.660496E-02  2.831339E-02  3.008561E-02  3.191338E-02
  3.378851E-02  3.570276E-02  3.764768E-02  3.961443E-02  4.159383E-02  4.357622E-02  4.555149E-02  4.750885E-02  4.943679E-02  5.132283E-02     0.0529246  5.425916E-02  5.554888E-02  5.658075E-02  5.738093E-02  5.815395E-02  5.889811E-02  5.961198E-02  6.029449E-02     0.0609451
  6.171844E-02  6.271882E-02  6.374359E-02  6.466016E-02  6.547916E-02  6.621047E-02  6.686284E-02  6.802456E-02  6.983925E-02  7.058372E-02             0
             0  1.208114E-02     0.0132477  1.401134E-02  1.461352E-02  1.531918E-02  1.613437E-02  1.694686E-02  1.758113E-02  1.811731E-02  1.868208E-02  1.942332E-02     0.0205334      0.021907  2.337808E-02  2.493846E-02  2.657965E-02  2.829316E-02  3.007062E-02  3.190375E-02
  3.378438E-02  3.570426E-02  3.765497E-02     0.0396277  4.161328E-02     0.0436021  4.558403E-02  4.754834E-02  4.948346E-02     0.0513769  5.298526E-02  5.432544E-02  5.562063E-02  5.665676E-02     0.0574601  5.823592E-02  5.898239E-02  5.969796E-02  6.038145E-02  6.103224E-02
  6.180489E-02  6.280281E-02  6.382338E-02  6.473511E-02  6.554908E-02  6.627547E-02  6.692315E-02  6.807611E-02  6.987591E-02  7.060675E-02             0
