 51            10 
             0    -0.2559635     -0.246903    -0.2397331    -0.2340845    -0.2275751    -0.2202129    -0.2130342    -0.2075186    -0.2029025    -0.1980859    -0.1918191    -0.1825429    -0.1712117    -0.1592011    -0.1465689    -0.1333766    -0.1196885    -0.1055767 -9.112454E-02
 -7.641373E-02 -6.139566E-02 -4.418849E-02 -2.698935E-02 -9.866133E-03  7.115365E-03  2.389122E-02  4.039952E-02  5.658062E-02  7.237767E-02  8.581723E-02  9.706639E-02     0.1080258     0.1169024     0.1238612     0.1306732     0.1373346     0.1438418     0.1501919     0.1563821
     0.1639173     0.1740351     0.1849316     0.1951558     0.2047072     0.2135898     0.2218125     0.2369643     0.2627761     0.2843439             0
             0     -0.261048    -0.2519353    -0.2446973     -0.238994    -0.2324193    -0.2249719    -0.2176939    -0.2120912    -0.2073957    -0.2024895    -0.1960973    -0.1866165    -0.1750092    -0.1626876    -0.1497206    -0.1361755    -0.1221084    -0.1075861 -9.269505E-02
    -0.0775313 -6.207514E-02 -4.446102E-02 -2.683434E-02 -9.289038E-03   8.10621E-03  2.528494E-02  4.218266E-02  5.873672E-02  7.488661E-02  8.861364E-02     0.1000933     0.1112655     0.1203033     0.1273818     0.1343042     0.1410661     0.1476641     0.1540952      0.160357
     0.1679704     0.1781756     0.1891407     0.1994044     0.2089669     0.2178323     0.2260117     0.2410318     0.2663489     0.2870658             0
             0    -0.3388838    -0.3293041    -0.3211629    -0.3145483    -0.3066951     -0.297546    -0.2883658    -0.2811674     -0.275065    -0.2686191    -0.2601348    -0.2473733    -0.2314937    -0.2144099    -0.1962388    -0.1771011    -0.1571047    -0.1363724    -0.1150539
 -9.330931E-02 -7.112754E-02 -4.583697E-02 -2.056585E-02  4.522852E-03  2.929969E-02  5.363425E-02  7.739396E-02     0.1004438     0.1226474     0.1412174     0.1565194     0.1711556     0.1827595     0.1917119     0.2003236     0.2085864     0.2164937     0.2240414      0.231227
     0.2397562     0.2507522     0.2619081     0.2717097     0.2802316     0.2875606     0.2937941     0.3042745     0.3172088     0.3204947             0
             0    -0.4157407    -0.4096821     -0.403052    -0.3971245    -0.3894746    -0.3798839    -0.3696268    -0.3612446    -0.3539629    -0.3460996     -0.335544    -0.3192598    -0.2984561     -0.275655    -0.2511046    -0.2250608    -0.1977467    -0.1693847     -0.140209
    -0.1104434 -8.004543E-02 -4.526601E-02 -1.050033E-02  2.405632E-02  5.824343E-02  9.188036E-02     0.1247575     0.1566298     0.1872145     0.2125726     0.2332393     0.2526937     0.2677811     0.2792057     0.2899531      0.299997     0.3093179     0.3179038      0.325751
     0.3346424     0.3452049     0.3545663     0.3614877      0.366287     0.3692923     0.3708209     0.3715025     0.3638332     0.3464251             0
             0     -0.478019    -0.4800971    -0.4782399    -0.4753192    -0.4701788    -0.4622382    -0.4523573    -0.4435547    -0.4355416    -0.4265415    -0.4140601     -0.394064    -0.3676697    -0.3382502     -0.306387    -0.2726277    -0.2374016    -0.2010616    -0.1639117
    -0.1261879    -0.0877372    -0.0436383   5.13487E-04  4.461765E-02  8.860429E-02     0.1323519     0.1756593     0.2182141      0.259563     0.2941462     0.3223726     0.3488021     0.3689879     0.3840046      0.397776     0.4102034       0.42121     0.4307477     0.4388018
     0.4470412     0.4549155      0.458998     0.4591369     0.4563257     0.4514444     0.4452096     0.4311243     0.3991422     0.3634689             0
             0    -0.5253426    -0.5391619    -0.5455199     -0.548395    -0.5488786    -0.5456645    -0.5383279    -0.5301235     -0.521848    -0.5118154    -0.4971059    -0.4722325    -0.4383204    -0.4003343    -0.3595688    -0.3170482    -0.2734378    -0.2291627    -0.1844961
    -0.1395725 -9.402021E-02 -4.176131E-02  1.067386E-02  6.343533E-02     0.1167168     0.1706571     0.2252939     0.2804952     0.3358581     0.3837297     0.4237067     0.4618063     0.4910977     0.5127422     0.5321945     0.5490597     0.5629945     0.5737602      0.581275
     0.5867304     0.5869414     0.5786209     0.5649498     0.5485069     0.5310825     0.5137962     0.4807512       0.42443     0.3743949             0
             0    -0.5529671    -0.5777634    -0.5935142    -0.6039532    -0.6130221    -0.6185308    -0.6173065    -0.6114737    -0.6036369     -0.592447     -0.574459    -0.5421638    -0.4979411    -0.4496796    -0.3995557    -0.3488731    -0.2982397    -0.2478898     -0.197872
    -0.1480936 -9.791639E-02 -4.041381E-02  1.738733E-02  7.593033E-02     0.1357473     0.1973828     0.2613759     0.3282101     0.3981977     0.4621024     0.5180864     0.5742986     0.6197944     0.6543278      0.685796     0.7127333     0.7335446     0.7468309     0.7519446
      0.748969     0.7298872      0.696424     0.6596857     0.6240972     0.5915799     0.5627233     0.5122378      0.438464     0.3799795             0
             0    -0.5656506    -0.5966896     -0.618632    -0.6347259    -0.6513361    -0.6663027    -0.6738318    -0.6724294    -0.6658856    -0.6530756    -0.6302434    -0.5885946    -0.5341796    -0.4775901    -0.4209638    -0.3652334    -0.3106191    -0.2570412    -0.2043107
    -0.1521511 -9.975138E-02 -3.974992E-02  2.061838E-02  8.197174E-02     0.1450551     0.2106934     0.2798232     0.3535163     0.4329779     0.5086427     0.5778925     0.6515013     0.7155838     0.7670599     0.8168899     0.8619459     0.8974417     0.9171162     0.9156806
      0.893982      0.842374     0.7777005     0.7183638     0.6671671     0.6239735     0.5877963     0.5272892     0.4447531     0.3823926             0
             0    -0.5727392    -0.6076576    -0.6338088    -0.6541143    -0.6771106    -0.7017689    -0.7212474    -0.7281622    -0.7248801    -0.7086254    -0.6772445     -0.623309    -0.5587882    -0.4953665    -0.4340408    -0.3749569    -0.3178437    -0.2623167    -0.2079918
    -0.1544577    -0.1007891 -3.936753E-02  2.246247E-02     0.0854292     0.1504149     0.2184345     0.2907107     0.3687782      0.454633     0.5389008     0.6187631     0.7080415     0.7917875     0.8640158     0.9407737      1.019175      1.091205      1.137021      1.109717
      1.042024     0.9382865     0.8380077     0.7580013     0.6944968     0.6436927     0.6026563     0.5358732     0.4482251     0.3837016             0
             0    -0.5763885    -0.6134503    -0.6421022    -0.6651384     -0.692866    -0.7264282    -0.7613522    -0.7847927    -0.7916761    -0.7651615    -0.7171351    -0.6475794    -0.5739393    -0.5055538    -0.4412386    -0.3801848     -0.321673     -0.265088    -0.2099142
    -0.1556576    -0.1013271    -0.0391672  2.342379E-02  8.723505E-02     0.1532262     0.2225228     0.2965218     0.3770575     0.4666859     0.5563985      0.643576     0.7450483     0.8470521     0.9423598      1.056937      1.199914      1.386918      1.645816       1.40823
      1.201959      1.015496     0.8784229     0.7819079     0.7100065      0.654489     0.6106226      0.540351     0.4499983     0.3843628             0
