 51            10 
             0    -0.2271841    -0.2204499    -0.2147692    -0.2102224    -0.2049266    -0.1988955     -0.192989    -0.1884406    -0.1846294    -0.1806486    -0.1754644    -0.1677802    -0.1583753    -0.1496339    -0.1416594    -0.1332657    -0.1208138    -0.1070582 -9.318601E-02
    -0.0784682 -6.324514E-02 -4.755858E-02 -3.150608E-02 -1.528323E-02  1.194368E-03  1.794529E-02  3.494159E-02  5.119611E-02  6.638696E-02  7.954028E-02  9.059215E-02     0.1013703      0.110128     0.1170417     0.1239035     0.1307372     0.1375384     0.1443362     0.1507082
     0.1580651     0.1684442     0.1796809     0.1900765     0.2001854     0.2099043     0.2190562      0.236251     0.2642437     0.2878228             0
             0    -0.2303148    -0.2235778    -0.2178773    -0.2133091     -0.207982    -0.2019076    -0.1959503    -0.1913572    -0.1875053    -0.1834781    -0.1782279     -0.170432    -0.1608619    -0.1519313    -0.1437261    -0.1350061    -0.1222204    -0.1081237 -9.388389E-02
 -7.874858E-02 -6.307256E-02 -4.691609E-02 -3.039668E-02 -1.371541E-02  3.202252E-03     0.0203651  3.775803E-02  5.437093E-02  6.990286E-02  8.336025E-02  9.467315E-02     0.1057082     0.1146709     0.1217405     0.1287485     0.1357152      0.142637     0.1495444     0.1560099
     0.1634791     0.1739694     0.1852708     0.1956869      0.205757     0.2153365     0.2242439     0.2408549     0.2679023     0.2901332             0
             0    -0.2798434    -0.2733524    -0.2675612    -0.2628328    -0.2572249    -0.2507278    -0.2442575    -0.2392123    -0.2349496    -0.2304598    -0.2245634    -0.2157111    -0.2046836    -0.1942406    -0.1844907    -0.1739616    -0.1565601    -0.1367579     -0.116519
 -9.490071E-02 -7.246872E-02 -4.935033E-02 -2.574655E-02 -1.976759E-03  2.203179E-02     0.0462556  7.062925E-02  9.370571E-02     0.1150219     0.1332231     0.1483215     0.1628188     0.1743772     0.1833679     0.1921461     0.2007322     0.2091161     0.2173304     0.2248744
     0.2333971     0.2449541     0.2568002     0.2671002     0.2764417     0.2847475     0.2919384     0.3043918     0.3199176     0.3241627             0
             0    -0.3223937    -0.3175422    -0.3126704    -0.3085468    -0.3035063    -0.2975098     -0.291395    -0.2865501    -0.2824155    -0.2780193    -0.2721937    -0.2633358    -0.2521249     -0.241343    -0.2311326    -0.2199192    -0.1973671    -0.1706702     -0.143083
    -0.1135268    -0.0828485 -5.124444E-02 -1.898701E-02  1.349915E-02  4.632341E-02     0.0794506     0.1127695     0.1442571     0.1732153     0.1977386     0.2178818     0.2369544     0.2518728     0.2632928     0.2742355     0.2847089     0.2946857     0.3041923     0.3126622
     0.3218839     0.3336084     0.3444884     0.3528087     0.3592332     0.3638969      0.366978     0.3705877     0.3672039     0.3505784             0
             0    -0.3527183    -0.3502933     -0.346979     -0.343961    -0.3400574    -0.3351931    -0.3300403    -0.3258615    -0.3222492    -0.3183662    -0.3131746    -0.3052023    -0.2950371    -0.2852361    -0.2760628    -0.2660432    -0.2384838    -0.2045359    -0.1693146
    -0.1316975 -9.281562E-02 -5.287537E-02 -1.213059E-02  2.899328E-02  7.074791E-02     0.1131856     0.1562388     0.1972839       0.23537     0.2677955     0.2944244      0.319496     0.3388433     0.3534358     0.3671365     0.3798999     0.3916462     0.4023706     0.4114516
     0.4207084     0.4309884     0.4383767     0.4419045     0.4424817     0.4407185     0.4372509     0.4279282     0.4026281     0.3679095             0
             0    -0.3734269    -0.3736591    -0.3721956    -0.3705382    -0.3680738    -0.3646665    -0.3607522    -0.3574252    -0.3544784    -0.3512512    -0.3468808    -0.3401128    -0.3315563    -0.3235404     -0.316655    -0.3097749    -0.2773004    -0.2359152     -0.193194
    -0.1480049    -0.1016941 -5.437382E-02 -6.152789E-03  4.268422E-02     0.0926709     0.1441091     0.1971685     0.2487457     0.2977849     0.3405436     0.3762066     0.4101438      0.436363     0.4559793     0.4740681     0.4903859      0.504667     0.5167807      0.526044
     0.5341702     0.5398598     0.5390499     0.5331491     0.5237378     0.5122441       0.49987     0.4745397     0.4277334     0.3789977             0
             0    -0.3845339    -0.3867931    -0.3868984    -0.3864585    -0.3853448    -0.3833393    -0.3805849    -0.3779939    -0.3755754    -0.3728186    -0.3689858    -0.3629617     -0.355521    -0.3490162    -0.3445431    -0.3414934    -0.3050385    -0.2576994    -0.2093729
    -0.1588546    -0.1075538 -5.541644E-02 -2.349575E-03  5.156611E-02     0.1071831      0.165145      0.226035     0.2866352     0.3462158     0.4002585      0.446858      0.492753     0.5292992     0.5569711     0.5824896     0.6049941     0.6235673     0.6375593     0.6461267
     0.6508527     0.6460335     0.6298348      0.609263     0.5867192     0.5641946     0.5429683     0.5034695     0.4415412     0.3846559             0
             0    -0.3894398    -0.3927499    -0.3937372    -0.3940247    -0.3937765    -0.3927368    -0.3908154    -0.3887185    -0.3866028     -0.384044    -0.3803577    -0.3744678    -0.3673682    -0.3615493    -0.3584571    -0.3578374    -0.3191336     -0.268551    -0.2173108
    -0.1641206    -0.1103837    -0.0559316 -5.454181E-04  5.582181E-02     0.1142142     0.1755004     0.2405693     0.3062783     0.3723502     0.4341002     0.4889443     0.5449693     0.5915295     0.6278102     0.6621094     0.6926162     0.7170903      0.733465     0.7402185
     0.7394944     0.7204311     0.6874809     0.6537754     0.6211954     0.5912321     0.5646045      0.517148     0.4477027     0.3870989             0
             0    -0.3921297    -0.3960636    -0.3976015    -0.3983643    -0.3987188     -0.398414    -0.3972023    -0.3955452    -0.3936643    -0.3911614    -0.3874076    -0.3813726    -0.3743079    -0.3688219    -0.3665762    -0.3675466    -0.3274307    -0.2748656    -0.2218911
    -0.1671415    -0.1120025 -5.622946E-02  4.776158E-04  5.824726E-02      0.118245     0.1814882     0.2490794     0.3179759     0.3883019     0.4554421     0.5164627     0.5807812     0.6365468     0.6815583      0.725852     0.7667189     0.7999941     0.8203773     0.8231289
     0.8137781      0.776985     0.7273993     0.6826257     0.6425167     0.6074181     0.5772828     0.5249053     0.4510972     0.3884236             0
             0    -0.3934979    -0.3977658    -0.3996104    -0.4006501    -0.4013804    -0.4015907    -0.4009884    -0.3998119    -0.3982142    -0.3955811    -0.3915429    -0.3851966    -0.3780248    -0.3726675    -0.3708796    -0.3727589    -0.3318524    -0.2782026    -0.2242972
     -0.168722    -0.1128478 -5.638602E-02  1.008831E-03  5.951088E-02     0.1203533     0.1846385     0.2535968     0.3242632     0.3970425     0.4674635      0.532487     0.6026687     0.6657981     0.7186724     0.7734251      0.827422     0.8752184     0.9059362     0.8974964
     0.8734083     0.8162063     0.7521598     0.6993416     0.6543536     0.6161659     0.5840243     0.5289369     0.4528286     0.3890926             0
