 51            10 
             0  -1.41809E-03  1.449591E-04  1.338207E-03  2.269864E-03  3.335912E-03  4.533715E-03  5.694114E-03  6.581478E-03  7.321869E-03  8.092155E-03  9.091586E-03  1.056539E-02  1.235835E-02  1.425365E-02  1.624455E-02  1.832387E-02  2.048406E-02     0.0227172  2.501505E-02
     0.0273691  2.977055E-02  3.221033E-02  3.467903E-02     0.0371671  3.966501E-02  4.216331E-02  4.465273E-02  4.712427E-02  4.956929E-02  5.167821E-02  5.346243E-02  5.522005E-02  5.666009E-02  5.779793E-02  5.892077E-02  6.002786E-02  6.111846E-02  6.219188E-02  6.324746E-02
  6.454385E-02  6.630842E-02  6.824461E-02  7.009666E-02     0.0718615  7.353654E-02  7.511973E-02  7.809923E-02  8.351085E-02  8.853124E-02             0
             0 -1.685995E-03 -1.149598E-04   1.08573E-03   2.02361E-03  3.097199E-03  4.303905E-03  5.473314E-03  6.367773E-03   7.11419E-03  7.890853E-03  8.898689E-03  1.038516E-02  1.219393E-02     0.0141063  1.611546E-02  1.821412E-02     0.0203946  2.264887E-02  2.496854E-02
  2.734493E-02  2.976907E-02     0.0322317  3.472323E-02  3.723393E-02  3.975406E-02  4.227395E-02  4.478415E-02  4.727549E-02     0.0497391  5.186313E-02  5.365945E-02     0.0554283  5.687692E-02     0.0580212  5.915005E-02  6.026269E-02     0.0613584  6.243647E-02  6.349625E-02
  6.479733E-02  6.656728E-02  6.850787E-02  7.036265E-02  7.212864E-02  7.380338E-02  7.538497E-02  7.835896E-02     0.0837469  8.871872E-02             0
             0 -5.858967E-03  -4.17084E-03 -2.858246E-03 -1.825997E-03 -6.372003E-04  7.063771E-04  2.014997E-03  3.019427E-03  3.859446E-03  4.735322E-03  5.874145E-03  7.558451E-03  9.614746E-03  1.179505E-02  1.409121E-02  1.649433E-02  1.899488E-02  2.158272E-02  2.424718E-02
  2.697708E-02  2.976082E-02  3.258627E-02     0.0354408  3.831147E-02  4.118527E-02  4.404924E-02  4.689066E-02  4.969716E-02  5.245686E-02  5.482081E-02  5.680922E-02  5.875567E-02  6.033954E-02  6.158497E-02  6.280778E-02  6.400706E-02  6.518198E-02     0.0663318  6.745585E-02
  6.882794E-02  7.067791E-02  7.268116E-02  7.457121E-02  7.634695E-02  7.800812E-02     0.0795553     0.0824241  8.740363E-02  9.158628E-02             0
             0  -9.19732E-03 -7.465616E-03 -6.092244E-03  -5.00325E-03 -3.739534E-03 -2.301177E-03 -8.910677E-04  1.961736E-04  1.108034E-03  2.061383E-03  3.304097E-03  5.148572E-03  7.409853E-03  9.816057E-03  1.235763E-02  1.502401E-02  1.780375E-02  2.068471E-02  2.365409E-02
  2.669853E-02     0.0298041  3.295624E-02     0.0361396  3.933836E-02     0.0425364  4.571749E-02     0.0488654  5.196412E-02  5.499803E-02  5.758288E-02  5.974665E-02  6.185305E-02  6.355634E-02  6.488954E-02  6.619206E-02  6.746281E-02  6.870082E-02  6.990526E-02  7.107543E-02
  7.249464E-02  7.438883E-02  7.641091E-02  7.829063E-02  8.002999E-02  8.163232E-02  8.310189E-02  8.578537E-02  9.024052E-02  9.364883E-02             0
             0 -1.144594E-02 -9.726903E-03 -8.337527E-03 -7.226732E-03 -5.927696E-03  -4.43829E-03 -2.968123E-03 -1.829194E-03 -8.711652E-04  1.332308E-04   1.44587E-03  3.400989E-03  5.807507E-03  8.376467E-03     0.0110967  1.395586E-02  1.694073E-02  2.003746E-02  2.323168E-02
  2.650862E-02      0.029853  3.324886E-02  3.667936E-02  4.012695E-02  4.357358E-02  4.700072E-02  5.038947E-02  5.372062E-02  5.697484E-02  5.973823E-02  6.204371E-02  6.427862E-02     0.0660765  6.747812E-02  6.884141E-02  7.016492E-02  7.144746E-02  7.268805E-02  7.388597E-02
  7.532944E-02  7.723632E-02  7.924283E-02  8.108077E-02  8.275664E-02  8.427842E-02  8.565485E-02  8.813487E-02  9.210883E-02  9.493033E-02             0
             0     -0.012915 -1.123358E-02 -9.852526E-03 -8.740257E-03 -7.430209E-03 -5.917725E-03 -4.414804E-03 -3.245055E-03 -2.258248E-03 -1.220885E-03  1.381984E-04  2.169137E-03  4.677751E-03  7.362516E-03     0.0102103  1.320687E-02  1.633736E-02  1.958656E-02  2.293912E-02
  2.637952E-02  2.989195E-02  3.346001E-02  3.706637E-02     0.0406929  4.432077E-02  4.793036E-02  5.150122E-02  5.501192E-02  5.844011E-02  6.134735E-02  6.376831E-02  6.610857E-02  6.798378E-02  6.944078E-02  7.085234E-02  7.221646E-02     0.0735315  7.479624E-02  7.600988E-02
  7.746263E-02  7.936171E-02  8.133139E-02  8.311035E-02  8.471109E-02  8.614711E-02  8.743174E-02  8.972316E-02     0.0933096  9.572032E-02             0
             0 -1.367641E-02 -1.202917E-02 -1.066307E-02 -9.557752E-03 -8.249754E-03 -6.732249E-03 -5.216782E-03 -4.032944E-03 -3.031954E-03 -1.977432E-03 -5.932066E-04  1.480356E-03  4.047668E-03   6.79921E-03  9.720042E-03  1.279444E-02  1.600645E-02  1.934015E-02  2.277979E-02
  2.630965E-02  2.991395E-02  3.357638E-02     0.0372797     0.0410059  4.473619E-02  4.845088E-02  5.212915E-02  5.574881E-02     0.0592861  6.228682E-02  6.478486E-02  6.719712E-02  6.912604E-02  7.062162E-02  7.206653E-02  7.345799E-02     0.0747937  7.607202E-02      0.077292
  7.874383E-02  8.062468E-02  8.255312E-02  8.427729E-02     0.0858157  8.718631E-02  8.840551E-02  9.056988E-02  9.392473E-02  9.611372E-02             0
             0 -1.400745E-02 -1.237836E-02 -1.102147E-02  -9.92129E-03 -8.616538E-03 -7.099183E-03 -5.579887E-03 -4.390614E-03  -3.38369E-03 -2.321599E-03 -9.259044E-04  1.167607E-03  3.762556E-03     0.0065453  9.499874E-03  1.260982E-02  1.585872E-02  1.923037E-02  2.270891E-02
  2.627863E-02  2.992379E-02  3.362824E-02  3.737485E-02  4.114578E-02  4.492238E-02  4.868507E-02  5.241305E-02  5.608405E-02  5.967388E-02  6.272093E-02  6.525814E-02  6.770804E-02  6.966586E-02  7.118256E-02  7.264592E-02  7.405248E-02  7.539929E-02  7.668417E-02  7.790601E-02
  7.935458E-02  8.122082E-02  8.312226E-02  8.481403E-02  8.631803E-02  8.765434E-02  8.884056E-02  9.094285E-02     0.0941908  9.628183E-02             0
             0 -1.418756E-02 -1.256927E-02    -0.0112182 -1.012151E-02 -8.819341E-03 -7.302963E-03 -5.782282E-03  -4.59037E-03 -3.580319E-03  -2.51404E-03 -1.111829E-03  9.931824E-04  3.604006E-03  6.404496E-03  9.378077E-03  1.250789E-02  1.577728E-02  1.916992E-02  2.266991E-02
  2.626156E-02  2.992921E-02  3.365678E-02  3.742725E-02  4.122289E-02  4.502517E-02  4.881461E-02  5.257051E-02  5.627061E-02  5.989063E-02  6.296477E-02     0.0655253  6.799812E-02  6.997406E-02  7.150427E-02  7.297967E-02  7.439625E-02  7.575039E-02  7.703932E-02  7.826164E-02
     0.0797067  8.156148E-02  8.344425E-02     0.0851151  8.659786E-02  8.791363E-02  8.908054E-02  9.114708E-02     0.0943352  9.637253E-02             0
             0 -1.427871E-02    -0.0126662 -1.131836E-02 -1.022369E-02 -8.923154E-03  -7.40767E-03 -5.886655E-03 -4.693594E-03 -3.682022E-03 -2.613572E-03 -1.207888E-03  9.032918E-04  3.522532E-03  6.332316E-03  9.315759E-03  1.245582E-02  1.573572E-02     0.0191391  2.265003E-02
  2.625287E-02  2.993197E-02  3.367132E-02  3.745397E-02  4.126223E-02  4.507766E-02  4.888085E-02  5.265117E-02     0.0563664  6.000227E-02  6.309085E-02  6.566398E-02  6.814948E-02  7.013575E-02  7.167388E-02  7.315662E-02  7.457953E-02  7.593846E-02  7.722995E-02  7.845197E-02
  7.989384E-02  8.174059E-02  8.361188E-02  8.527073E-02  8.674173E-02  8.804642E-02  8.920307E-02  9.125087E-02  9.440817E-02     0.0964182             0
