 51            10 
             0    -0.2562446    -0.2471663    -0.2399849    -0.2343331    -0.2278263    -0.2204675     -0.213291    -0.2077759    -0.2031594    -0.1983415    -0.1920715     -0.182787    -0.1714411     -0.159412    -0.1467625    -0.1335556    -0.1198408    -0.1056734 -9.110914E-02
 -7.617971E-02 -6.079718E-02 -4.427731E-02 -2.766793E-02 -1.103407E-02  5.547679E-03  2.200986E-02  3.830004E-02  5.436488E-02     0.0701475  8.365986E-02  9.502456E-02      0.106152      0.115213     0.1223441     0.1293546      0.136244     0.1430135     0.1496661     0.1562052
     0.1642423     0.1747356     0.1858969     0.1962398     0.2057247     0.2146831      0.223076     0.2386887     0.2656659     0.2885516             0
             0    -0.2614993    -0.2523835    -0.2450945    -0.2393882    -0.2328752    -0.2254789     -0.218239    -0.2126612    -0.2079833    -0.2030905    -0.1967061    -0.1872077    -0.1755535    -0.1631463    -0.1501195    -0.1366198     -0.122551    -0.1079522 -9.288965E-02
 -7.742415E-02 -6.152824E-02 -4.476735E-02    -0.0278015 -1.074742E-02  6.205077E-03  2.295565E-02  3.953927E-02  5.591704E-02  7.201714E-02  8.578497E-02  9.734493E-02     0.1086383     0.1178062     0.1249964     0.1320234     0.1388822     0.1455921     0.1521673     0.1586225
     0.1665656     0.1770456     0.1883054     0.1988693     0.2086316        0.2178      0.226307     0.2420115     0.2685395     0.2904401             0
             0    -0.3395103    -0.3299623    -0.3217873    -0.3151831    -0.3074185    -0.2983465    -0.2892257    -0.2820661    -0.2759909    -0.2695655    -0.2610933    -0.2483059    -0.2323519    -0.2151341     -0.196861    -0.1777715    -0.1577611    -0.1369143    -0.1153528
 -9.318984E-02 -7.041355E-02 -4.643375E-02 -2.219737E-02  2.100987E-03  2.616007E-02  4.980177E-02  7.303706E-02     0.0957664     0.1178392     0.1364246     0.1518114     0.1665978     0.1783748      0.187481     0.1962432     0.2046509     0.2127253     0.2204821      0.227938
       0.23691     0.2483374     0.2599694     0.2702754     0.2792039     0.2870348      0.293784     0.3052946     0.3199975     0.3243185             0
             0    -0.4167404    -0.4109029    -0.4043783    -0.3985333     -0.391053    -0.3816211    -0.3714841    -0.3631732    -0.3559369     -0.348103    -0.3375565     -0.321207    -0.3002314    -0.2771636    -0.2523682    -0.2263078     -0.198912    -0.1703506    -0.1408233
    -0.1105028    -0.0793823 -4.666794E-02 -1.357065E-02  1.965372E-02  5.260088E-02  8.501559E-02     0.1168877     0.1480282     0.1781469      0.203294     0.2238981     0.2434074     0.2586355     0.2702127     0.2811308     0.2913565     0.3009043     0.3097859     0.3180176
     0.3275285     0.3388402     0.3490806     0.3569818     0.3626887     0.3666629     0.3691369     0.3716176     0.3668653     0.3506544             0
             0    -0.4796063    -0.4824512    -0.4811574    -0.4785821     -0.473891    -0.4663886    -0.4568212    -0.4481787    -0.4402496    -0.4312817    -0.4187653    -0.3985407    -0.3716509    -0.3415875    -0.3090702    -0.2750378    -0.2395135    -0.2027781    -0.1650916
    -0.1266396     -0.087355 -4.617482E-02 -4.420823E-03  3.768954E-02     0.0797535     0.1215331     0.1630797     0.2041611     0.2443347     0.2781325     0.3058532      0.331966      0.352062     0.3670953      0.380951     0.3935139     0.4047536     0.4146523      0.423217
     0.4323054     0.4414693     0.4471647     0.4491686     0.4481961     0.4451188     0.4405652      0.429535     0.4020579     0.3679418             0
             0    -0.5276698     -0.543337    -0.5513455    -0.5552983     -0.557085    -0.5552163    -0.5488423    -0.5410787     -0.532984    -0.5229403    -0.5079715    -0.4822473    -0.4468311    -0.4071856    -0.3647808    -0.3213521    -0.2769672    -0.2319268    -0.1864298
     -0.140548 -9.403516E-02 -4.547323E-02  3.885158E-03  5.399804E-02     0.1046277     0.1557394     0.2076581     0.2603424     0.3134117     0.3594774     0.3980818     0.4350501     0.4636641      0.484925     0.5041447     0.5208991     0.5349249     0.5460348     0.5541742
     0.5607722     0.5632172     0.5578055      0.547507     0.5344195     0.5200632     0.5054963     0.4771598     0.4270823     0.3790077             0
             0    -0.5559253    -0.5839203    -0.6030468    -0.6159822     -0.628301     -0.637578    -0.6393772     -0.634957    -0.6276058    -0.6161428    -0.5969633    -0.5617467    -0.5134298    -0.4613776    -0.4078978    -0.3552874    -0.3032075    -0.2516355    -0.2004687
    -0.1495115 -9.825698E-02 -4.494579E-02  9.336079E-03  6.477712E-02     0.1213997     0.1795188     0.2399616     0.3032791      0.369776     0.4306335     0.4840655     0.5378824     0.5816292     0.6149496     0.6454201     0.6715562     0.6919532     0.7053497     0.7111608
     0.7097393     0.6945874     0.6661527     0.6348965     0.6045684     0.5765166     0.5514113     0.5071253     0.4408963     0.3846573             0
             0    -0.5689504    -0.6040813    -0.6307806    -0.6507361     -0.672862    -0.6951597    -0.7098995    -0.7126386     -0.707653    -0.6935142    -0.6667719    -0.6179774     -0.555764    -0.4930115    -0.4314723    -0.3729903    -0.3164442    -0.2613433    -0.2072694
    -0.1538042    -0.1002612 -4.468327E-02  1.195498E-02      0.069984     0.1295975      0.191358     0.2564806     0.3260759     0.4012948     0.4730447     0.5388196     0.6088858     0.6700388      0.719233     0.7668892     0.8099089     0.8439375     0.8631667     0.8626288
     0.8432983     0.7980903     0.7409171     0.6889435     0.6444678     0.6066734     0.5748738     0.5214037     0.4470726     0.3870972             0
             0    -0.5762457    -0.6158552    -0.6478027    -0.6731405    -0.7039302    -0.7404618    -0.7750431    -0.7948101     -0.799401    -0.7755091     -0.731506    -0.6624905    -0.5855172    -0.5135974     -0.446063    -0.3836019    -0.3242145    -0.2669633    -0.2111701
    -0.1562513    -0.1013989 -4.453153E-02  1.344882E-02  7.296315E-02     0.1343178     0.1982441     0.2662345     0.3398381     0.4209539     0.5006912     0.5763639     0.6610942     0.7406788     0.8093217      0.882185     0.9563576      1.024543      1.068231      1.043023
     0.9799464     0.8863356     0.7964042     0.7254285     0.6697722     0.6250159     0.5887637     0.5295352     0.4504786     0.3884203             0
             0     -0.580007    -0.6221093    -0.6572246    -0.6861465     -0.723647    -0.7743719     -0.839547    -0.9103505    -0.9956696    -0.8909558    -0.7957913    -0.6959711    -0.6045139    -0.5256286     -0.454181    -0.3893442    -0.3283502     -0.269924    -0.2132115
    -0.1575267    -0.1019901    -0.0444519  1.422734E-02  7.451906E-02     0.1367938     0.2018814     0.2714427     0.3473104      0.431912     0.5167134     0.5992199     0.6953734     0.7920775     0.8823546     0.9906563      1.125399      1.301923      1.547944      1.322559
      1.128045     0.9572859     0.8335822     0.7474176     0.6841284     0.6350542     0.5962054     0.5337733     0.4522171     0.3890886             0
