 51            10 
             0  3.906291E-02  3.925215E-02  3.936946E-02      0.039455  3.954771E-02  3.964738E-02  3.974049E-02  3.981006E-02     0.0398673  3.992611E-02  4.000151E-02  4.011095E-02  4.024164E-02  4.037763E-02  4.051854E-02  4.066402E-02  4.081367E-02  4.096708E-02  4.112384E-02
  4.128351E-02  4.144567E-02  4.160984E-02  4.177559E-02  4.194245E-02  4.210996E-02  4.227764E-02  4.244505E-02  4.261172E-02  4.277719E-02  4.292054E-02  4.304228E-02  4.316269E-02  4.326178E-02  4.334032E-02  4.341807E-02  4.349499E-02  4.357103E-02  4.364614E-02  4.372026E-02
  4.381164E-02  4.393672E-02  4.407502E-02  4.420834E-02  4.433635E-02  4.445876E-02  4.457528E-02      0.044796  4.520277E-02  4.556423E-02             0
             0  3.905923E-02  3.924866E-02  3.936611E-02  3.945177E-02     0.0395446  3.964442E-02  3.973767E-02  3.980735E-02  3.986469E-02  3.992359E-02  3.999912E-02  4.010874E-02  4.023966E-02  4.037588E-02  4.051705E-02  4.066279E-02  4.081271E-02     0.0409664  4.112345E-02
  4.128342E-02  4.144586E-02  4.161033E-02  4.177638E-02  4.194353E-02  4.211132E-02  4.227928E-02  4.244696E-02  4.261389E-02  4.277961E-02  4.292317E-02  4.304507E-02  4.316564E-02  4.326486E-02  4.334349E-02  4.342134E-02  4.349835E-02  4.357447E-02  4.364965E-02  4.372386E-02
  4.381531E-02     0.0439405  4.407891E-02  4.421232E-02  4.434041E-02  4.446288E-02  4.457944E-02  4.480022E-02  4.520695E-02  4.556812E-02             0
             0  3.900274E-02  3.919495E-02  3.931459E-02  3.940197E-02  3.949679E-02  3.959887E-02  3.969432E-02     0.0397657  3.982445E-02  3.988483E-02  3.996228E-02  4.007475E-02  4.020916E-02  4.034906E-02  4.049411E-02     0.0406439  4.079802E-02  4.095604E-02  4.111751E-02
  4.128198E-02  4.144896E-02      0.041618  4.178858E-02  4.196023E-02  4.213244E-02  4.230473E-02  4.247659E-02  4.264754E-02     0.0428171  4.296383E-02  4.308832E-02  4.321134E-02  4.331248E-02  4.339259E-02  4.347184E-02  4.355019E-02  4.362758E-02  4.370396E-02  4.377929E-02
  4.387207E-02  4.399893E-02  4.413896E-02  4.427373E-02  4.440291E-02  4.452622E-02  4.464339E-02  4.486496E-02     0.0452711  4.562746E-02             0
             0     0.0389622  3.915627E-02     0.0392774  3.936596E-02  3.946216E-02  3.956581E-02  3.966282E-02     0.0397354  3.979516E-02     0.0398566  3.993543E-02  4.004996E-02  4.018688E-02  4.032947E-02  4.047737E-02  4.063013E-02  4.078735E-02  4.094858E-02  4.111334E-02
  4.128116E-02  4.145154E-02  4.162399E-02  4.179798E-02      0.041973  4.214854E-02  4.232407E-02  4.249907E-02  4.267303E-02  4.284545E-02  4.299453E-02  4.312093E-02  4.324575E-02  4.334829E-02  4.342947E-02  4.350973E-02  4.358903E-02  4.366732E-02  4.374454E-02  4.382065E-02
  4.391433E-02     0.0440423  4.418337E-02  4.431894E-02  4.444873E-02  4.457245E-02  4.468985E-02  4.491156E-02  4.531633E-02  4.566826E-02             0
             0  3.893704E-02  3.913217E-02  3.925417E-02  3.934343E-02  3.944046E-02  3.954507E-02  3.964302E-02  3.971633E-02  3.977672E-02  3.983881E-02     0.0399185     0.0400343     0.0401728     0.0403171  4.046678E-02  4.062144E-02  4.078063E-02  4.094389E-02  4.111076E-02
  4.128072E-02  4.145328E-02  4.162792E-02     0.0418041     0.0419813  4.215898E-02  4.233661E-02  4.251364E-02  4.268955E-02  4.286382E-02  4.301442E-02  4.314205E-02  4.326802E-02  4.337146E-02  4.345331E-02     0.0435342     0.0436141  4.369294E-02  4.377067E-02  4.384725E-02
  4.394146E-02  4.407007E-02  4.421171E-02  4.434771E-02  4.447777E-02  4.460164E-02  4.471907E-02  4.494064E-02     0.0453441  4.569288E-02             0
             0  3.892152E-02  3.911726E-02  3.923977E-02  3.932945E-02  3.942697E-02  3.953215E-02  3.963069E-02  3.970445E-02  3.976521E-02     0.0398277  3.990792E-02  4.002452E-02      0.040164  4.030934E-02  4.046015E-02  4.061599E-02  4.077642E-02  4.094097E-02  4.110916E-02
  4.128047E-02  4.145441E-02  4.163043E-02      0.041808  4.198658E-02  4.216563E-02  4.234459E-02  4.252292E-02  4.270007E-02  4.287553E-02     0.0430271  4.315551E-02  4.328222E-02  4.338621E-02  4.346849E-02  4.354978E-02  4.363005E-02  4.370923E-02  4.378727E-02  4.386413E-02
  4.395867E-02  4.408764E-02     0.0442296  4.436581E-02  4.449599E-02  4.461989E-02  4.473729E-02  4.495865E-02  4.536109E-02  4.570777E-02             0
             0  3.891379E-02  3.910981E-02  3.923257E-02  3.932245E-02  3.942021E-02  3.952567E-02  3.962449E-02  3.969847E-02  3.975942E-02  3.982211E-02  3.990259E-02  4.001958E-02  4.015956E-02  4.030544E-02  4.045681E-02  4.061325E-02     0.0407743  4.093951E-02  4.110836E-02
  4.128036E-02  4.145499E-02  4.163171E-02  4.180999E-02  4.198927E-02  4.216901E-02  4.234865E-02  4.252765E-02  4.270544E-02     0.0428815  4.303357E-02  4.316239E-02  4.328948E-02  4.339376E-02  4.347625E-02  4.355775E-02     0.0436382  4.371755E-02  4.379575E-02  4.387275E-02
  4.396744E-02  4.409659E-02  4.423868E-02  4.437498E-02  4.450519E-02  4.462909E-02  4.474644E-02  4.496765E-02  4.536951E-02     0.0457151             0
             0  3.891049E-02  3.910663E-02  3.922949E-02  3.931945E-02  3.941731E-02  3.952289E-02  3.962182E-02     0.0396959  3.975694E-02  3.981971E-02     0.0399003  4.001746E-02  4.015765E-02  4.030376E-02  4.045537E-02  4.061207E-02     0.0407734  4.093887E-02  4.110802E-02
  4.128031E-02  4.145524E-02  4.163226E-02  4.181084E-02  4.199043E-02  4.217047E-02     0.0423504  4.252968E-02  4.270776E-02  4.288408E-02  4.303637E-02  4.316537E-02  4.329261E-02  4.339702E-02  4.347961E-02  4.356119E-02  4.364172E-02  4.372115E-02  4.379941E-02  4.387647E-02
  4.397123E-02  4.410045E-02     0.0442426  4.437892E-02  4.450915E-02  4.463303E-02  4.475036E-02  4.497151E-02     0.0453731  4.571821E-02             0
             0  3.890871E-02  3.910491E-02  3.922782E-02  3.931783E-02  3.941575E-02  3.952138E-02  3.962038E-02  3.969451E-02  3.975559E-02  3.981841E-02  3.989907E-02  4.001632E-02  4.015662E-02  4.030285E-02     0.0404546  4.061143E-02     0.0407729  4.093853E-02  4.110783E-02
  4.128028E-02  4.145537E-02  4.163256E-02  4.181131E-02  4.199106E-02  4.217126E-02  4.235135E-02  4.253079E-02  4.270902E-02  4.288548E-02  4.303789E-02  4.316698E-02  4.329431E-02  4.339879E-02  4.348143E-02  4.356306E-02  4.364364E-02     0.0437231     0.0438014  4.387849E-02
  4.397328E-02  4.410254E-02  4.424472E-02  4.438106E-02  4.451129E-02  4.463517E-02  4.475249E-02  4.497359E-02  4.537504E-02  4.571989E-02             0
             0  3.890781E-02  3.910404E-02  3.922698E-02  3.931701E-02  3.941496E-02  3.952063E-02  3.961966E-02  3.969381E-02  3.975491E-02  3.981776E-02  3.989844E-02  4.001574E-02     0.0401561  4.030239E-02  4.045421E-02  4.061111E-02  4.077265E-02  4.093836E-02  4.110774E-02
  4.128027E-02  4.145544E-02  4.163271E-02  4.181154E-02  4.199137E-02  4.217166E-02  4.235183E-02  4.253135E-02  4.270965E-02  4.288619E-02  4.303866E-02     0.0431678  4.329517E-02  4.339969E-02  4.348235E-02  4.356401E-02     0.0436446  4.372409E-02  4.380241E-02  4.387952E-02
  4.397432E-02     0.0441036  4.424579E-02  4.438214E-02  4.451237E-02  4.463625E-02  4.475356E-02  4.497464E-02  4.537602E-02  4.572073E-02             0
