 51            10 
             0    -0.2579129    -0.2490816    -0.2422629    -0.2367618    -0.2303237    -0.2231457    -0.2162405     -0.210988    -0.2066216    -0.2020967    -0.1962504    -0.1876893    -0.1772083    -0.1656861    -0.1525968    -0.1384104    -0.1243563    -0.1097225 -9.450562E-02
    -0.0793022 -6.415372E-02 -4.840716E-02 -3.216011E-02 -1.623212E-02  1.220807E-04  1.679411E-02  3.284538E-02     0.0490587  6.535029E-02  7.889523E-02  9.004144E-02     0.1007005     0.1091451     0.1156466     0.1223184     0.1291383     0.1356547     0.1418522     0.1481931
     0.1562816     0.1666235     0.1779476     0.1887015     0.1979454     0.2079158     0.2182771     0.2361612     0.2640039     0.2876596             0
             0    -0.2625075    -0.2535576    -0.2466094    -0.2410095      -0.23446    -0.2271346      -0.22006    -0.2146626    -0.2101672    -0.2055001    -0.1994603    -0.1905985    -0.1797471    -0.1678451    -0.1544245    -0.1399705    -0.1256216    -0.1106406 -9.503175E-02
      -0.07938 -6.373325E-02 -4.748003E-02 -3.074792E-02 -1.433875E-02  2.456377E-03  1.950894E-02  3.592732E-02  5.250954E-02  6.915247E-02  8.301708E-02  9.445208E-02     0.1054121     0.1141065     0.1207952     0.1276356      0.134597      0.141233      0.147535     0.1539705
     0.1621457     0.1725939     0.1840321     0.1948531     0.2041533     0.2140136     0.2239434     0.2409641      0.267812     0.2902418             0
             0    -0.3409224     -0.331676    -0.3239843    -0.3175789    -0.3098542    -0.3009488    -0.2920948    -0.2852003    -0.2793837    -0.2732708    -0.2652683    -0.2533383    -0.2384539    -0.2218771    -0.2029644    -0.1824208    -0.1619996    -0.1406191    -0.1182917
 -9.587248E-02 -7.345307E-02    -0.0501817 -2.626415E-02 -2.873362E-03  2.096905E-02  4.505135E-02  6.807524E-02  9.111141E-02     0.1139763     0.1327524      0.148036     0.1624602     0.1736974     0.1822244     0.1908116     0.1994201       0.20749     0.2150127     0.2225376
     0.2319098     0.2434955      0.255532     0.2663302     0.2750543     0.2836134     0.2916844     0.3044773     0.3199056     0.3242753             0
             0    -0.4193205    -0.4144458    -0.4088938    -0.4036699    -0.3966837    -0.3878362    -0.3782804    -0.3704276    -0.3635884    -0.3561916     -0.346258    -0.3309563    -0.3112063    -0.2886918    -0.2626418    -0.2341397    -0.2059119    -0.1764228    -0.1456963
    -0.1149139 -8.419391E-02 -5.235462E-02 -1.965588E-02  1.231962E-02  4.492432E-02  7.786904E-02      0.109361      0.140822     0.1719249     0.1972651     0.2176965     0.2367212     0.2512723     0.2621432      0.272886     0.2834419     0.2931048     0.3018643     0.3103418
     0.3205485     0.3324327     0.3435743     0.3524657     0.3586329     0.3634531     0.3669955     0.3707207     0.3673142     0.3507421             0
             0    -0.4841875    -0.4899038       -0.4911    -0.4905136    -0.4878509    -0.4823193     -0.474273     -0.466556    -0.4592778    -0.4508804    -0.4390038    -0.4196263    -0.3934252    -0.3629249    -0.3274927     -0.288912    -0.2513693    -0.2127376    -0.1729854
    -0.1335679 -9.452559E-02 -5.424336E-02 -1.292279E-02  2.756128E-02  6.904435E-02     0.1112522     0.1519649     0.1930576     0.2340386     0.2676318     0.2947378     0.3198648     0.3388507      0.352838      0.366384     0.3793689     0.3908673      0.400848     0.4099786
      0.420292     0.4309003      0.438577     0.4426095      0.443463     0.4416296     0.4378444     0.4281916     0.4028624       0.36813             0
             0    -0.5348565    -0.5572163    -0.5714118    -0.5809262    -0.5890735    -0.5934486    -0.5916006    -0.5861209    -0.5792378    -0.5697712    -0.5548116    -0.5280374    -0.4903244    -0.4466848    -0.3972605     -0.344991    -0.2960106    -0.2471912    -0.1981609
    -0.1504354    -0.1037668    -0.0559737 -7.044218E-03     0.0410413  9.071369E-02     0.1418747     0.1920847     0.2439086     0.2968455     0.3413928     0.3780042     0.4124328     0.4385917     0.4577636     0.4760342      0.493058     0.5074083     0.5189197     0.5282299
     0.5371274     0.5430338     0.5421088     0.5360731     0.5274528     0.5153904     0.5014325     0.4750192     0.4280779     0.3792671             0
             0    -0.5653675    -0.6048678    -0.6362223    -0.6613958    -0.6894653    -0.7161071    -0.7317708    -0.7340716    -0.7294424    -0.7176927    -0.6949298    -0.6506749    -0.5905154    -0.5258898    -0.4578671    -0.3899775    -0.3296137     -0.271875    -0.2155256
    -0.1617747    -0.1099049    -0.0571782 -3.304605E-03  4.979013E-02     0.1050707      0.162728     0.2204099     0.2815984      0.346265     0.4031986     0.4519393     0.4998981     0.5380315     0.5666661     0.5943134     0.6198369     0.6402299     0.6544139      0.662464
     0.6654434     0.6581061     0.6391538     0.6160193     0.5940546     0.5700526     0.5456738     0.5041754     0.4419577     0.3849555             0
             0    -0.5796195    -0.6294532    -0.6733146    -0.7118692     -0.760457    -0.8162974    -0.8633207    -0.8840709    -0.8859776     -0.867827    -0.8268068    -0.7515762    -0.6625032    -0.5769221    -0.4937196    -0.4148317    -0.3472908     -0.284422    -0.2241402
     -0.167313    -0.1128807    -0.0577745 -1.531122E-03  5.398301E-02     0.1120312     0.1730043     0.2346967     0.3012768     0.3733339     0.4391158     0.4976796     0.5584089     0.6101515     0.6512047     0.6932997     0.7341261     0.7672343     0.7875419      0.790638
     0.7784293     0.7467669     0.7046381     0.6643396     0.6313304     0.5989894     0.5680735     0.5179899     0.4481541     0.3874125             0
             0    -0.5876586     -0.644122    -0.6969891    -0.7463603    -0.8142299    -0.9044182      -1.00343     -1.071272     -1.100238     -1.055165    -0.9672523    -0.8404431    -0.7173566    -0.6122282    -0.5169678    -0.4302231    -0.3579077    -0.2918072    -0.2291416
    -0.1705009    -0.1145866 -5.811971E-02 -5.256578E-04  5.637296E-02     0.1160231     0.1789505      0.243073     0.3130546     0.3900384     0.4622302     0.5286058     0.6008379     0.6671002     0.7236176     0.7874712     0.8569887       0.92219     0.9668844     0.9481114
     0.8956858     0.8224386      0.752996     0.6966309     0.6547771     0.6165144     0.5812713     0.5258342     0.4515685     0.3887451             0
             0    -0.5918235    -0.6520368    -0.7105066     -0.767404    -0.8510113    -0.9775653     -1.161087     -1.373947      -1.62657     -1.357941     -1.125158    -0.9141744    -0.7549885    -0.6339442     -0.530385    -0.4387563     -0.363651    -0.2957422    -0.2317803
    -0.1721728    -0.1154787 -5.830133E-02 -3.630709E-06     0.0576182     0.1181116     0.1820808     0.2475247     0.3194123     0.3992823     0.4755109     0.5472668     0.6284979     0.7084236     0.7824985     0.8777797      1.003776      1.171267      1.410808      1.206672
      1.027326     0.8842289     0.7855381     0.7160027     0.6680089     0.6260812     0.5883201     0.5299146     0.4533103     0.3894182             0
