 51            10 
             0    -0.1155168    -0.1192411    -0.1170003    -0.1145359    -0.1112735    -0.1073269    -0.1033425     -0.100235 -9.761646E-02 -9.487061E-02 -9.128495E-02 -8.595744E-02    -0.0794292 -7.249355E-02    -0.0651823    -0.0575264 -4.955501E-02 -4.129397E-02 -3.276267E-02
 -2.396837E-02 -1.489793E-02 -5.518551E-03   4.03761E-03  1.367225E-02  2.330912E-02  3.288662E-02  4.235303E-02  5.166362E-02  6.077896E-02  6.855329E-02      0.075072  8.143366E-02     0.0865951      0.090646  9.461601E-02  9.850271E-02     0.1023039     0.1060176     0.1096422
     0.1140594     0.1200011     0.1264151     0.1324475     0.1380955     0.1433588     0.1482385     0.1572343     0.1723635     0.1790548             0
             0    -0.1178572    -0.1217275    -0.1194856    -0.1170024    -0.1137049    -0.1097071    -0.1056634    -0.1025052    -0.0998418 -9.704648E-02 -9.339327E-02 -8.795924E-02 -8.129166E-02 -7.420047E-02 -6.671926E-02    -0.0588804 -5.071386E-02 -4.224645E-02 -3.349942E-02
 -2.448286E-02 -1.518694E-02 -5.580942E-03  4.202938E-03  1.406399E-02  2.392368E-02  3.371816E-02  4.339354E-02  5.290292E-02  6.220467E-02  7.012937E-02  7.676776E-02  8.323909E-02  8.848298E-02  9.259489E-02  9.662081E-02     0.1005582     0.1044049     0.1081588     0.1118183
     0.1162728     0.1222535     0.1286928     0.1347325     0.1403714     0.1456105     0.1504528     0.1593515     0.1741676     0.1803186             0
             0    -0.1545018    -0.1608634    -0.1586877    -0.1559371    -0.1520852    -0.1472533    -0.1422342    -0.1382464    -0.1348483    -0.1312471     -0.126498    -0.1193461    -0.1104437    -0.1008618    -0.0906542 -7.987636E-02 -6.858196E-02 -5.682084E-02 -4.463468E-02
 -3.204867E-02 -1.905902E-02 -5.632432E-03  8.027844E-03  2.176284E-02  3.544393E-02  4.896154E-02  6.221797E-02  7.512321E-02     0.0875928  9.805321E-02     0.1066938     0.1149806     0.1215706     0.1266662       0.13158     0.1363073     0.1408445     0.1451889     0.1493388
     0.1542823     0.1606921     0.1672508     0.1730693     0.1781838     0.1826379     0.1864786      0.193029     0.2013626      0.197769             0
             0    -0.1901701    -0.2007423    -0.1997095    -0.1974118    -0.1936796    -0.1885943    -0.1829901    -0.1783762    -0.1743626    -0.1700304    -0.1642227    -0.1552886    -0.1439146    -0.1314684    -0.1180556    -0.1037855 -8.876099E-02 -7.307183E-02 -5.678743E-02
    -0.0399453 -2.253556E-02 -4.504155E-03  1.387277E-02  3.238219E-02  5.084975E-02  6.911963E-02  8.704063E-02     0.1044571     0.1212044     0.1351211     0.1464882     0.1572206     0.1655779     0.1719286     0.1779286      0.183565     0.1888282     0.1937123     0.1982149
     0.2033684     0.2096039     0.2153111     0.2197257     0.2229996     0.2252938     0.2267649     0.2283472     0.2260625     0.2112383             0
             0    -0.2186154    -0.2347283      -0.23604     -0.235082    -0.2323697    -0.2278652    -0.2222811    -0.2173827    -0.2129737    -0.2080751     -0.201347    -0.1906933    -0.1767646    -0.1612856    -0.1444823     -0.126573     -0.107745 -8.814256E-02 -6.785899E-02
    -0.0469251 -2.529447E-02 -2.853583E-03  2.009279E-02     0.0433272  6.667947E-02  8.999198E-02     0.1130922     0.1357701     0.1577608     0.1761127      0.191077      0.205095     0.2158335     0.2238558     0.2312616     0.2380105     0.2440716     0.2494256     0.2540669
      0.258987      0.264093     0.2674761     0.2688188     0.2685635     0.2671244     0.2648543     0.2592098     0.2446247      0.220061             0
             0    -0.2398657    -0.2622047    -0.2668831    -0.2681165    -0.2673744    -0.2643844    -0.2594936     -0.254659    -0.2500497    -0.2446926    -0.2370744    -0.2245581    -0.2077478     -0.188892    -0.1684496    -0.1468124    -0.1242741    -0.1010257 -7.715847E-02
 -5.266209E-02    -0.0274152 -1.203378E-03  2.569867E-02  5.313353E-02  8.100673E-02     0.1092385     0.1377199     0.1662677     0.1945741     0.2187061     0.2386317     0.2574222     0.2717659     0.2823615     0.2919376      0.300366     0.3075432     0.3134016     0.3179197
      0.321927     0.3243336     0.3230655     0.3189418     0.3130238     0.3061476      0.298905     0.2844463     0.2578281     0.2257035             0
             0    -0.2520586    -0.2793561    -0.2873318    -0.2909689    -0.2926846    -0.2919104    -0.2883525    -0.2839382    -0.2793275    -0.2736147    -0.2651277    -0.2506422    -0.2308669    -0.2087769    -0.1851252    -0.1604569     -0.135118    -0.1092887 -8.301337E-02
 -5.621244E-02 -2.867758E-02 -9.256164E-05  2.932717E-02  5.951075E-02  9.047424E-02     0.1222708     0.1549437     0.1884699     0.2226817     0.2528407     0.2784122     0.3031485      0.322404     0.3366975     0.3495345     0.3605569     0.3694361     0.3759321     0.3799575
     0.3820275     0.3795401     0.3710258     0.3594856     0.3468083     0.3341618     0.3221824     0.3001285       0.26511      0.228583             0
             0    -0.2576061    -0.2875246    -0.2974656    -0.3026619    -0.3061489       -0.3072    -0.3049542    -0.3010583    -0.2965439    -0.2905756    -0.2813704    -0.2652883    -0.2433517    -0.2191399    -0.1935621    -0.1671999    -0.1403805    -0.1132441 -8.578755E-02
 -5.788095E-02 -2.926239E-02  4.426771E-04  3.105685E-02  6.256266E-02  9.504633E-02      0.128652     0.1635405     0.1998397     0.2375685      0.271639     0.3011844     0.3305281     0.3540417     0.3718106     0.3879818     0.4018835     0.4127838     0.4200323     0.4233201
     0.4228824     0.4149297     0.3997102     0.3822832     0.3648604     0.3485384     0.3337692     0.3075351      0.268363     0.2298264             0
             0    -0.2606917    -0.2921799    -0.3033788    -0.3096296    -0.3144076     -0.316939    -0.3159398    -0.3126276    -0.3082639    -0.3020571     -0.292158    -0.2746723    -0.2510693    -0.2253717     -0.198534    -0.1711156    -0.1434043    -0.1154995 -8.736083E-02
    -0.0588233 -2.959058E-02  7.479599E-04     0.0320394  6.430021E-02     0.0976619     0.1323294     0.1685467     0.2065576     0.2465429      0.283261     0.3156526     0.3485495     0.3756869      0.396673     0.4162579     0.4334818     0.4470608      0.455485     0.4575867
     0.4537585      0.439843     0.4186452     0.3966301      0.375834     0.3570625     0.3405203     0.3117314      0.270156     0.2305006             0
             0     -0.262275    -0.2946085    -0.3065191    -0.3133957     -0.318996    -0.3225837    -0.3226586    -0.3199788    -0.3158288    -0.3093635    -0.2987757    -0.2801356     -0.255381     -0.228761    -0.2011912    -0.1731844    -0.1449893    -0.1166755 -8.817806E-02
 -5.931148E-02 -2.975995E-02  9.069631E-04  3.255006E-02  6.520467E-02  9.902778E-02     0.1342594     0.1711933     0.2101464     0.2514111      0.289698     0.3238651     0.3591473     0.3889942     0.4126531     0.4354942     0.4565307     0.4740976     0.4852713     0.4846535
     0.4758123     0.4557694     0.4298481     0.4047197     0.3818359     0.3616332     0.3440939     0.3139104     0.2710708     0.2308411             0
