 51            10 
             0    -0.2564152    -0.2473466    -0.2401725    -0.2345223    -0.2280128    -0.2206506    -0.2134717    -0.2079556    -0.2033388    -0.1985212    -0.1922527    -0.1829729    -0.1716361    -0.1596188      -0.14698    -0.1337814     -0.120084     -0.105958     -0.091493
 -7.682576E-02 -6.215779E-02 -4.529393E-02 -2.834675E-02 -1.140873E-02   5.43681E-03  2.211835E-02  3.857236E-02  5.473915E-02  7.056068E-02  8.405269E-02  9.536418E-02     0.1064007     0.1153516     0.1223744     0.1292544     0.1359875     0.1425703     0.1490004     0.1552763
     0.1629276     0.1732334     0.1843863     0.1949053     0.2047773     0.2139843     0.2225245     0.2382869     0.2652315     0.2879504             0
             0    -0.2615457     -0.252427    -0.2451784    -0.2394749    -0.2329103    -0.2254738    -0.2182041    -0.2126061    -0.2079137    -0.2030093    -0.1966172     -0.187131    -0.1755105    -0.1631699    -0.1501894    -0.1366446    -0.1225713    -0.1080281 -9.310597E-02
     -0.077953 -6.280713E-02 -4.571448E-02 -2.827974E-02 -1.089343E-02  6.340593E-03  2.336933E-02  4.015045E-02  5.663615E-02  7.277027E-02  8.652577E-02  9.805232E-02     0.1092883     0.1183877     0.1255169     0.1324888      0.139297     0.1459359     0.1524013      0.158692
     0.1663442     0.1766933      0.187897     0.1984963     0.2084568     0.2176683      0.226161     0.2417665     0.2681255     0.2898574             0
             0    -0.3394456    -0.3298676    -0.3217202    -0.3151093    -0.3072721      -0.29814    -0.2889728    -0.2817822    -0.2756846    -0.2692416    -0.2607576    -0.2479879    -0.2320871    -0.2149729    -0.1967783    -0.1776369    -0.1576286    -0.1368649    -0.1155026
 -9.377842E-02 -7.205709E-02 -4.756733E-02 -2.263361E-02  2.158893E-03  2.663336E-02  5.068176E-02  7.420625E-02  9.709582E-02      0.119223     0.1377962     0.1531407     0.1678524     0.1795396     0.1885658     0.1972552     0.2055967     0.2135813     0.2212031     0.2284603
     0.2370856     0.2483186     0.2598454     0.2701136     0.2791765     0.2869999      0.293693     0.3050368      0.319461     0.3236725             0
             0    -0.4164179    -0.4104101    -0.4038086    -0.3979054    -0.3902928    -0.3807395    -0.3705102    -0.3621433    -0.3548702    -0.3470111    -0.3364538      -0.32015    -0.2992998    -0.2764348     -0.251827    -0.2257564    -0.1984094    -0.1699934    -0.1407546
    -0.1110286 -8.131298E-02    -0.0478276 -1.371838E-02     0.0202397  5.381857E-02  8.686702E-02     0.1192248     0.1506846     0.1809832     0.2062053     0.2268263     0.2463008     0.2614526     0.2729502     0.2837883      0.293937     0.3033736     0.3120835     0.3200622
     0.3291349     0.3400658      0.350019     0.3576258     0.3632356     0.3670437     0.3693475     0.3714988     0.3662596     0.3499547             0
             0    -0.4788642    -0.4811365    -0.4794223    -0.4765996    -0.4715714    -0.4637402     -0.453936    -0.4451704    -0.4371747    -0.4281781    -0.4156816    -0.3956217    -0.3690982     -0.339517    -0.3074975    -0.2736369    -0.2383174    -0.2018718    -0.1646202
    -0.1269472 -8.940909E-02 -4.716305E-02 -4.054878E-03  3.907437E-02  8.206198E-02     0.1248206     0.1672154     0.2089934     0.2497436     0.2839827     0.3120357     0.3384124     0.3586461     0.3737427     0.3876281     0.4001956     0.4113602      0.421067     0.4292965
     0.4377645      0.446029     0.4508548     0.4518288     0.4501269     0.4464656     0.4414616     0.4297357     0.4014463     0.3672081             0
             0    -0.5263921    -0.5406893    -0.5474631    -0.5506364    -0.5514594    -0.5485912     -0.541501    -0.5334069    -0.5251729    -0.5151295    -0.5003415    -0.4752369    -0.4409364    -0.4025234    -0.3613595    -0.3185616    -0.2747286    -0.2302507    -0.1854147
    -0.1405316 -9.608645E-02 -4.618019E-02  4.858363E-03  5.629498E-02     0.1082083     0.1607811     0.2141476      0.268282     0.3228882     0.3704601     0.4104533     0.4488533     0.4786055     0.5006954     0.5206282     0.5379565     0.5522806     0.5633131     0.5709441
     0.5763587     0.5761975     0.5679508     0.5545507     0.5391228     0.5231877     0.5075646     0.4778291     0.4265022     0.3782537             0
             0    -0.5541878    -0.5798153    -0.5964151    -0.6075356    -0.6174663    -0.6239823    -0.6236115     -0.618207    -0.6105174    -0.5992174    -0.5808377     -0.547698     -0.502391     -0.453136    -0.4021836    -0.3509454    -0.2999087    -0.2492362    -0.1989717
    -0.1492081    -0.1002519 -4.541152E-02  1.077562E-02  6.777826E-02     0.1260059       0.18607     0.2486617     0.3144737     0.3841014     0.4486032     0.5059087     0.5644147     0.6126584     0.6497304     0.6838896      0.713354     0.7360944     0.7502463     0.7548836
     0.7498741     0.7260904     0.6886994      0.649365     0.6134084     0.5819849     0.5548699      0.508245      0.440353     0.3838936             0
             0    -0.5669635    -0.5990666    -0.6222063    -0.6393554    -0.6574702    -0.6745673    -0.6846135    -0.6851016    -0.6794408    -0.6657863       -0.6411    -0.5969332    -0.5402839    -0.4820308    -0.4241732    -0.3676614    -0.3125131    -0.2585335    -0.2055085
    -0.1533458     -0.102218 -4.502229E-02  1.363219E-02  7.334749E-02      0.134746     0.1987401     0.2664679     0.3393154     0.4189845     0.4964566     0.5689181     0.6480674     0.7192702     0.7778623     0.8360122     0.8898324     0.9328898      0.956194     0.9516067
     0.9207493      0.853354     0.7767144     0.7102651      0.656664     0.6138429     0.5792581     0.5227836     0.4465502     0.3863295             0
             0    -0.5741076    -0.6102464    -0.6378592    -0.6595517    -0.6847663    -0.7133306    -0.7397865    -0.7558705    -0.7606938     -0.736372    -0.6958564    -0.6349336    -0.5663828    -0.5005673    -0.4376597    -0.3776207    -0.3198809    -0.2638994     -0.209249
    -0.1556997     -0.103331 -4.479544E-02  1.526526E-02  7.654016E-02     0.1397905     0.2061338     0.2770332     0.3544242     0.4409958     0.5282077     0.6132114     0.7117532      0.808507     0.8950278     0.9907129      1.092697      1.190513      1.254783      1.209962
      1.110456     0.9687952     0.8448696     0.7525411     0.6845481     0.6334001     0.5937747      0.531078     0.4499691     0.3876505             0
             0     -0.577787    -0.6161603     -0.646446    -0.6711258    -0.7017915    -0.7419685    -0.7958509    -0.8682375    -0.9917342    -0.8486438     -0.751704    -0.6631733    -0.5827818    -0.5112739    -0.4451096    -0.3829857    -0.3237908    -0.2667202    -0.2112034
    -0.1569248    -0.1039084 -4.467576E-02  1.611753E-02  7.820968E-02     0.1424407     0.2100483     0.2826945     0.3626736     0.4533791     0.5468875     0.6407852     0.7549633     0.8764634     0.9955608      1.146748      1.347198      1.627122      2.042122      1.651408
      1.333234      1.067699     0.8925065     0.7787065     0.7005993     0.6441856      0.601585     0.5354065     0.4517145     0.3883177             0
