 51            10 
             0    -0.2565195    -0.2467942    -0.2385248    -0.2328518     -0.227031    -0.2200102    -0.2128642    -0.2072255    -0.2024243    -0.1973251    -0.1905641    -0.1802347    -0.1679168    -0.1549602    -0.1425532    -0.1308462    -0.1178826    -0.1038475 -8.885858E-02
 -7.296898E-02 -5.616274E-02    -0.0398754 -2.417278E-02 -7.699733E-03  8.199733E-03  2.335412E-02  3.879182E-02  5.434483E-02  6.987289E-02  8.333894E-02  9.476933E-02     0.1060726     0.1153832     0.1227746     0.1296501     0.1360048     0.1422891      0.148494     0.1546108
     0.1621359     0.1723896     0.1836434     0.1944193     0.2047268     0.2140457     0.2223577     0.2379592     0.2650647     0.2879812             0
             0    -0.2620859    -0.2530164    -0.2456047    -0.2398859    -0.2336161    -0.2262998    -0.2191205    -0.2135946    -0.2089629    -0.2041173    -0.1977798    -0.1882339    -0.1766099    -0.1639425    -0.1507285    -0.1377448    -0.1237656    -0.1090838 -9.380262E-02
 -7.799879E-02 -6.143735E-02 -4.479233E-02 -2.840045E-02 -1.126177E-02  5.577669E-03  2.180106E-02  3.816179E-02  5.448563E-02  7.063652E-02  8.443634E-02  9.601574E-02      0.107352     0.1166428     0.1240458     0.1310284     0.1375572     0.1440372     0.1504358     0.1567428
     0.1644956     0.1749477     0.1862733      0.196998     0.2071524     0.2165712     0.2251707     0.2412184     0.2679609     0.2900559             0
             0    -0.3402095    -0.3307519    -0.3224687    -0.3158915    -0.3084332    -0.2994788    -0.2904517      -0.28337    -0.2773628     -0.271006    -0.2626022    -0.2497541    -0.2338452    -0.2162452    -0.1977004    -0.1793018    -0.1593954    -0.1384218    -0.1165517
 -9.391607E-02 -7.020005E-02 -4.638998E-02 -2.297229E-02  1.447713E-03     0.0253486  4.825532E-02      0.071191  9.386013E-02     0.1160203     0.1346667     0.1500949     0.1649528      0.176901     0.1862897     0.1950163     0.2030378     0.2108577     0.2184331     0.2257499
     0.2345526     0.2460125      0.257798     0.2683328      0.277688     0.2857994     0.2926845      0.304587     0.3196715     0.3240092             0
             0    -0.4177641    -0.4122113    -0.4057665    -0.4001535    -0.3930902    -0.3838984    -0.3739501    -0.3657741    -0.3586442    -0.3509082      -0.34045    -0.3239973    -0.3030434    -0.2793669    -0.2541226    -0.2288749    -0.2015145    -0.1727016    -0.1426927
    -0.1116844 -7.924891E-02 -4.672309E-02 -1.472971E-02  1.865472E-02  5.135794E-02  8.273093E-02     0.1141487     0.1451554     0.1753424     0.2005316     0.2211608     0.2407387     0.2561717     0.2680998      0.278978     0.2887418     0.2980073     0.3067133     0.3148378
     0.3242478     0.3357149     0.3462963     0.3545741     0.3607728     0.3651038     0.3678327     0.3708291     0.3667363     0.3504048             0
             0    -0.4811884    -0.4848705    -0.4842647      -0.48254    -0.4786022    -0.4717394    -0.4626452    -0.4542782    -0.4465284    -0.4376882    -0.4252391    -0.4047315    -0.3776556    -0.3464637    -0.3130492    -0.2796956    -0.2438823    -0.2065661     -0.168066
    -0.1286018 -8.755983E-02    -0.0465255 -6.132432E-03  3.616764E-02  7.785173E-02     0.1181975     0.1590182     0.1997441     0.2397917     0.2734347     0.3010038     0.3270267     0.3472514     0.3626368     0.3763656     0.3883093     0.3992004     0.4089306     0.4174581
     0.4266112     0.4362031     0.4426693     0.4454118     0.4451368     0.4426416     0.4386332     0.4284465     0.4020363     0.3677354             0
             0    -0.5299804     -0.547585    -0.5576912    -0.5639726    -0.5675647     -0.567597    -0.5626103    -0.5555325    -0.5477802    -0.5378499    -0.5227116    -0.4959454    -0.4594147    -0.4172947    -0.3728395    -0.3294285    -0.2839748    -0.2377013     -0.190842
    -0.1434977    -0.0947402 -4.622409E-02  1.566353E-03  5.187983E-02     0.1019383     0.1511363     0.2018953     0.2537555     0.3061585     0.3514675     0.3893375     0.4256163     0.4539303     0.4753052     0.4940098     0.5096732     0.5230994     0.5339954     0.5422443
     0.5493308     0.5529305     0.5493948     0.5407778     0.5289947     0.5157925     0.5023755     0.4755636     0.4270967     0.3788304             0
             0     -0.558867    -0.5901858    -0.6136324    -0.6314468    -0.6480412    -0.6625164    -0.6684413    -0.6659523    -0.6593496    -0.6477513    -0.6273349    -0.5884483    -0.5361373    -0.4787556    -0.4210252    -0.3671868    -0.3129044    -0.2592745    -0.2061397
     -0.153285 -9.939333E-02 -4.602196E-02  6.568247E-03  6.220298E-02     0.1180707     0.1738437     0.2326469     0.2945148     0.3594826     0.4184892     0.4700036     0.5217368     0.5639676     0.5965325     0.6252253     0.6488168     0.6676945     0.6805852     0.6868855
      0.687186     0.6752653     0.6512963      0.623716     0.5959116      0.569985     0.5468876     0.5050191     0.4409062     0.3844952             0
             0    -0.5722356    -0.6116139    -0.6444276    -0.6715589    -0.7008408    -0.7329059    -0.7564514    -0.7634113    -0.7597967    -0.7449954    -0.7148246    -0.6576592    -0.5871703    -0.5159506    -0.4480682    -0.3873192    -0.3277485    -0.2700424    -0.2136282
    -0.1580151    -0.1016266 -4.592788E-02  8.961676E-03  6.717723E-02     0.1259313     0.1851021      0.248287     0.3160039     0.3890317     0.4579847     0.5206906     0.5870973     0.6450537     0.6920326     0.7355257     0.7729778     0.8031096     0.8207934     0.8218658
     0.8073081     0.7694486     0.7203059     0.6742541     0.6334828     0.5986209     0.5694575     0.5190043     0.4470747     0.3869416             0
             0    -0.5797392    -0.6242188    -0.6636412    -0.6980408    -0.7387878    -0.7902108    -0.8396748    -0.8658892    -0.8705328    -0.8473555    -0.7977494    -0.7141902    -0.6240088     -0.540684    -0.4650505    -0.3995331    -0.3365427    -0.2763196    -0.2179462
    -0.1607237    -0.1029009 -4.587542E-02  1.032435E-02  7.001997E-02     0.1304505     0.1916365     0.2574961     0.3289289     0.4073729     0.4835704     0.5551859     0.6347274     0.7091605     0.7735396     0.8382408     0.9007755     0.9583473     0.9952946     0.9769633
     0.9271237     0.8484508      0.770912     0.7080771     0.6571352     0.6159308     0.5827617     0.5269536     0.4504749     0.3882684             0
             0    -0.5836136    -0.6309505    -0.6744194    -0.7137138    -0.7634279    -0.8336864    -0.9187565    -0.9872613     -1.026456     -0.968665    -0.8766628    -0.7571577    -0.6479521    -0.5553796    -0.4745982    -0.4061995    -0.3412534     -0.279642    -0.2202141
    -0.1621395    -0.1035654 -4.584856E-02  1.103369E-02  7.150356E-02     0.1328186     0.1950834     0.2624042     0.3359288     0.4175609     0.4983296      0.576063      0.665768     0.7553548     0.8388033     0.9326287      1.043018      1.185157      1.375671      1.205676
      1.052939     0.9109206     0.8044525     0.7283225     0.6704794     0.6253608     0.5898679     0.5310915     0.4522098     0.3889385             0
