 51            10 
             0    -0.2563579    -0.2472934    -0.2401214    -0.2344721    -0.2279626    -0.2206005    -0.2134217    -0.2079058    -0.2032893    -0.1984721    -0.1922044    -0.1829263    -0.1715922     -0.159578    -0.1469423    -0.1337466    -0.1200536    -0.1059346 -9.147787E-02
 -7.681791E-02 -6.261337E-02 -5.050291E-02 -3.033744E-02 -1.192745E-02  5.603664E-03  2.261135E-02  3.922091E-02  5.545628E-02  7.129713E-02     0.0847789  9.606912E-02     0.1070748     0.1159941     0.1229889     0.1298388     0.1365397     0.1430883     0.1494818     0.1557182
     0.1633157      0.173533     0.1845634     0.1949401     0.2046556     0.2137037     0.2220874     0.2375456     0.2638483     0.2826209             0
             0    -0.2614654    -0.2523497    -0.2451066    -0.2394034    -0.2328335    -0.2253915    -0.2181176    -0.2125172    -0.2078231    -0.2029178    -0.1965255    -0.1870419    -0.1754279    -0.1630968     -0.150123    -0.1365774    -0.1225068    -0.1079739 -9.306922E-02
 -7.794063E-02 -6.328959E-02 -4.559602E-02    -0.0277294     -0.010257  7.058128E-03  2.416223E-02  4.100192E-02  5.752199E-02  7.366415E-02  8.740553E-02  9.890877E-02      0.110113     0.1191816     0.1262856     0.1332327     0.1400178     0.1466364     0.1530849     0.1593616
     0.1669958     0.1772727     0.1883578     0.1987895     0.2085505     0.2175896     0.2259264     0.2412402     0.2670804     0.2882574             0
             0    -0.3393361     -0.329757    -0.3216129    -0.3150002    -0.3071548    -0.2980141    -0.2888402    -0.2816456    -0.2755455    -0.2691009    -0.2606165    -0.2478507    -0.2319603    -0.2148613    -0.1966783    -0.1775378    -0.1575347    -0.1367865    -0.1154487
 -9.375712E-02 -7.273833E-02 -4.735752E-02 -2.177458E-02  3.174746E-03  2.780073E-02  5.199253E-02  7.563489E-02  9.860476E-02     0.1207703      0.139342     0.1546653     0.1693394      0.180985     0.1899744     0.1986251     0.2069273     0.2148734     0.2224583     0.2296803
     0.2382591     0.2493735     0.2607154     0.2707508     0.2795427     0.2871197     0.2935838     0.3044972     0.3181789     0.3218754             0
             0    -0.4162536    -0.4102202    -0.4036047    -0.3976896    -0.3900581     -0.380486    -0.3702426    -0.3618679    -0.3545902    -0.3467289    -0.3361721    -0.3198778    -0.2990504    -0.2762172    -0.2516378    -0.2255792    -0.1982476    -0.1698582    -0.1406547
     -0.110968 -8.219228E-02 -4.738485E-02 -1.228851E-02  2.198066E-02  5.586396E-02  8.920693E-02     0.1218246     0.1534908     0.1839326     0.2092228     0.2298668     0.2493313     0.2644511     0.2759122     0.2867051     0.2968016     0.3061804     0.3148286     0.3227421
     0.3317255     0.3424727     0.3521299     0.3593951     0.3645993     0.3680068     0.3699238     0.3713419     0.3648908     0.3479778             0
             0    -0.4786185     -0.480794    -0.4790087    -0.4761376    -0.4710535    -0.4631676     -0.453325    -0.4445407     -0.436536    -0.4275373    -0.4150479    -0.3950193    -0.3685597    -0.3390589    -0.3071173    -0.2733052    -0.2380309    -0.2016374    -0.1644414
    -0.1268183 -9.044615E-02    -0.0464173 -1.953991E-03  4.167752E-02  8.516493E-02     0.1284184     0.1712698     0.2134366     0.2544866     0.2888983     0.3170387     0.3434425     0.3636528     0.3787099     0.3925387     0.4050365     0.4161224     0.4257448     0.4338869
     0.4422413      0.450312     0.4547641     0.4553222     0.4530646     0.4487933     0.4431744     0.4302705     0.4001387     0.3651238             0
             0    -0.5260464    -0.5401059    -0.5466725    -0.5496984    -0.5503528    -0.5473125    -0.5400996    -0.5319503    -0.5236953    -0.5136568    -0.4989071    -0.4739166    -0.4398089    -0.4016081     -0.360643    -0.3179806    -0.2742565    -0.2298791    -0.1851333
    -0.1403192 -9.724118E-02 -4.514343E-02  7.579389E-03  5.969594E-02     0.1122938      0.165551     0.2195537     0.2742231     0.3292099     0.3769346     0.4169229     0.4551765     0.4847018     0.5065717     0.5262668     0.5433657     0.5574964     0.5683959      0.575968
     0.5814008     0.5814272     0.5731338     0.5595985     0.5436585     0.5269756     0.5105199     0.4791301     0.4253105     0.3761079             0
             0    -0.5537578    -0.5789721    -0.5951487    -0.6059319    -0.6154354    -0.6214529    -0.6206636    -0.6150518     -0.607291    -0.5960426    -0.5778507    -0.5451239    -0.5003535    -0.4515916    -0.4010524    -0.3500874    -0.2992492    -0.2487365    -0.1986013
    -0.1489286    -0.1014742 -4.418559E-02  1.389271E-02  7.168489E-02      0.130708     0.1915592     0.2548538     0.3211807     0.3909947      0.455207     0.5118626     0.5692359     0.6161203     0.6519358     0.6847625     0.7129751     0.7347593     0.7484811     0.7533515
     0.7493441     0.7279037     0.6924427     0.6543971       0.61861     0.5866293     0.5586389     0.5100815     0.4392528     0.3817194             0
             0    -0.5664881    -0.5980622    -0.6206051    -0.6372322    -0.6546044    -0.6706612     -0.679512    -0.6791327    -0.6730666     -0.659797    -0.6359586    -0.5929864    -0.5374294    -0.4799985     -0.422754    -0.3666271    -0.3117419    -0.2579615    -0.2050899
    -0.1530313    -0.1034711    -0.0437068  1.693558E-02  7.749019E-02     0.1397321     0.2045502     0.2729822     0.3462583     0.4258338     0.5024177     0.5732935     0.6497021     0.7173796     0.7724475     0.8264766     0.8759561     0.9152694     0.9367796     0.9337419
     0.9074075     0.8478617     0.7771298      0.714211     0.6617855     0.6187609     0.5833721     0.5248767     0.4454959     0.3841435             0
             0    -0.5736049    -0.6091369    -0.6360214     -0.657029    -0.6811561     -0.707849    -0.7311072    -0.7430773     -0.743851    -0.7235584     -0.687138    -0.6294166    -0.5627997    -0.4981596    -0.4360378    -0.3764696    -0.3190387    -0.2632826    -0.2088012
    -0.1553643    -0.1046011 -4.342933E-02  1.867364E-02  8.081526E-02     0.1449344     0.2121181     0.2837098     0.3614462     0.4476726     0.5334337      0.615896     0.7098528     0.8001646     0.8796065     0.9659188      1.056232      1.141334      1.196802      1.160307
      1.076474     0.9536384     0.8414034     0.7551897     0.6894029     0.6384035     0.5980622     0.5333161     0.4489413     0.3854583             0
             0    -0.5772694    -0.6149908    -0.6444626    -0.6683326    -0.6975704    -0.7346479    -0.7800152    -0.8288028     -0.875811    -0.8091891    -0.7358304     -0.655822    -0.5785992    -0.5086113    -0.4433632    -0.3817667    -0.3229087    -0.2660788    -0.2107398
    -0.1565783    -0.1051873 -4.328344E-02  1.958017E-02  8.255295E-02     0.1476653     0.2161198     0.2894467     0.3697121     0.4598943     0.5515302     0.6421044     0.7499921     0.8618364     0.9691531      1.102223      1.274333      1.509727      1.868223      1.532542
      1.268192      1.041804      0.885466     0.7802418     0.7051905     0.6491973     0.6059517     0.5377193     0.4507007     0.3861224             0
