 51            10 
             0    -0.2565627    -0.2474861    -0.2403055    -0.2346541    -0.2281477    -0.2207894    -0.2136132    -0.2080984    -0.2034821    -0.1986644    -0.1923946    -0.1831104    -0.1717649     -0.159736    -0.1470868    -0.1338803    -0.1201657    -0.1059985 -9.143456E-02
 -7.650534E-02 -6.112301E-02    -0.0446033 -2.799408E-02 -1.136035E-02  5.221277E-03  2.168336E-02  3.797346E-02  5.403825E-02  6.982084E-02  8.333318E-02  9.469789E-02     0.1058253     0.1148864     0.1220175      0.129028     0.1359174      0.142687     0.1493397     0.1558789
      0.163916     0.1744094     0.1855709     0.1959141     0.2053992     0.2143578      0.222751     0.2383643     0.2653433     0.2882335             0
             0    -0.2618175    -0.2527033     -0.245415    -0.2397092    -0.2331966    -0.2258008    -0.2185612    -0.2129836     -0.208306    -0.2034134    -0.1970292    -0.1875311    -0.1758772    -0.1634703    -0.1504438    -0.1369444    -0.1228759    -0.1082774 -9.321504E-02
 -7.774975E-02 -6.185403E-02 -4.509333E-02 -2.812764E-02    -0.0110737  5.878673E-03  2.262914E-02  3.921268E-02  5.559039E-02  7.169046E-02  8.545828E-02  9.701824E-02     0.1083117     0.1174795     0.1246697     0.1316968     0.1385557     0.1452656     0.1518408      0.158296
     0.1662393     0.1767194     0.1879794     0.1985435      0.208306     0.2174747     0.2259819     0.2416871     0.2682168     0.2901221             0
             0    -0.3398285    -0.3302821    -0.3221079    -0.3155041    -0.3077399    -0.2986684    -0.2895479    -0.2823885    -0.2763135    -0.2698883    -0.2614163    -0.2486293    -0.2326756    -0.2154581    -0.1971853    -0.1780962     -0.158086    -0.1372394    -0.1156781
 -9.351543E-02 -7.073934E-02 -4.675972E-02 -2.252351E-02  1.774711E-03  2.583368E-02  4.947527E-02  7.271048E-02  9.543976E-02     0.1175125     0.1360979     0.1514847     0.1662711     0.1780481     0.1871544     0.1959166     0.2043243     0.2123987     0.2201556     0.2276116
     0.2365837     0.2480112     0.2596434     0.2699495     0.2788783     0.2867095      0.293459     0.3049702     0.3196748     0.3240005             0
             0    -0.4170586    -0.4112227    -0.4046988    -0.3988543    -0.3913744     -0.381943    -0.3718063    -0.3634956    -0.3562595    -0.3484258    -0.3378796    -0.3215303    -0.3005551    -0.2774876    -0.2526925    -0.2266324    -0.1992369    -0.1706758    -0.1411486
    -0.1108284 -7.970809E-02    -0.0469939 -1.389678E-02  1.932745E-02  5.227448E-02  8.468909E-02     0.1165611     0.1477015     0.1778202     0.2029673     0.2235714     0.2430807     0.2583088      0.269886     0.2808042     0.2910299     0.3005778     0.3094595     0.3176912
     0.3272022      0.338514     0.3487546     0.3566559     0.3623631     0.3663376     0.3688118     0.3712932     0.3665426     0.3503364             0
             0    -0.4799245     -0.482771    -0.4814779    -0.4789031    -0.4742124    -0.4667104    -0.4571434    -0.4485011    -0.4405723    -0.4316044    -0.4190883     -0.398864    -0.3719746    -0.3419115    -0.3093945    -0.2753624    -0.2398384    -0.2031033     -0.165417
    -0.1269652 -8.768079E-02 -4.650078E-02  -4.74695E-03  3.736327E-02  7.942711E-02     0.1212066     0.1627531     0.2038345      0.244008     0.2778058     0.3055265     0.3316393     0.3517354     0.3667687     0.3806244     0.3931873     0.4044271     0.4143258     0.4228906
     0.4319791     0.4411431     0.4468387     0.4488427     0.4478705     0.4447934     0.4402401     0.4292106     0.4017352     0.3676238             0
             0    -0.5279881    -0.5436568     -0.551666    -0.5556194    -0.5574065    -0.5555381    -0.5491645    -0.5414011    -0.5333066    -0.5232632    -0.5082945    -0.4825707    -0.4471548    -0.4075096    -0.3651052    -0.3216767     -0.277292    -0.2322519    -0.1867552
    -0.1408736 -9.436094E-02 -4.579919E-02  3.559033E-03  5.367177E-02     0.1043013     0.1554129     0.2073316     0.2600158      0.313085     0.3591507     0.3977551     0.4347234     0.4633374     0.4845983     0.5038182     0.5205725     0.5345984     0.5457083     0.5538478
     0.5604458      0.562891     0.5574794     0.5471812     0.5340939     0.5197378     0.5051712     0.4768353     0.4267596     0.3786897             0
             0    -0.5562435    -0.5842401    -0.6033673    -0.6163032    -0.6286225    -0.6378998    -0.6396995    -0.6352794    -0.6279284    -0.6164656    -0.5972863      -0.56207    -0.5137535    -0.4617016    -0.4082221     -0.355612    -0.3035324    -0.2519606    -0.2007941
    -0.1498371 -9.858277E-02 -4.527175E-02  9.009954E-03  6.445085E-02     0.1210733     0.1791923      0.239635     0.3029525     0.3694493     0.4303068     0.4837388     0.5375558     0.5813025     0.6146231     0.6450935     0.6712297     0.6916267     0.7050232     0.7108344
      0.709413     0.6942612     0.6658266     0.6345707     0.6042429     0.5761912     0.5510862     0.5068009     0.4405736     0.3843393             0
             0    -0.5692686    -0.6044011    -0.6311011    -0.6510571    -0.6731834    -0.6954815    -0.7102218     -0.712961    -0.7079756     -0.693837    -0.6670949    -0.6183008    -0.5560877    -0.4933355    -0.4317966    -0.3733149    -0.3167691    -0.2616685    -0.2075948
    -0.1541298     -0.100587 -4.500923E-02  1.162886E-02  6.965774E-02     0.1292712     0.1910315     0.2561541     0.3257493     0.4009681      0.472718     0.5384929     0.6085591     0.6697121     0.7189063     0.7665626     0.8095824     0.8436109     0.8628403     0.8623024
      0.842972     0.7977641      0.740591     0.6886177     0.6441422     0.6063481     0.5745488     0.5210793     0.4467499     0.3867792             0
             0    -0.5765639    -0.6161749    -0.6481231    -0.6734614    -0.7042516    -0.7407836    -0.7753653    -0.7951325    -0.7997236    -0.7758318     -0.731829    -0.6628138    -0.5858409    -0.5139214    -0.4463873    -0.3839265    -0.3245393    -0.2672885    -0.2114954
    -0.1565769    -0.1017247 -4.485749E-02  1.312269E-02  7.263688E-02     0.1339914     0.1979176     0.2659079     0.3395115     0.4206272     0.5003645     0.5760372     0.6607675     0.7403522     0.8089951     0.8818585      0.956031      1.024217      1.067905      1.042697
       0.97962     0.8860093     0.7960781     0.7251027     0.6694466     0.6246905     0.5884386     0.5292107      0.450156     0.3881024             0
             0    -0.5803252    -0.6224291    -0.6575451    -0.6864675    -0.7239684    -0.7746937    -0.8398691    -0.9106729    -0.9959922    -0.8912786    -0.7961143    -0.6962944    -0.6048376    -0.5259526    -0.4545053    -0.3896688    -0.3286751    -0.2702491    -0.2135368
    -0.1578522    -0.1023159 -4.477786E-02  1.390121E-02  7.419279E-02     0.1364674     0.2015549     0.2711162     0.3469838     0.4315853     0.5163867     0.5988932     0.6950467     0.7917508     0.8820279     0.9903297      1.125072      1.301596      1.547618      1.322233
      1.127719     0.9569597     0.8332562     0.7470918     0.6838028     0.6347288     0.5958803     0.5334489     0.4518944     0.3887706             0
