 51            10 
             0    -0.2582315    -0.2494015    -0.2425834    -0.2370827    -0.2306451    -0.2234675    -0.2165626    -0.2113103    -0.2069441    -0.2024193    -0.1965733    -0.1880125    -0.1775318    -0.1660099    -0.1529209    -0.1387348     -0.124681    -0.1100475 -9.483083E-02
 -7.962763E-02 -6.447936E-02 -4.873298E-02    -0.0324861 -1.655826E-02 -2.041885E-04  1.646773E-02  3.251891E-02  4.873217E-02  6.502371E-02  7.856862E-02  8.971482E-02     0.1003739     0.1088185       0.11532     0.1219918     0.1288118     0.1353282     0.1415257     0.1478667
     0.1559552     0.1662972     0.1776215     0.1883755     0.1976197     0.2075903      0.217952     0.2358366      0.263681      0.287342             0
             0     -0.262826    -0.2538775    -0.2469299    -0.2413304    -0.2347813    -0.2274564    -0.2203821    -0.2149849    -0.2104897    -0.2058228    -0.1997832    -0.1909217    -0.1800707    -0.1681689    -0.1547486     -0.140295    -0.1259463    -0.1109656     -0.095357
 -7.970548E-02 -6.405892E-02 -4.780589E-02 -3.107395E-02 -1.466492E-02  2.130074E-03  1.918253E-02  3.560082E-02  5.218297E-02  6.882586E-02  8.269045E-02  9.412543E-02     0.1050855     0.1137799     0.1204686      0.127309     0.1342704     0.1409065     0.1472085     0.1536441
     0.1618194     0.1722677      0.183706     0.1945272     0.2038276     0.2136882     0.2236183     0.2406396     0.2674892      0.289924             0
             0     -0.341241    -0.3319958    -0.3243048    -0.3178999    -0.3101756    -0.3012705    -0.2924169    -0.2855226    -0.2797062    -0.2735935    -0.2655912    -0.2536615    -0.2387774     -0.222201    -0.2032885    -0.1827453    -0.1623243    -0.1409441     -0.118617
 -9.619796E-02 -7.377875E-02 -5.050756E-02 -2.659018E-02 -3.199539E-03  2.064275E-02  4.472493E-02  6.774873E-02  9.078483E-02     0.1136497     0.1324258     0.1477094     0.1621336     0.1733708     0.1818978     0.1904851     0.1990936     0.2071635     0.2146862     0.2222112
     0.2315835     0.2431693      0.255206     0.2660044     0.2747286     0.2832879     0.2913592     0.3041528     0.3195828     0.3239574             0
             0    -0.4196391    -0.4147657    -0.4092143    -0.4039909    -0.3970051    -0.3881579    -0.3786024      -0.37075    -0.3639109    -0.3565143    -0.3465809    -0.3312795    -0.3115298    -0.2890157    -0.2629659    -0.2344641    -0.2062367    -0.1767478    -0.1460216
    -0.1152394 -8.451958E-02 -5.268048E-02 -1.998191E-02  1.199344E-02  4.459802E-02  7.754262E-02     0.1090345     0.1404954     0.1715983     0.1969384     0.2173699     0.2363946     0.2509457     0.2618166     0.2725594     0.2831154     0.2927783     0.3015378     0.3100154
     0.3202222     0.3321064     0.3432482     0.3521398     0.3583072     0.3631276     0.3666704     0.3703961     0.3669914     0.3504243             0
             0    -0.4845061    -0.4902237    -0.4914204    -0.4908345    -0.4881723     -0.482641    -0.4745951    -0.4668783    -0.4596004    -0.4512031    -0.4393267    -0.4199495    -0.3937487    -0.3632487    -0.3278169    -0.2892365     -0.251694    -0.2130626    -0.1733107
    -0.1338934 -9.485127E-02 -5.456923E-02 -1.324882E-02  2.723511E-02  6.871805E-02     0.1109257     0.1516384     0.1927311      0.233712     0.2673051     0.2944112     0.3195382     0.3385241     0.3525114     0.3660574     0.3790424     0.3905408     0.4005215     0.4096521
     0.4199657     0.4305741      0.438251     0.4422836     0.4431373     0.4413042     0.4375193     0.4278671     0.4025396     0.3678122             0
             0     -0.535175    -0.5575362    -0.5717323    -0.5812471    -0.5893949    -0.5937703    -0.5919227    -0.5864432    -0.5795603    -0.5700939    -0.5551345    -0.5283605    -0.4906479    -0.4470086    -0.3975846    -0.3453154    -0.2963354    -0.2475162    -0.1984861
    -0.1507609    -0.1040925 -5.629956E-02 -7.370245E-03  4.071512E-02  9.038739E-02     0.1415483     0.1917582      0.243582     0.2965189     0.3410661     0.3776775     0.4121062     0.4382651      0.457437     0.4757077     0.4927315     0.5070818     0.5185933     0.5279035
     0.5368011     0.5427076     0.5417827     0.5357473     0.5271271      0.515065     0.5011073     0.4746947     0.4277551     0.3789493             0
             0     -0.565686    -0.6051877    -0.6365428    -0.6617168    -0.6897866    -0.7164288    -0.7320929     -0.734394    -0.7297649    -0.7180154    -0.6952527    -0.6509982     -0.590839    -0.5262136    -0.4581912    -0.3903019    -0.3299384       -0.2722    -0.2158509
    -0.1621002    -0.1102306 -5.750405E-02 -3.630631E-03  4.946395E-02     0.1047444     0.1624016     0.2200834     0.2812718     0.3459384      0.402872     0.4516127     0.4995715     0.5377049     0.5663396     0.5939868     0.6195104     0.6399034     0.6540875     0.6621376
     0.6651171     0.6577799     0.6388277     0.6156934     0.5937289     0.5697271     0.5453486     0.5038509     0.4416349     0.3846377             0
             0    -0.5799381    -0.6297731    -0.6736351    -0.7121902    -0.7607783    -0.8166191    -0.8636428    -0.8843933    -0.8863001    -0.8681497    -0.8271297    -0.7518994    -0.6628267    -0.5772459    -0.4940437    -0.4151561    -0.3476155     -0.284747    -0.2244654
    -0.1676385    -0.1132064 -5.810035E-02 -1.857149E-03  5.365684E-02     0.1117049     0.1726779     0.2343702     0.3009503     0.3730073     0.4387892     0.4973529     0.5580823      0.609825     0.6508781     0.6929732     0.7337995     0.7669078     0.7872154     0.7903116
      0.778103     0.7464406      0.704312     0.6640137     0.6310048      0.598664     0.5677483     0.5176654     0.4478313     0.3870947             0
             0    -0.5879772    -0.6444419    -0.6973096    -0.7466812    -0.8145512    -0.9047399     -1.003753     -1.071594     -1.100561     -1.055488    -0.9675752    -0.8407663    -0.7176801     -0.612552     -0.517292    -0.4305476    -0.3582324    -0.2921322    -0.2294668
    -0.1708264    -0.1149123 -5.844556E-02  -8.51684E-04  5.604679E-02     0.1156968     0.1786241     0.2427466      0.312728     0.3897118     0.4619036     0.5282792     0.6005113     0.6667736      0.723291     0.7871446     0.8566622     0.9218636      0.966558      0.947785
     0.8953595     0.8221124       0.75267      0.696305     0.6544514     0.6161891     0.5809461     0.5255097     0.4512457     0.3884273             0
             0     -0.592142    -0.6523567    -0.7108271    -0.7677249    -0.8513326    -0.9778871     -1.161409     -1.374269     -1.626893     -1.358263     -1.125481    -0.9144976     -0.755312     -0.634268    -0.5307091    -0.4390808    -0.3639757    -0.2960672    -0.2321055
    -0.1724983    -0.1158044 -5.862719E-02 -3.296568E-04  5.729203E-02     0.1177853     0.1817544     0.2471982     0.3190857     0.3989557     0.4751843     0.5469402     0.6281713      0.708097      0.782172     0.8774531       1.00345       1.17094      1.410481      1.206346
         1.027     0.8839027     0.7852121     0.7156768     0.6676832     0.6257558      0.587995     0.5295901     0.4529876     0.3891003             0
