 51            10 
             0    -0.2564825      -0.24741    -0.2402331    -0.2345823    -0.2280737    -0.2207128    -0.2135348     -0.208019    -0.2034023    -0.1985845    -0.1923153    -0.1830336     -0.171693    -0.1596709    -0.1470277    -0.1338254    -0.1201208    -0.1059791 -9.148155E-02
 -7.676095E-02 -6.225361E-02 -4.768724E-02 -2.999798E-02 -1.259634E-02  4.518126E-03     0.0213393  3.784769E-02  5.400782E-02  6.976874E-02  8.315343E-02  9.432652E-02     0.1051624     0.1138752     0.1206575     0.1272349     0.1335886      0.139697     0.1455352     0.1510751
     0.1575875     0.1672843     0.1780337     0.1892906     0.2011078      0.211564     0.2208986     0.2376445     0.2651784     0.2879259             0
             0     -0.261649    -0.2525301    -0.2452697    -0.2395662    -0.2330162    -0.2255928    -0.2183328    -0.2127412    -0.2080532    -0.2031521     -0.196762    -0.1872719    -0.1756397     -0.163279     -0.150285    -0.1367498    -0.1226761    -0.1081134 -9.314571E-02
 -7.791083E-02 -6.277997E-02 -4.641355E-02 -2.844158E-02 -1.103375E-02  6.119997E-03  2.305183E-02  3.975732E-02  5.619833E-02  7.231569E-02  8.607452E-02     0.0976135     0.1088706     0.1179931     0.1251417      0.132131     0.1389527     0.1455979     0.1520496       0.15827
     0.1656524     0.1762642     0.1874519     0.1982468     0.2083691     0.2175866     0.2260896     0.2417393     0.2681747     0.2899793             0
             0    -0.3395901    -0.3300208    -0.3218662    -0.3152587    -0.3074427    -0.2983302    -0.2891782    -0.2819974    -0.2759067    -0.2694688    -0.2609878    -0.2482122    -0.2322931     -0.215147     -0.196929    -0.1777973    -0.1577854    -0.1369925    -0.1155657
 -9.372752E-02 -7.203446E-02 -4.858996E-02 -2.289788E-02  1.913565E-03  2.626333E-02  5.016549E-02  7.357599E-02  9.639713E-02     0.1184969     0.1370725     0.1524332     0.1671738     0.1788938      0.187948     0.1966642     0.2050288     0.2130301     0.2206482      0.227842
     0.2361918     0.2477359     0.2593049     0.2697916      0.279033     0.2868809     0.2936004     0.3050159     0.3195624     0.3238222             0
             0    -0.4166533    -0.4107019    -0.4041276    -0.3982466    -0.3906755    -0.3811623    -0.3709634    -0.3626144    -0.3553526    -0.3475008    -0.3369457    -0.3206262    -0.2997334    -0.2768038     -0.252138    -0.2260598    -0.1986922    -0.1702255    -0.1408936
    -0.1110154    -0.0813558 -4.933447E-02 -1.421924E-02  1.973619E-02  5.311403E-02  8.592715E-02     0.1180887     0.1494105      0.179625     0.2048101     0.2254204     0.2449051     0.2600819     0.2716056     0.2824723     0.2926501     0.3021148     0.3108397      0.318783
     0.3276308     0.3389598     0.3491135     0.3570171      0.362848     0.3667432     0.3691221     0.3714159     0.3663895     0.3501279             0
             0     -0.479245    -0.4817108    -0.4801375    -0.4774039    -0.4724876    -0.4647663    -0.4550408    -0.4463154    -0.4383406    -0.4293517    -0.4168462    -0.3967295    -0.3700829    -0.3403424    -0.3081647    -0.2742306     -0.238836    -0.2022904    -0.1648981
    -0.1270255     -0.089572 -4.921719E-02 -4.881569E-03  3.819962E-02  8.087616E-02     0.1232603     0.1653069      0.206786     0.2472821     0.2813281     0.3092366     0.3354967     0.3556634     0.3707238       0.38459     0.3971562     0.4083427     0.4180907     0.4263562
     0.4347733     0.4436148     0.4490269     0.4505139     0.4491595     0.4457496      0.440939     0.4295132     0.4015771     0.3673961             0
             0     -0.526957    -0.5417192    -0.5489042    -0.5523524     -0.553502    -0.5509705    -0.5441209    -0.5361366    -0.5279475    -0.5179009    -0.5030476    -0.4777303    -0.4430555    -0.4042278    -0.3626626    -0.3196295    -0.2756014    -0.2309306     -0.185879
    -0.1407354 -9.639281E-02 -4.876134E-02  3.683616E-03  5.500763E-02     0.1064694     0.1584716     0.2112404     0.2647601     0.3187093     0.3656427     0.4050495     0.4428427     0.4721048     0.4938326     0.5134546     0.5305511      0.544764     0.5558435     0.5636993
     0.5696051     0.5705726     0.5639564      0.551714     0.5370085     0.5217163     0.5065403     0.4774042     0.4266183     0.3784504             0
             0    -0.5549102    -0.5813419    -0.5987819    -0.6105357    -0.6212806     -0.628735    -0.6291087     -0.624043    -0.6164663    -0.6051051    -0.5864401    -0.5525807    -0.5062575    -0.4560532    -0.4042746    -0.3525422    -0.3011414    -0.2501612    -0.1996007
    -0.1495193     -0.100669 -4.835335E-02  9.347261E-03  6.617767E-02     0.1238261     0.1831221     0.2448257     0.3095884     0.3778942     0.4408635     0.4965382     0.5530556     0.5993643      0.634802       0.66734     0.6953688     0.7171335      0.731097     0.7365988
     0.7340239     0.7135165     0.6805078     0.6439883     0.6096008     0.5795254     0.5532552     0.5076272     0.4404526     0.3840944             0
             0    -0.5677713    -0.6009027    -0.6252258     -0.643351    -0.6628416    -0.6817374    -0.6934578     -0.694735    -0.6892401    -0.6754751    -0.6500552    -0.6042296    -0.5456705    -0.4858786    -0.4268096    -0.3695948    -0.3139604    -0.2595977    -0.2062276
    -0.1537144    -0.1026917 -4.814027E-02  1.207693E-02  7.158674E-02      0.132334     0.1954421     0.2620929     0.3335756     0.4113707     0.4864338      0.556063      0.631311     0.6980902     0.7524433      0.805721     0.8543995     0.8930178     0.9144608     0.9130079
     0.8903437     0.8319346     0.7640011     0.7025962     0.6514941     0.6106689     0.5772515     0.5220549     0.4466406      0.386532             0
             0    -0.5749671    -0.6122847    -0.6413384     -0.664299    -0.6914418    -0.7228246    -0.7522324    -0.7689174    -0.7713699    -0.7494755    -0.7084138    -0.6445441     -0.573038    -0.5051152     -0.440677    -0.3797768    -0.3214648    -0.2650496    -0.2100227
    -0.1561025    -0.1038379 -4.801464E-02  1.363625E-02  7.468531E-02       0.13724     0.2026222     0.2723188     0.3481218      0.432397      0.516454     0.5974768     0.6899978      0.778976     0.8570518      0.941344      1.028439       1.10873      1.159235       1.13002
      1.056962     0.9371604     0.8277906     0.7429767     0.6783384      0.629717      0.591503     0.5302798     0.4500538      0.387854             0
             0    -0.5786745    -0.6183143    -0.6502059    -0.6763636    -0.7094157    -0.7533802    -0.8105665    -0.8706611    -0.9170721     -0.851124    -0.7665296    -0.6746914    -0.5903586    -0.5162782    -0.4483582    -0.3852707    -0.3254513    -0.2679178    -0.2120068
    -0.1573461    -0.1044329 -4.794794E-02  1.444964E-02  7.630484E-02     0.1398159     0.2064203     0.2777907     0.3560464     0.4441821     0.5340055     0.6230093     0.7292097     0.8391247     0.9438647      1.071759      1.232156      1.438572      1.709125      1.464077
      1.241321        1.0252     0.8717578     0.7678074     0.6937114     0.6401899     0.5991576     0.5345698     0.4517961     0.3885216             0
