 51            10 
             0    -0.2274984    -0.2207671    -0.2150876    -0.2105416    -0.2052466    -0.1992162    -0.1933103    -0.1887623    -0.1849514    -0.1809709     -0.175787    -0.1681033    -0.1586989    -0.1499578    -0.1419837    -0.1335901    -0.1211386    -0.1073832 -9.351128E-02
 -7.879368E-02 -6.357083E-02 -4.788445E-02 -3.183212E-02 -1.560942E-02  8.680552E-04  1.761886E-02  3.461507E-02  5.086952E-02  6.606033E-02  7.921363E-02     0.0902655     0.1010437     0.1098014     0.1167151     0.1235769     0.1304106     0.1372119     0.1440097     0.1503818
     0.1577387     0.1681179     0.1793548     0.1897506     0.1998597     0.2095789      0.218731     0.2359264     0.2639208     0.2875052             0
             0     -0.230629     -0.223895    -0.2181957    -0.2136283     -0.208302    -0.2022283    -0.1962715    -0.1916789    -0.1878273    -0.1838003    -0.1785505     -0.170755    -0.1611854    -0.1522553    -0.1440503    -0.1353306    -0.1225452    -0.1084488 -9.420919E-02
    -0.0790741 -6.339828E-02 -4.724198E-02 -3.072274E-02 -1.404162E-02  2.875913E-03  2.003866E-02  3.743149E-02  5.404432E-02  6.957621E-02  8.303358E-02  9.434648E-02     0.1053816     0.1143442     0.1214139     0.1284219     0.1353887     0.1423105     0.1492179     0.1556834
     0.1631527     0.1736432     0.1849447      0.195361     0.2054313     0.2150111     0.2239188     0.2405304     0.2675795     0.2898157             0
             0    -0.2801576    -0.2736695    -0.2678797     -0.263152    -0.2575449    -0.2510485    -0.2445787    -0.2395339    -0.2352715    -0.2307821     -0.224886    -0.2160341    -0.2050072    -0.1945646     -0.184815    -0.1742862    -0.1568849     -0.137083    -0.1168443
 -9.522624E-02 -7.279444E-02 -4.967623E-02 -2.607262E-02 -2.302972E-03  2.170545E-02  4.592915E-02  7.030271E-02     0.0933791     0.1146952     0.1328964     0.1479948     0.1624921     0.1740505     0.1830413     0.1918195     0.2004056     0.2087896     0.2170039      0.224548
     0.2330708     0.2446279     0.2564742     0.2667744     0.2761161     0.2844221     0.2916133     0.3040673     0.3195948     0.3238451             0
             0    -0.3227079    -0.3178593    -0.3129888    -0.3088661    -0.3038263    -0.2978305    -0.2917163    -0.2868717    -0.2827374    -0.2783415    -0.2725163    -0.2636589    -0.2524485     -0.241667    -0.2314568    -0.2202438    -0.1976919    -0.1709953    -0.1434083
    -0.1138523 -8.317421E-02 -5.157034E-02 -1.931308E-02  1.317294E-02  4.599708E-02  7.912415E-02     0.1124429     0.1439305     0.1728886     0.1974119     0.2175552     0.2366278     0.2515462     0.2629662     0.2739089     0.2843823     0.2943592     0.3038659     0.3123358
     0.3215575     0.3332822     0.3441623     0.3524827     0.3589076     0.3635715     0.3666529     0.3702632     0.3668811     0.3502609             0
             0    -0.3530325    -0.3506104    -0.3472975    -0.3442802    -0.3403774    -0.3355138    -0.3303615    -0.3261832    -0.3225711    -0.3186885    -0.3134972    -0.3055253    -0.2953607      -0.28556    -0.2763871    -0.2663678    -0.2388086     -0.204861    -0.1696399
    -0.1320231 -9.314133E-02 -5.320127E-02 -1.245665E-02  2.866707E-02  7.042158E-02     0.1128591     0.1559123     0.1969573     0.2350434     0.2674688     0.2940978     0.3191693     0.3385166     0.3531092     0.3668099     0.3795734     0.3913197     0.4020441     0.4111252
     0.4203821     0.4306621     0.4380506     0.4415786      0.442156     0.4403931     0.4369257     0.4276037     0.4023053     0.3675919             0
             0    -0.3737411    -0.3739762     -0.372514    -0.3708574    -0.3683937    -0.3649872    -0.3610734    -0.3577469    -0.3548004    -0.3515734    -0.3472034    -0.3404359    -0.3318799    -0.3238643    -0.3169793    -0.3100995    -0.2776252    -0.2362403    -0.1935193
    -0.1483305    -0.1020198 -5.469971E-02 -6.478851E-03  4.235801E-02  9.234456E-02     0.1437827      0.196842     0.2484191     0.2974582      0.340217       0.37588     0.4098171     0.4360363     0.4556527     0.4737415     0.4900593     0.5043405     0.5164542     0.5257176
     0.5338439     0.5395336     0.5387238     0.5328231     0.5234121     0.5119187     0.4995449     0.4742151     0.4274106     0.3786801             0
             0    -0.3848481    -0.3871103    -0.3872168    -0.3867778    -0.3856648      -0.38366    -0.3809062    -0.3783156    -0.3758973    -0.3731409    -0.3693084    -0.3632848    -0.3558446    -0.3493402    -0.3448674    -0.3418179    -0.3053633    -0.2580245    -0.2096982
    -0.1591801    -0.1078795 -5.574233E-02 -2.675636E-03     0.0512399     0.1068567     0.1648186     0.2257085     0.2863086     0.3458892     0.3999319     0.4465313     0.4924263     0.5289726     0.5566444      0.582163     0.6046676     0.6232408     0.6372328     0.6458004
     0.6505263     0.6457072     0.6295087     0.6089371     0.5863935     0.5638691     0.5426432      0.503145     0.4412183     0.3843383             0
             0     -0.389754     -0.393067    -0.3940556    -0.3943439    -0.3940965    -0.3930575    -0.3911367    -0.3890401    -0.3869248    -0.3843662    -0.3806804    -0.3747909    -0.3676918    -0.3618733    -0.3587813     -0.358162    -0.3194584    -0.2688761    -0.2176361
    -0.1644462    -0.1107094    -0.0562575 -8.714792E-04     0.0554956     0.1138879      0.175174     0.2402428     0.3059517     0.3720235     0.4337735     0.4886176     0.5446426     0.5912029     0.6274836     0.6617828     0.6922897     0.7167638     0.7331386     0.7398921
     0.7391681     0.7201049     0.6871548     0.6534495     0.6208697     0.5909067     0.5642793     0.5168235     0.4473799     0.3867813             0
             0     -0.392444    -0.3963808    -0.3979199    -0.3986836    -0.3990388    -0.3987347    -0.3975236    -0.3958669    -0.3939863    -0.3914837    -0.3877302    -0.3816956    -0.3746314    -0.3691458    -0.3669005    -0.3678711    -0.3277555    -0.2751907    -0.2222164
     -0.167467    -0.1123282 -5.655536E-02  1.515549E-04  5.792106E-02     0.1179187     0.1811617     0.2487529     0.3176494     0.3879752     0.4551154     0.5161361     0.5804545     0.6362202     0.6812317     0.7255254     0.7663924     0.7996675     0.8200509     0.8228025
     0.8134518     0.7766588     0.7270732     0.6822997     0.6421911     0.6070926     0.5769577     0.5245808     0.4507744      0.388106             0
             0    -0.3938121    -0.3980829    -0.3999288    -0.4009693    -0.4017003    -0.4019114    -0.4013097    -0.4001336    -0.3985361    -0.3959033    -0.3918654    -0.3855196    -0.3783484    -0.3729915    -0.3712038    -0.3730834    -0.3321772    -0.2785276    -0.2246225
    -0.1690475    -0.1131736 -5.671192E-02  6.827697E-04  5.918467E-02     0.1200269     0.1843121     0.2532703     0.3239366     0.3967158     0.4671368     0.5321604     0.6023421     0.6654715     0.7183458     0.7730985     0.8270954     0.8748919     0.9056098       0.89717
     0.8730819     0.8158801     0.7518337     0.6990157     0.6540279     0.6158404     0.5836992     0.5286123     0.4525058     0.3887751             0
