 51            10 
             0  3.874178E-02  3.893032E-02     0.0390473  3.913262E-02  3.922512E-02  3.932459E-02  3.941754E-02      0.039487  3.954415E-02  3.960287E-02  3.967817E-02  3.978746E-02      0.039918  4.005384E-02  4.019462E-02  4.033996E-02  4.048949E-02  4.064279E-02  4.079944E-02
  4.095903E-02  4.112109E-02  4.128519E-02  4.145087E-02  4.161767E-02  4.178513E-02  4.195277E-02  4.212015E-02  4.228679E-02  4.245225E-02     0.0425956  4.271734E-02  4.283775E-02  4.293685E-02     0.0430154  4.309317E-02  4.317011E-02  4.324616E-02  4.332129E-02  4.339543E-02
  4.348684E-02  4.361196E-02  4.375033E-02  4.388372E-02  4.401181E-02  4.413432E-02  4.425093E-02  4.447187E-02  4.487923E-02  4.524216E-02             0
             0  3.873811E-02  3.892682E-02  3.904394E-02  3.912938E-02  3.922201E-02  3.932163E-02  3.941472E-02  3.948429E-02  3.954154E-02  3.960035E-02  3.967578E-02  3.978525E-02  3.991602E-02  4.005209E-02  4.019312E-02  4.033873E-02  4.048853E-02  4.064211E-02  4.079906E-02
  4.095893E-02  4.112129E-02  4.128569E-02  4.145166E-02  4.161875E-02  4.178649E-02  4.195442E-02  4.212206E-02  4.228897E-02  4.245468E-02  4.259823E-02  4.272013E-02  4.284071E-02  4.293993E-02  4.301858E-02  4.309644E-02  4.317346E-02     0.0432496     0.0433248  4.339902E-02
  4.349051E-02  4.361575E-02  4.375422E-02     0.0438877  4.401587E-02  4.413843E-02  4.425509E-02  4.447608E-02  4.488342E-02  4.524605E-02             0
             0  3.868162E-02  3.887312E-02  3.899242E-02  3.907959E-02  3.917421E-02  3.927608E-02  3.937137E-02  3.944263E-02     0.0395013  3.956159E-02  3.963894E-02  3.975127E-02  3.988551E-02  4.002528E-02  4.017018E-02  4.031984E-02  4.047384E-02  4.063175E-02  4.079311E-02
  4.095748E-02  4.112439E-02  4.129335E-02  4.146386E-02  4.163545E-02  4.180762E-02  4.197986E-02  4.215169E-02  4.232262E-02  4.249216E-02  4.263888E-02  4.276337E-02     0.0428864  4.298755E-02  4.306767E-02  4.314694E-02     0.0432253  4.330271E-02  4.337911E-02  4.345446E-02
  4.354727E-02  4.367417E-02  4.381428E-02  4.394911E-02  4.407837E-02  4.420177E-02  4.431904E-02  4.454082E-02  4.494756E-02  4.530539E-02             0
             0  3.864108E-02  3.883443E-02  3.895523E-02  3.904358E-02  3.913958E-02  3.924303E-02  3.933988E-02  3.941233E-02  3.947201E-02  3.953336E-02  3.961209E-02  3.972647E-02  3.986324E-02  4.000569E-02  4.015344E-02  4.030608E-02  4.046318E-02  4.062429E-02  4.078894E-02
  4.095667E-02  4.112697E-02  4.129934E-02  4.147326E-02  4.164822E-02  4.182371E-02     0.0419992  4.217417E-02  4.234811E-02  4.252051E-02  4.266959E-02  4.279599E-02  4.292082E-02  4.302337E-02  4.310456E-02  4.318483E-02  4.326415E-02  4.334245E-02  4.341969E-02  4.349582E-02
  4.358953E-02  4.371754E-02  4.385868E-02  4.399433E-02  4.412419E-02      0.044248     0.0443655  4.458742E-02  4.499279E-02     0.0453462             0
             0  3.861591E-02  3.881033E-02      0.038932  3.902105E-02  3.911788E-02  3.922229E-02  3.932008E-02  3.939327E-02  3.945357E-02  3.951557E-02  3.959516E-02  3.971082E-02  3.984916E-02     0.0399933  4.014285E-02  4.029738E-02  4.045645E-02     0.0406196  4.078636E-02
  4.095624E-02  4.112871E-02  4.130327E-02  4.147938E-02  4.165653E-02  4.183416E-02  4.201174E-02  4.218874E-02  4.236463E-02  4.253889E-02  4.268948E-02  4.281711E-02  4.294309E-02  4.304653E-02  4.312839E-02     0.0432093  4.328921E-02  4.336807E-02  4.344582E-02  4.352242E-02
  4.361666E-02  4.374532E-02  4.388702E-02  4.402309E-02  4.415323E-02  4.427719E-02  4.439472E-02     0.0446165  4.502056E-02  4.537082E-02             0
             0  3.860039E-02  3.879542E-02     0.0389176  3.900707E-02  3.910439E-02  3.920937E-02  3.930774E-02  3.938138E-02  3.944206E-02  3.950446E-02  3.958458E-02  3.970103E-02  3.984036E-02  3.998555E-02  4.013622E-02  4.029194E-02  4.045225E-02  4.061668E-02  4.078477E-02
  4.095599E-02  4.112983E-02  4.130578E-02  4.148328E-02  4.166181E-02     0.0418408  4.201972E-02  4.219802E-02  4.237515E-02  4.255059E-02  4.270216E-02  4.283058E-02  4.295729E-02  4.306129E-02  4.314357E-02  4.322488E-02  4.330516E-02  4.338436E-02  4.346242E-02     0.0435393
  4.363387E-02  4.376289E-02  4.390491E-02  4.404119E-02  4.417145E-02  4.429544E-02  4.441293E-02  4.463451E-02  4.503755E-02  4.538571E-02             0
             0  3.859266E-02  3.878798E-02     0.0389104  3.900007E-02  3.909763E-02  3.920289E-02  3.930154E-02  3.937541E-02  3.943627E-02  3.949887E-02  3.957925E-02  3.969609E-02  3.983592E-02  3.998165E-02  4.013288E-02  4.028919E-02  4.045013E-02  4.061522E-02  4.078396E-02
  4.095587E-02  4.113041E-02  4.130706E-02  4.148527E-02  4.166449E-02  4.184418E-02  4.202379E-02  4.220274E-02  4.238052E-02  4.255657E-02  4.270863E-02  4.283745E-02  4.296454E-02  4.306883E-02  4.315133E-02  4.323284E-02  4.331331E-02  4.339268E-02     0.0434709  4.354792E-02
  4.364264E-02  4.377183E-02  4.391399E-02  4.405035E-02  4.418065E-02  4.430464E-02  4.442208E-02  4.464351E-02  4.504597E-02  4.539303E-02             0
             0  3.858936E-02  3.878479E-02  3.890732E-02  3.899707E-02  3.909473E-02     0.0392001  3.929888E-02  3.937284E-02  3.943378E-02  3.949647E-02  3.957696E-02  3.969397E-02  3.983401E-02  3.997997E-02  4.013145E-02  4.028801E-02  4.044922E-02  4.061458E-02  4.078362E-02
  4.095582E-02  4.113066E-02  4.130761E-02  4.148612E-02  4.166565E-02  4.184564E-02  4.202554E-02  4.220479E-02  4.238284E-02  4.255915E-02  4.271143E-02  4.284042E-02  4.296768E-02     0.0430721  4.315469E-02  4.323629E-02  4.331684E-02  4.339628E-02  4.347456E-02  4.355164E-02
  4.364643E-02  4.377569E-02  4.391791E-02     0.0440543  4.418461E-02  4.430858E-02  4.442601E-02  4.464737E-02  4.504957E-02  4.539615E-02             0
             0  3.858758E-02  3.878308E-02  3.890565E-02  3.899545E-02  3.909316E-02     0.0391986  3.929744E-02  3.937145E-02  3.943244E-02  3.949517E-02  3.957572E-02  3.969283E-02  3.983298E-02  3.997906E-02  4.013067E-02  4.028738E-02  4.044873E-02  4.061424E-02  4.078344E-02
  4.095579E-02     0.0411308  4.130791E-02  4.148659E-02  4.166628E-02  4.184643E-02  4.202649E-02  4.220589E-02  4.238409E-02  4.256054E-02  4.271295E-02  4.284204E-02  4.296938E-02  4.307387E-02  4.315652E-02  4.323816E-02  4.331875E-02  4.339823E-02  4.347655E-02  4.355366E-02
  4.364848E-02  4.377779E-02  4.392003E-02  4.405644E-02  4.418675E-02  4.431072E-02  4.442813E-02  4.464945E-02     0.0450515  4.539783E-02             0
             0  3.858668E-02  3.878221E-02  3.890481E-02  3.899463E-02  3.909237E-02  3.919784E-02  3.929671E-02  3.937075E-02  3.943176E-02  3.949452E-02     0.0395751  3.969225E-02  3.983246E-02     0.0399786  4.013028E-02  4.028705E-02  4.044848E-02  4.061407E-02  4.078334E-02
  4.095578E-02  4.113087E-02  4.130806E-02  4.148682E-02  4.166659E-02  4.184683E-02  4.202697E-02  4.220645E-02  4.238473E-02  4.256125E-02  4.271372E-02  4.284286E-02  4.297024E-02  4.307476E-02  4.315744E-02  4.323911E-02  4.331972E-02  4.339922E-02  4.347756E-02  4.355469E-02
  4.364952E-02  4.377884E-02     0.0439211  4.405752E-02  4.418783E-02     0.0443118     0.0444292     0.0446505  4.505248E-02  4.539867E-02             0
