 51            10 
             0 -1.735779E-03 -1.749529E-04  1.017242E-03  1.948223E-03  3.013625E-03   4.21081E-03  5.370695E-03  6.257707E-03  6.997823E-03  7.767842E-03  8.766948E-03  1.024031E-02  1.203281E-02  1.392767E-02  1.591816E-02     0.0179971  2.015693E-02  2.238974E-02     0.0246873
  2.704107E-02  2.944228E-02  3.188183E-02  3.435033E-02  3.683824E-02      0.039336  4.183418E-02     0.0443235  4.679498E-02  4.923995E-02  5.134887E-02  5.313308E-02  5.489072E-02  5.633078E-02  5.746865E-02  5.859152E-02  5.969865E-02  6.078929E-02  6.186276E-02  6.291839E-02
  6.421486E-02  6.597957E-02  6.791592E-02  6.976818E-02  7.153323E-02  7.320852E-02  7.479198E-02  7.777209E-02  8.318543E-02  8.821017E-02             0
             0 -2.003683E-03 -4.348719E-04  7.647655E-04  1.701969E-03  2.774911E-03  3.981001E-03  5.149896E-03  6.044002E-03  6.790144E-03   7.56654E-03  8.574052E-03  1.006008E-02  1.186839E-02  1.378032E-02  1.578907E-02  1.788735E-02  2.006748E-02  2.232142E-02  2.464078E-02
     0.0270169  2.944079E-02     0.0319032  3.439454E-02  3.690507E-02  3.942505E-02  4.194482E-02  4.445493E-02  4.694619E-02  4.940977E-02  5.153378E-02     0.0533301  5.509897E-02  5.654761E-02  5.769191E-02     0.0588208  5.993348E-02  6.102923E-02  6.210735E-02  6.316718E-02
  6.446834E-02  6.623843E-02  6.817918E-02  7.003416E-02  7.180037E-02  7.347536E-02  7.505722E-02  7.803182E-02  8.342148E-02  8.839764E-02             0
             0 -6.176655E-03 -4.490752E-03 -3.179211E-03 -2.147637E-03 -9.594875E-04  3.834727E-04  1.691579E-03  2.695656E-03     0.0035354  4.411009E-03  5.549507E-03  7.233379E-03  9.289205E-03  1.146907E-02  1.376482E-02  1.616756E-02  1.866776E-02  2.125527E-02  2.391942E-02
  2.664905E-02  2.943254E-02  3.225778E-02  3.511211E-02  3.798261E-02  4.085626E-02  4.372011E-02  4.656144E-02  4.936787E-02  5.212753E-02  5.449146E-02  5.647987E-02  5.842634E-02  6.001022E-02  6.125569E-02  6.247852E-02  6.367784E-02  6.485281E-02  6.600269E-02  6.712679E-02
  6.849895E-02  7.034906E-02  7.235247E-02  7.424273E-02  7.601868E-02  7.768011E-02  7.922757E-02  8.209696E-02  8.707821E-02     0.0912652             0
             0 -9.515008E-03 -7.785528E-03 -6.413209E-03  -5.32489E-03 -4.061821E-03 -2.624081E-03 -1.214486E-03 -1.275971E-04  7.839884E-04  1.737071E-03   2.97946E-03     0.0048235  7.084313E-03  9.490078E-03  1.203124E-02  1.469724E-02  1.747663E-02  2.035725E-02  2.332633E-02
     0.0263705  2.947582E-02  3.262774E-02  3.581091E-02     0.0390095     0.0422074  4.538836E-02  4.853618E-02  5.163483E-02     0.0546687  5.725353E-02     0.0594173  6.152371E-02  6.322703E-02  6.456025E-02     0.0658628  6.713359E-02  6.837165E-02  6.957614E-02  7.074637E-02
  7.216566E-02  7.405997E-02  7.608222E-02  7.796214E-02  7.970172E-02     0.0813043  8.277415E-02  8.545823E-02     0.0899151  9.332775E-02             0
             0 -1.176363E-02 -1.004682E-02 -8.658491E-03 -7.548372E-03 -6.249983E-03 -4.761194E-03 -3.291541E-03 -2.152964E-03  -1.19521E-03 -1.910815E-04  1.121233E-03  3.075917E-03  5.481967E-03  8.050488E-03  1.077031E-02  1.362909E-02     0.0166136       0.01971  2.290393E-02
     0.0261806  2.952472E-02  3.292036E-02  3.635066E-02  3.979809E-02  4.324457E-02     0.0466716  5.006025E-02  5.339133E-02  5.664551E-02  5.940888E-02  6.171436E-02  6.394928E-02  6.574719E-02  6.714883E-02  6.851215E-02  6.983571E-02  7.111829E-02  7.235893E-02  7.355691E-02
  7.500045E-02  7.690746E-02  7.891415E-02  8.075228E-02  8.242837E-02     0.0839504  8.532711E-02  8.780773E-02  9.178341E-02  9.460926E-02             0
             0 -1.323268E-02 -1.155349E-02 -1.017349E-02 -9.061896E-03 -7.752496E-03 -6.240629E-03 -4.738221E-03 -3.568825E-03 -2.582293E-03 -1.545198E-03 -1.864386E-04  1.844065E-03  4.352211E-03  7.036537E-03  9.883915E-03     0.0128801  1.601023E-02  1.925911E-02  2.261137E-02
  2.605149E-02  2.956367E-02  3.313152E-02  3.673768E-02  4.036403E-02  4.399176E-02  4.760124E-02      0.051172  5.468263E-02  5.811078E-02      0.061018  6.343896E-02  6.577924E-02  6.765447E-02     0.0691115  7.052308E-02  7.188724E-02  7.320233E-02  7.446712E-02  7.568082E-02
  7.713365E-02  7.903285E-02  8.100271E-02  8.278186E-02  8.438282E-02     0.0858191      0.087104  8.939602E-02  9.298418E-02  9.539925E-02             0
             0 -1.399409E-02 -1.234908E-02 -1.098404E-02 -9.879393E-03 -8.572041E-03 -7.055153E-03    -0.0055402 -4.356714E-03 -3.355999E-03 -2.301744E-03 -9.178434E-04  1.155284E-03  3.722128E-03  6.473231E-03  9.393653E-03  1.246767E-02  1.567932E-02     0.0190127  2.245203E-02
  2.598163E-02  2.958567E-02  3.324788E-02  3.695101E-02  4.067703E-02  4.440718E-02  4.812175E-02  5.179992E-02  5.541952E-02  5.895676E-02  6.195747E-02  6.445552E-02  6.686779E-02  6.879673E-02  7.029234E-02  7.173728E-02  7.312877E-02  7.446454E-02     0.0757429  7.696293E-02
  7.841485E-02  8.029582E-02  8.222444E-02  8.394881E-02  8.548743E-02  8.685829E-02  8.807777E-02  9.024274E-02  9.359931E-02  9.579265E-02             0
             0 -1.432514E-02 -1.269827E-02 -1.134243E-02 -1.024293E-02 -8.938825E-03 -7.422087E-03 -5.903305E-03 -4.714384E-03 -3.707735E-03 -2.645911E-03 -1.250541E-03  8.425352E-04  3.437016E-03  6.219321E-03  9.173485E-03  1.228305E-02  1.553159E-02  1.890292E-02  2.238115E-02
     0.0259506  2.959551E-02  3.329974E-02  3.704616E-02  4.081692E-02  4.459337E-02  4.835594E-02  5.208383E-02  5.575476E-02  5.934455E-02  6.239159E-02  6.492879E-02  6.737871E-02  6.933656E-02  7.085328E-02  7.231668E-02  7.372327E-02  7.507012E-02  7.635505E-02  7.757695E-02
     0.0790256  8.089197E-02  8.279358E-02  8.448555E-02  8.598977E-02  8.732633E-02  8.851282E-02  9.061571E-02  9.386538E-02  9.596076E-02             0
             0 -1.450525E-02 -1.288919E-02 -1.153916E-02 -1.044315E-02 -9.141627E-03 -7.625867E-03    -0.0061057  -4.91414E-03 -3.904365E-03 -2.838353E-03 -1.436466E-03  6.681105E-04  3.278466E-03  6.078517E-03  9.051687E-03  1.218112E-02  1.545015E-02  1.884247E-02  2.234215E-02
  2.593353E-02  2.960093E-02  3.332828E-02  3.709856E-02  4.089403E-02  4.469616E-02  4.848548E-02  5.224129E-02  5.594132E-02  5.956129E-02  6.263543E-02  6.519595E-02  6.766879E-02  6.964475E-02  7.117498E-02  7.265043E-02  7.406703E-02  7.542122E-02     0.0767102  7.793257E-02
  7.937771E-02  8.123262E-02  8.311556E-02  8.478662E-02  8.626959E-02  8.758562E-02     0.0887528  9.081994E-02  9.400978E-02  9.605146E-02             0
             0    -0.0145964 -1.298611E-02 -1.163932E-02 -1.054533E-02  -9.24544E-03 -7.730574E-03 -6.210072E-03 -5.017364E-03 -4.006067E-03 -2.937885E-03 -1.532524E-03  5.782199E-04  3.196992E-03  6.006337E-03  8.989369E-03  1.212905E-02  1.540859E-02  1.881164E-02  2.232228E-02
  2.592484E-02  2.960369E-02  3.334282E-02  3.712527E-02  4.093337E-02  4.474865E-02  4.855172E-02  5.232195E-02  5.603711E-02  5.967294E-02     0.0627615  6.533463E-02  6.782014E-02  6.980643E-02  7.134459E-02  7.282736E-02  7.425031E-02  7.560929E-02  7.690083E-02  7.812291E-02
  7.956486E-02  8.141173E-02     0.0832832  8.494224E-02  8.641347E-02  8.771841E-02  8.887534E-02  9.092373E-02  9.408274E-02  9.609713E-02             0
