 51            10 
             0    -0.2562816    -0.2472227    -0.2400536    -0.2344055    -0.2278966    -0.2205348    -0.2133565    -0.2078411    -0.2032252    -0.1984087    -0.1921422    -0.1828663    -0.1715354    -0.1595252    -0.1468933    -0.1337013    -0.1200134    -0.1059019 -9.144999E-02
 -7.673939E-02 -6.172154E-02 -4.451462E-02    -0.0273157 -1.019268E-02  6.788663E-03  2.356439E-02  4.007258E-02  5.625361E-02  7.205062E-02  8.549015E-02  9.673932E-02     0.1076987     0.1165754     0.1235342     0.1303463     0.1370077     0.1435149      0.149865     0.1560553
     0.1635906     0.1737086     0.1846052     0.1948296     0.2043812     0.2132642     0.2214872     0.2366396     0.2624532     0.2840256             0
             0    -0.2613661    -0.2522551    -0.2450178     -0.239315    -0.2327407    -0.2252938    -0.2180162    -0.2124137    -0.2077184    -0.2028124    -0.1964204    -0.1869399     -0.175333    -0.1630117     -0.150045    -0.1365001    -0.1224333    -0.1079112 -9.302048E-02
 -7.785694E-02     -0.062401 -4.478713E-02 -2.716067E-02 -9.615552E-03  7.779541E-03  2.495815E-02  4.185576E-02  5.840975E-02     0.0745596  8.828662E-02  9.976631E-02     0.1109385     0.1199763     0.1270549     0.1339772     0.1407392     0.1473372     0.1537684     0.1600303
     0.1676437     0.1778491     0.1888144     0.1990783      0.208641     0.2175067     0.2256864     0.2407072      0.266026     0.2867476             0
             0    -0.3392019    -0.3296238    -0.3214834    -0.3148693    -0.3070166    -0.2978679     -0.288688    -0.2814899    -0.2753877     -0.268942    -0.2604578    -0.2476966    -0.2318174     -0.214734    -0.1965632    -0.1774258    -0.1574296    -0.1366976    -0.1153793
 -9.363495E-02 -7.145339E-02 -4.616307E-02 -2.089216E-02  4.196352E-03  2.897303E-02  5.330747E-02  7.706708E-02     0.1001168     0.1223205     0.1408903     0.1561923     0.1708286     0.1824325      0.191385     0.1999967     0.2082595     0.2161669     0.2237146     0.2309003
     0.2394296     0.2504257     0.2615817     0.2713836     0.2799057      0.287235     0.2934688     0.3039499     0.3168859     0.3201765             0
             0    -0.4160588    -0.4100018    -0.4033726    -0.3974455    -0.3897961    -0.3802058     -0.369949    -0.3615671    -0.3542855    -0.3464225    -0.3358671    -0.3195832    -0.2987798    -0.2759791     -0.251429    -0.2253854    -0.1980716    -0.1697098    -0.1405344
     -0.110769 -8.037128E-02 -4.559211E-02 -1.082665E-02  2.372983E-02  5.791678E-02  9.155358E-02     0.1244306     0.1563028     0.1868875     0.2122456     0.2329123     0.2523667     0.2674541     0.2788787     0.2896262     0.2996702     0.3089911     0.3175771     0.3254243
     0.3343157     0.3448784       0.35424     0.3611616     0.3659611     0.3689668     0.3704956     0.3711778     0.3635104     0.3461068             0
             0    -0.4783371    -0.4804169    -0.4785604    -0.4756402    -0.4705003    -0.4625601    -0.4526795    -0.4438772    -0.4358642    -0.4268644    -0.4143831    -0.3943874    -0.3679934    -0.3385742    -0.3067113    -0.2729524    -0.2377265    -0.2013868    -0.1642371
    -0.1265136 -8.806304E-02 -4.396439E-02  1.871781E-04  4.429115E-02  8.827765E-02     0.1320252     0.1753324     0.2178872      0.259236     0.2938192     0.3220457     0.3484752      0.368661     0.3836777     0.3974491     0.4098766     0.4208832     0.4304209     0.4384751
     0.4467146      0.454589     0.4586717     0.4588109     0.4559998     0.4511188     0.4448843     0.4307996     0.3988194     0.3631507             0
             0    -0.5256607    -0.5394816    -0.5458404    -0.5487159    -0.5491999    -0.5459864    -0.5386501    -0.5304459    -0.5221706    -0.5121382     -0.497429    -0.4725559    -0.4386441    -0.4006584    -0.3598932    -0.3173728    -0.2737627    -0.2294879    -0.1848215
    -0.1398981 -9.434605E-02    -0.0420874  1.034755E-02  6.310884E-02     0.1163902     0.1703303      0.224967     0.2801683     0.3355311     0.3834027     0.4233797     0.4614793     0.4907708     0.5124152     0.5318676     0.5487329     0.5626677     0.5734335     0.5809483
     0.5864038      0.586615     0.5782946     0.5646237      0.548181     0.5307569     0.5134708     0.4804265     0.4241072     0.3740766             0
             0    -0.5532852    -0.5780832    -0.5938347    -0.6042742    -0.6133436    -0.6188526    -0.6176288    -0.6117962    -0.6039596    -0.5927699     -0.574782    -0.5424872    -0.4982648    -0.4500037    -0.3998801    -0.3491977    -0.2985646     -0.248215    -0.1981974
    -0.1484192 -9.824223E-02    -0.0407399  1.706102E-02  7.560384E-02     0.1354207     0.1970561      0.261049     0.3278831     0.3978707     0.4617754     0.5177594     0.5739716     0.6194674     0.6540008     0.6854691     0.7124065     0.7332178     0.7465041     0.7516179
     0.7486424     0.7295608     0.6960977     0.6593596     0.6237713     0.5912543      0.562398     0.5119132     0.4381412     0.3796613             0
             0    -0.5659688    -0.5970093    -0.6189525    -0.6350468    -0.6516575    -0.6666245    -0.6741539    -0.6727518    -0.6662082    -0.6533985    -0.6305665     -0.588918    -0.5345033    -0.4779141    -0.4212882     -0.365558     -0.310944    -0.2573663    -0.2046361
    -0.1524768    -0.1000772 -4.007601E-02  2.029207E-02  8.164525E-02     0.1447284     0.2103667     0.2794963     0.3531894      0.432651     0.5083157     0.5775656     0.6511743     0.7152569     0.7667329      0.816563     0.8616191      0.897115     0.9167895      0.915354
     0.8936554     0.8420476     0.7773742     0.7180377     0.6668412     0.6236479     0.5874711     0.5269646     0.4444302     0.3820744             0
             0    -0.5730573    -0.6079774    -0.6341293    -0.6544353     -0.677432    -0.7020907    -0.7215697    -0.7284846    -0.7252027    -0.7089483    -0.6775677    -0.6236324    -0.5591119    -0.4956906    -0.4343651    -0.3752815    -0.3181686    -0.2626419    -0.2083173
    -0.1547833    -0.1011149 -3.969362E-02  2.213616E-02  8.510271E-02     0.1500883     0.2181077     0.2903838     0.3684513      0.454306     0.5385738     0.6184361     0.7077145     0.7914606     0.8636889     0.9404469      1.018848      1.090878      1.136695       1.10939
      1.041697       0.93796     0.8376815     0.7576752     0.6941709     0.6433672      0.602331     0.5355486     0.4479022     0.3833834             0
             0    -0.5767066    -0.6137701    -0.6424227    -0.6654594    -0.6931875    -0.7267501    -0.7616744    -0.7851151    -0.7919987    -0.7654843    -0.7174581    -0.6479027    -0.5742631    -0.5058779    -0.4415629    -0.3805094     -0.321998    -0.2654131    -0.2102396
    -0.1559832     -0.101653 -3.949329E-02  2.309749E-02  8.690856E-02     0.1528996      0.222196     0.2961949     0.3767306     0.4663589     0.5560715      0.643249     0.7447214     0.8467252     0.9420329       1.05661      1.199588      1.386591      1.645489      1.407903
      1.201632      1.015169     0.8780966     0.7815818     0.7096807     0.6541634     0.6102973     0.5400264     0.4496755     0.3840446             0
