 51            10 
             0  1.809051E-02  1.933246E-02  2.001783E-02  2.053334E-02  2.111509E-02  2.176464E-02  2.239164E-02  2.287018E-02  2.326903E-02  2.368359E-02  2.422102E-02  2.501266E-02  2.597451E-02  2.699021E-02  2.805619E-02  2.916869E-02  3.032373E-02  3.151715E-02  3.274461E-02
  3.400163E-02  3.528356E-02  3.658564E-02  3.790295E-02  3.923052E-02  4.056336E-02  4.189653E-02  4.322518E-02  4.454457E-02  4.585017E-02  4.697666E-02  4.792998E-02  4.886937E-02  4.963927E-02  5.024775E-02  5.084835E-02  5.144067E-02  5.202432E-02  5.259892E-02  5.316412E-02
  5.385846E-02  5.480396E-02  5.584201E-02  5.683554E-02  5.778284E-02  5.868246E-02  5.953319E-02  6.113494E-02  6.404196E-02  6.630052E-02             0
             0  1.795824E-02  1.920172E-02  1.989069E-02  2.040933E-02     0.0209949  2.164896E-02  2.228052E-02  2.276265E-02  2.316455E-02  2.358234E-02  2.412402E-02  2.492205E-02  2.589189E-02     0.0269162  2.799139E-02  2.911364E-02  3.027891E-02  3.148298E-02  3.272143E-02
  3.398969E-02  3.528305E-02  3.659664E-02  3.792545E-02  3.926441E-02  4.060844E-02  4.195248E-02     0.0432916  4.462096E-02  4.593592E-02  4.707003E-02  4.802945E-02     0.0489745  4.974873E-02  5.036046E-02  5.096409E-02  5.155922E-02  5.214545E-02  5.272241E-02  5.328974E-02
  5.398646E-02  5.493469E-02      0.055975  5.696994E-02  5.791786E-02  5.881737E-02  5.966734E-02     0.0612664  6.416167E-02  6.639533E-02             0
             0  1.589838E-02  1.716236E-02  1.790536E-02  1.847138E-02  1.911527E-02  1.983868E-02  2.054073E-02     0.0210785  2.152773E-02  2.199567E-02  2.260353E-02  2.350147E-02  2.459621E-02  2.575564E-02  2.697551E-02  2.825119E-02  2.957769E-02  3.094976E-02  3.236181E-02
  3.380803E-02  3.528236E-02  3.677849E-02     0.0382899  3.980992E-02  4.133182E-02  4.284893E-02  4.435464E-02  4.584256E-02  4.730652E-02     0.0485614  4.961755E-02     0.0506521  5.149453E-02  5.215729E-02  5.280836E-02  5.344725E-02  5.407355E-02  5.468684E-02  5.528676E-02
  5.601955E-02  5.700858E-02     0.0580811  5.909454E-02  6.004816E-02  6.094168E-02  6.177518E-02  6.332298E-02      0.066016  6.784632E-02             0
             0     0.0142558     0.0155121  1.628431E-02  1.687905E-02  1.756111E-02  1.833271E-02  1.908618E-02  1.966581E-02  2.015131E-02  2.065831E-02     0.0213185  2.229699E-02  2.349469E-02  2.476746E-02  2.611038E-02  2.751797E-02  2.898435E-02  3.050323E-02  3.206797E-02
  3.367166E-02  3.530706E-02  3.696663E-02     0.0386425  4.032655E-02  4.201053E-02     0.0436861  4.534494E-02  4.697883E-02  4.857976E-02      0.049945     0.0510888  5.220333E-02  5.310554E-02  5.381227E-02  5.450333E-02  5.517814E-02  5.583619E-02  5.647705E-02  5.710035E-02
  5.785714E-02  5.886901E-02  5.995192E-02  6.096128E-02  6.189787E-02  6.276312E-02  6.355895E-02  6.501626E-02  6.745053E-02     0.0688886             0
             0  1.315253E-02  1.438387E-02  1.516396E-02  1.577026E-02  1.647083E-02  1.726877E-02  1.805285E-02  1.865865E-02  1.916744E-02  1.970012E-02  2.039538E-02  2.142922E-02  2.269938E-02  2.405323E-02  2.548507E-02  2.698861E-02  2.855708E-02  3.018337E-02  3.186006E-02
  3.357952E-02     0.0353338  3.711464E-02  3.891342E-02  4.072115E-02  4.252858E-02  4.432622E-02  4.610442E-02  4.785336E-02  4.956322E-02  5.101667E-02  5.223046E-02  5.340846E-02  5.435744E-02  5.509804E-02  5.581923E-02  5.652028E-02  5.720057E-02  5.785961E-02  5.849699E-02
  5.926634E-02  6.028546E-02  6.136198E-02  6.235208E-02  6.325866E-02  6.408539E-02  6.483635E-02  6.619502E-02  6.839312E-02  6.953559E-02             0
             0  1.243345E-02  1.363501E-02  1.441165E-02  1.501968E-02  1.572686E-02  1.653733E-02  1.733845E-02  1.795996E-02  1.848328E-02  1.903249E-02  1.975091E-02  2.082233E-02  2.214286E-02  2.355377E-02  2.504847E-02  2.661978E-02  2.826017E-02  2.996186E-02  3.171694E-02
  3.351737E-02  3.535491E-02  3.722104E-02  3.910685E-02  4.100302E-02  4.289988E-02  4.478737E-02  4.665498E-02  4.849181E-02  5.028651E-02  5.180986E-02  5.307962E-02     0.0543086  5.529496E-02  5.606235E-02  5.680695E-02  5.752778E-02  5.822404E-02  5.889511E-02  5.954059E-02
  6.031517E-02     0.0613318  6.239219E-02  6.335539E-02  6.422704E-02  6.501338E-02  6.572065E-02  6.698888E-02  6.899786E-02     0.0699342             0
             0  1.206145E-02  1.324101E-02  1.401121E-02  1.461681E-02  1.532413E-02     0.0161382  1.694629E-02  1.757515E-02  1.810567E-02  1.866343E-02  1.939422E-02  2.048638E-02  2.183532E-02  2.327855E-02  2.480871E-02  2.641797E-02  2.809826E-02  2.984145E-02     0.0316394
  3.348395E-02  3.536683E-02  3.727952E-02  3.921312E-02  4.115833E-02  4.310543E-02  4.504427E-02  4.696409E-02  4.885353E-02  5.070049E-02  5.226819E-02  5.357423E-02  5.483684E-02  5.584812E-02  5.663337E-02  5.739341E-02  5.812695E-02  5.883295E-02  5.951064E-02  6.015956E-02
  6.093457E-02  6.194421E-02  6.298713E-02  6.392622E-02  6.476973E-02  6.552595E-02  6.620263E-02  6.741069E-02  6.930726E-02  7.013262E-02             0
             0  1.189985E-02  1.306841E-02  1.383468E-02  1.443837E-02  1.514483E-02  1.595959E-02  1.677014E-02  1.740194E-02  1.793551E-02  1.849701E-02  1.923335E-02  2.033499E-02  2.169703E-02  2.315512E-02  2.470149E-02  2.632794E-02  2.802619E-02  2.978794E-02  3.160499E-02
  3.346916E-02  3.537217E-02  3.730556E-02  3.926045E-02  4.122762E-02  4.319737E-02  4.515956E-02  4.710342E-02  4.901744E-02  5.088926E-02  5.247854E-02  5.380257E-02  5.508219E-02  5.610632E-02  5.690085E-02  5.766894E-02  5.840906E-02  5.911997E-02  5.980073E-02  6.045086E-02
  6.122511E-02  6.222944E-02  6.326151E-02  6.418686E-02  6.501521E-02     0.0657559  6.641733E-02     0.0675962  6.944101E-02  7.021739E-02             0
             0  1.181197E-02  1.297415E-02  1.373794E-02  1.434032E-02  1.504601E-02  1.586086E-02  1.667253E-02  1.730584E-02  1.784103E-02  1.840458E-02  1.914401E-02  2.025099E-02  2.162043E-02  2.308688E-02  2.464231E-02  2.627833E-02  2.798652E-02  2.975852E-02  3.158608E-02
  3.346103E-02  3.537511E-02  3.731988E-02     0.0392865  4.126578E-02  4.324808E-02  4.522326E-02  4.718057E-02  4.910846E-02  5.099446E-02  5.259623E-02  5.393079E-02  5.522052E-02  5.625241E-02     0.0570526  5.782565E-02  5.856983E-02  5.928373E-02  5.996628E-02  6.061692E-02
  6.139032E-02  6.239079E-02  6.341568E-02  6.433238E-02  6.515153E-02  6.588302E-02  6.653557E-02     0.0676977  6.951358E-02  7.026313E-02             0
             0  1.176751E-02  1.292632E-02  1.368875E-02  1.429037E-02  1.499556E-02  1.581033E-02  1.662247E-02     0.0172565     0.0177925  1.835709E-02  1.909812E-02     0.0202079  2.158119E-02  2.305198E-02  2.461208E-02  2.625301E-02  2.796629E-02  2.974352E-02  3.157645E-02
     0.0334569  3.537661E-02  3.732717E-02  3.929977E-02  4.128524E-02  4.327395E-02  4.525581E-02  4.722004E-02  4.915513E-02  5.104854E-02  5.265689E-02  5.399707E-02  5.529226E-02  5.632841E-02  5.713177E-02  5.790761E-02  5.865411E-02  5.936972E-02  6.005324E-02  6.070406E-02
  6.147677E-02  6.247477E-02  6.349546E-02  6.440733E-02  6.522146E-02  6.594802E-02  6.659587E-02  6.774925E-02  6.955025E-02  7.028616E-02             0
