.02 20 20 20 20 20 20 20 20 20 20 20 20 20 20 20 20 20 20 20 20 20 12.5 12.5 12.5 12.5 12.5 12.5 12.5 12.5 12.5 12.5 12.5 12.5 12.5 12.5 12.5 12.5 12.5 12.5 12.5 9.375 9.375 6.25 6.25 6.25 6.25 6.25 6.25 6.25 .01
.02 20 20 20 20 20 20 20 20 20 20 20 20 20 20 20 20 20 20 20 20 20 12.5 12.5 12.5 12.5 12.5 12.5 12.5 12.5 12.5 12.5 12.5 12.5 12.5 12.5 12.5 12.5 12.5 12.5 12.5 9.375 9.375 6.25 6.25 6.25 6.25 6.25 6.25 6.25 .01
.02 20 20 20 20 20 20 20 20 20 20 20 20 20 20 20 20 20 20 20 20 20 12.5 12.5 12.5 12.5 12.5 12.5 12.5 12.5 12.5 12.5 12.5 12.5 12.5 12.5 12.5 12.5 12.5 12.5 12.5 9.375 9.375 6.25 6.25 6.25 6.25 6.25 6.25 6.25 .01
.02 20 20 20 20 20 20 20 20 20 20 20 20 20 20 20 20 20 20 20 20 20 12.5 12.5 12.5 12.5 12.5 12.5 12.5 12.5 12.5 12.5 12.5 12.5 12.5 12.5 12.5 12.5 12.5 12.5 12.5 9.375 9.375 6.25 6.25 6.25 6.25 6.25 6.25 6.25 .01
.02 20 20 20 20 20 20 20 20 20 20 20 20 20 20 20 20 20 20 20 20 20 12.5 12.5 12.5 12.5 12.5 12.5 12.5 12.5 12.5 12.5 12.5 12.5 12.5 12.5 12.5 12.5 12.5 12.5 12.5 9.375 9.375 6.25 6.25 6.25 6.25 6.25 6.25 6.25 .01
.02 20 20 20 20 20 20 20 20 20 20 20 20 20 20 20 20 20 20 20 20 20 12.5 12.5 12.5 12.5 12.5 12.5 12.5 12.5 12.5 12.5 12.5 12.5 12.5 12.5 12.5 12.5 12.5 12.5 12.5 9.375 9.375 6.25 6.25 6.25 6.25 6.25 6.25 6.25 .01
.02 20 20 20 20 20 20 20 20 20 20 20 20 20 20 20 20 20 20 20 20 20 12.5 12.5 12.5 12.5 12.5 12.5 12.5 12.5 12.5 12.5 12.5 12.5 12.5 12.5 12.5 12.5 12.5 12.5 12.5 9.375 9.375 6.25 6.25 6.25 6.25 6.25 6.25 6.25 .01
.02 20 20 20 20 20 20 20 20 20 20 20 20 20 20 20 20 20 20 20 20 20 12.5 12.5 12.5 12.5 12.5 12.5 12.5 12.5 12.5 12.5 12.5 12.5 12.5 12.5 12.5 12.5 12.5 12.5 12.5 9.375 9.375 6.25 6.25 6.25 6.25 6.25 6.25 6.25 .01
.02 20 20 20 20 20 20 20 20 20 20 20 20 20 20 20 20 20 20 20 20 20 12.5 12.5 12.5 12.5 12.5 12.5 12.5 12.5 12.5 12.5 12.5 12.5 12.5 12.5 12.5 12.5 12.5 12.5 12.5 9.375 9.375 6.25 6.25 6.25 6.25 6.25 6.25 6.25 .01
.02 20 20 20 20 20 20 20 20 20 20 20 20 20 20 20 20 20 20 20 20 20 12.5 12.5 12.5 12.5 12.5 12.5 12.5 12.5 12.5 12.5 12.5 12.5 12.5 12.5 12.5 12.5 12.5 12.5 12.5 9.375 9.375 6.25 6.25 6.25 6.25 6.25 6.25 6.25 .01
