           .01            10            10            10            10            10            10            10            10            10            10            10            10            10            10            10            10            10            10            10
            10            10          .125          .125          .125          .125          .125          .125          .125          .125          .125          .125          .125          .125          .125          .125          .125          .125          .125          .125
          .125          .125          .125          .125          .125          .125          .125          .125          .125          .125           .01
           .01            10            10            10            10            10            10            10            10            10            10            10            10            10            10            10            10            10            10            10
            10            10          .125          .125          .125          .125          .125          .125          .125          .125          .125          .125          .125          .125          .125          .125          .125          .125          .125          .125
          .125          .125          .125          .125          .125          .125          .125          .125          .125          .125           .01
           .01            10            10            10            10            10            10            10            10            10            10            10            10            10            10            10            10            10            10            10
            10            10          .125          .125          .125          .125          .125          .125          .125          .125          .125          .125          .125          .125          .125          .125          .125          .125          .125          .125
          .125          .125          .125          .125          .125          .125          .125          .125          .125          .125           .01
           .01            10            10            10            10            10            10            10            10            10            10            10            10            10            10            10            10            10            10            10
            10            10          .125          .125          .125          .125          .125          .125          .125          .125          .125          .125          .125          .125          .125          .125          .125          .125          .125          .125
          .125          .125          .125          .125          .125          .125          .125          .125          .125          .125           .01
           .01            10            10            10            10            10            10            10            10            10            10            10            10            10            10            10            10            10            10            10
            10            10          .125          .125          .125          .125          .125          .125          .125          .125          .125          .125          .125          .125          .125          .125          .125          .125          .125          .125
          .125          .125          .125          .125          .125          .125          .125          .125          .125          .125           .01
           .01            10            10            10            10            10            10            10            10            10            10            10            10            10            10            10            10            10            10            10
            10            10          .125          .125          .125          .125          .125          .125          .125          .125          .125          .125          .125          .125          .125          .125          .125          .125          .125          .125
          .125          .125          .125          .125          .125          .125          .125          .125          .125          .125           .01
           .01            10            10            10            10            10            10            10            10            10            10            10            10            10            10            10            10            10            10            10
            10            10          .125          .125          .125          .125          .125          .125          .125          .125          .125          .125          .125          .125          .125          .125          .125          .125          .125          .125
          .125          .125          .125          .125          .125          .125          .125          .125          .125          .125           .01
           .01            10            10            10            10            10            10            10            10            10            10            10            10            10            10            10            10            10            10            10
            10            10          .125          .125          .125          .125          .125          .125          .125          .125          .125          .125          .125          .125          .125          .125          .125          .125          .125          .125
          .125          .125          .125          .125          .125          .125          .125          .125          .125          .125           .01
           .01            10            10            10            10            10            10            10            10            10            10            10            10            10            10            10            10            10            10            10
            10            10          .125          .125          .125          .125          .125          .125          .125          .125          .125          .125          .125          .125          .125          .125          .125          .125          .125          .125
          .125          .125          .125          .125          .125          .125          .125          .125          .125          .125           .01
           .01            10            10            10            10            10            10            10            10            10            10            10            10            10            10            10            10            10            10            10
            10            10          .125          .125          .125          .125          .125          .125          .125          .125          .125          .125          .125          .125          .125          .125          .125          .125          .125          .125
          .125          .125          .125          .125          .125          .125          .125          .125          .125          .125           .01