0.003	0.003	0.003	0.003	0.003	0.003	0.003	0.003	0.003	0.003	0.003	0.003	0.003	0.003	0.004	0.004	0.004	0.004	0.005	0.005
0.005	0.005	0.005	0.005	0.005	0.005	0.005	0.005	0.006	0.006	0.006	0.006	0.006	0.006	0.006	0.006	0.006	0.006	0.006	0.007
0.007	0.007	0.008	0.008	0.008	9.00E-03	9.00E-03	9.00E-03	9.00E-03	9.00E-03	9.00E-03									
0.003	0.003	0.003	0.003	0.003	0.003	0.003	0.003	0.003	0.003	0.003	0.003	0.003	0.003	0.004	0.004	0.004	0.004	0.005	0.005
0.005	0.005	0.005	0.005	0.005	0.005	0.005	0.005	0.006	0.006	0.006	0.006	0.006	0.006	0.006	0.006	0.006	0.006	0.006	0.007
0.007	0.007	0.008	0.008	0.008	9.00E-03	9.00E-03	9.00E-03	9.00E-03	9.00E-03	9.00E-03									
0.003	0.003	0.003	0.003	0.003	0.003	0.003	0.003	0.003	0.003	0.003	0.003	0.003	0.003	0.004	0.004	0.004	0.004	0.005	0.005
0.005	0.005	0.005	0.005	0.005	0.005	0.005	0.005	0.006	0.006	0.006	0.006	0.006	0.006	0.006	0.006	0.006	0.006	0.006	0.007
0.007	0.007	0.008	0.008	0.008	9.00E-03	9.00E-03	9.00E-03	9.00E-03	9.00E-03	9.00E-03									
0.003	0.003	0.003	0.003	0.003	0.003	0.003	0.003	0.003	0.003	0.003	0.003	0.003	0.003	0.004	0.004	0.004	0.004	0.005	0.005
0.005	0.005	0.005	0.005	0.005	0.005	0.005	0.005	0.006	0.006	0.006	0.006	0.006	0.006	0.006	0.006	0.006	0.006	0.006	0.007
0.007	0.007	0.008	0.008	0.008	9.00E-03	9.00E-03	9.00E-03	9.00E-03	9.00E-03	9.00E-03									
0.003	0.003	0.003	0.003	0.003	0.003	0.003	0.003	0.003	0.003	0.003	0.003	0.003	0.003	0.004	0.004	0.004	0.004	0.005	0.005
0.005	0.005	0.005	0.005	0.005	0.005	0.005	0.005	0.006	0.006	0.006	0.006	0.006	0.006	0.006	0.006	0.006	0.006	0.006	0.007
0.007	0.007	0.008	0.008	0.008	9.00E-03	9.00E-03	9.00E-03	9.00E-03	9.00E-03	9.00E-03									
0.003	0.003	0.003	0.003	0.003	0.003	0.003	0.003	0.003	0.003	0.003	0.003	0.003	0.003	0.004	0.004	0.004	0.004	0.005	0.005
0.005	0.005	0.005	0.005	0.005	0.005	0.005	0.005	0.006	0.006	0.006	0.006	0.006	0.006	0.006	0.006	0.006	0.006	0.006	0.007
0.007	0.007	0.008	0.008	0.008	9.00E-03	9.00E-03	9.00E-03	9.00E-03	9.00E-03	9.00E-03									
0.003	0.003	0.003	0.003	0.003	0.003	0.003	0.003	0.003	0.003	0.003	0.003	0.003	0.003	0.004	0.004	0.004	0.004	0.005	0.005
0.005	0.005	0.005	0.005	0.005	0.005	0.005	0.005	0.006	0.006	0.006	0.006	0.006	0.006	0.006	0.006	0.006	0.006	0.006	0.007
0.007	0.007	0.008	0.008	0.008	9.00E-03	9.00E-03	9.00E-03	9.00E-03	9.00E-03	9.00E-03									
0.003	0.003	0.003	0.003	0.003	0.003	0.003	0.003	0.003	0.003	0.003	0.003	0.003	0.003	0.004	0.004	0.004	0.004	0.005	0.005
0.005	0.005	0.005	0.005	0.005	0.005	0.005	0.005	0.006	0.006	0.006	0.006	0.006	0.006	0.006	0.006	0.006	0.006	0.006	0.007
0.007	0.007	0.008	0.008	0.008	9.00E-03	9.00E-03	9.00E-03	9.00E-03	9.00E-03	9.00E-03									
0.003	0.003	0.003	0.003	0.003	0.003	0.003	0.003	0.003	0.003	0.003	0.003	0.003	0.003	0.004	0.004	0.004	0.004	0.005	0.005
0.005	0.005	0.005	0.005	0.005	0.005	0.005	0.005	0.006	0.006	0.006	0.006	0.006	0.006	0.006	0.006	0.006	0.006	0.006	0.007
0.007	0.007	0.008	0.008	0.008	9.00E-03	9.00E-03	9.00E-03	9.00E-03	9.00E-03	9.00E-03									
0.003	0.003	0.003	0.003	0.003	0.003	0.003	0.003	0.003	0.003	0.003	0.003	0.003	0.003	0.004	0.004	0.004	0.004	0.005	0.005
0.005	0.005	0.005	0.005	0.005	0.005	0.005	0.005	0.006	0.006	0.006	0.006	0.006	0.006	0.006	0.006	0.006	0.006	0.006	0.007
0.007	0.007	0.008	0.008	0.008	9.00E-03	9.00E-03	9.00E-03	9.00E-03	9.00E-03	9.00E-03									
