 51            10 
             0    -0.1152281    -0.1189278    -0.1166812    -0.1142142    -0.1109499    -0.1070018    -0.1030165 -9.990841E-02 -9.728951E-02 -9.454329E-02 -9.095722E-02    -0.0856292 -7.910046E-02 -7.216436E-02 -6.485271E-02 -5.719644E-02 -4.922472E-02 -4.096336E-02 -3.243178E-02
 -2.363722E-02 -1.456654E-02 -5.186939E-03  4.369422E-03  1.400423E-02  2.364126E-02  3.321889E-02  4.268539E-02  5.199605E-02  6.111144E-02  6.888579E-02     0.0754045  8.176614E-02  8.692755E-02  9.097843E-02     0.0949484  9.883506E-02     0.1026362     0.1063499     0.1099743
     0.1143915     0.1203331     0.1267469      0.132779     0.1384268     0.1436899     0.1485692     0.1575642     0.1726908      0.179366             0
             0    -0.1175685    -0.1214141    -0.1191665    -0.1166806    -0.1133812     -0.109382    -0.1053374    -0.1021787 -9.951485E-02 -9.671916E-02 -9.306555E-02 -8.763101E-02 -8.096292E-02 -7.387128E-02 -6.638967E-02 -5.855045E-02 -5.038357E-02 -4.191585E-02 -3.316854E-02
 -2.415172E-02 -1.485555E-02 -5.249337E-03  4.534742E-03  1.439597E-02  2.425581E-02  3.405041E-02  4.372589E-02  5.323534E-02  6.253714E-02  7.046185E-02  7.710024E-02  8.357155E-02  8.881542E-02  9.292731E-02  9.695318E-02     0.1008906     0.1047372      0.108491     0.1121505
     0.1166049     0.1225855     0.1290246     0.1350641     0.1407027     0.1459415     0.1507834     0.1596815      0.174495     0.1806297             0
             0    -0.1542131    -0.1605501    -0.1583686    -0.1556154    -0.1517615    -0.1469282    -0.1419082    -0.1379199    -0.1345213    -0.1309198    -0.1261703    -0.1190179     -0.110115    -0.1005326 -9.032463E-02 -7.954641E-02 -6.825168E-02 -5.649025E-02    -0.0443038
 -3.171754E-02 -1.872764E-02 -5.300832E-03  8.359643E-03  2.209482E-02  3.577605E-02  4.929378E-02  6.255031E-02  7.545562E-02  8.792526E-02  9.838568E-02     0.1070263     0.1153131      0.121903     0.1269986     0.1319124     0.1366396     0.1411768     0.1455211      0.149671
     0.1546144     0.1610241     0.1675826     0.1734008     0.1785151     0.1829689     0.1868092     0.1933589     0.2016899     0.1980801             0
             0    -0.1898814     -0.200429    -0.1993904      -0.19709    -0.1933559    -0.1882692    -0.1826641    -0.1780496    -0.1740357    -0.1697031    -0.1638949    -0.1549604    -0.1435859    -0.1311392     -0.117726    -0.1034556 -8.843071E-02 -7.274124E-02 -5.645656E-02
 -3.961417E-02 -2.220418E-02 -4.172558E-03  1.420457E-02  3.271416E-02  5.118187E-02  6.945188E-02  8.737296E-02     0.1047895     0.1215369     0.1354535     0.1468207     0.1575531     0.1659103      0.172261      0.178261     0.1838973     0.1891605     0.1940445     0.1985471
     0.2037005     0.2099359     0.2156429     0.2200572     0.2233309     0.2256248     0.2270956     0.2286771     0.2263898     0.2115494             0
             0    -0.2183267     -0.234415    -0.2357209    -0.2347602     -0.232046    -0.2275401    -0.2219551    -0.2170561    -0.2126468    -0.2077478    -0.2010193     -0.190365    -0.1764359    -0.1609564    -0.1441527    -0.1262431    -0.1074147 -8.781198E-02 -6.752812E-02
 -4.659397E-02    -0.0249631 -2.521987E-03  2.042458E-02  4.365918E-02  6.701159E-02  9.032422E-02     0.1134245     0.1361025     0.1580933     0.1764451     0.1914094     0.2054275      0.216166     0.2241882      0.231594     0.2383428     0.2444038     0.2497579      0.254399
     0.2593191     0.2644249     0.2678079     0.2691503     0.2688948     0.2674554     0.2651849     0.2595397     0.2449521     0.2203721             0
             0     -0.239577    -0.2618914     -0.266564    -0.2677948    -0.2670508    -0.2640593    -0.2591676    -0.2543324    -0.2497227    -0.2443653    -0.2367467    -0.2242299     -0.207419    -0.1885629      -0.16812    -0.1464824    -0.1239438    -0.1006951 -7.682759E-02
 -5.233096E-02 -2.708383E-02 -8.717831E-04  2.603047E-02     0.0534655  8.133885E-02     0.1095707     0.1380522     0.1666001     0.1949065     0.2190385     0.2389641     0.2577547     0.2720983     0.2826939     0.2922699     0.3006983     0.3078755     0.3137338     0.3182519
      0.322259     0.3246655     0.3233972     0.3192733     0.3133551     0.3064786     0.2992357     0.2847762     0.2581554     0.2260146             0
             0      -0.25177    -0.2790428    -0.2870127    -0.2906471     -0.292361    -0.2915853    -0.2880265    -0.2836117    -0.2790005    -0.2732874       -0.2648    -0.2503139    -0.2305382    -0.2084477    -0.1847956     -0.160127    -0.1347877    -0.1089581    -0.0826825
    -0.0558813 -2.834621E-02  2.390329E-04  2.965896E-02  5.984272E-02  9.080635E-02      0.122603      0.155276     0.1888023     0.2230141     0.2531731     0.2787447      0.303481     0.3227364     0.3370299     0.3498669     0.3608892     0.3697683     0.3762643     0.3802896
     0.3823595      0.379872     0.3713576     0.3598171     0.3471396     0.3344929     0.3225131     0.3004585     0.2654373     0.2288941             0
             0    -0.2573175    -0.2872113    -0.2971465    -0.3023401    -0.3058253    -0.3068749    -0.3046282    -0.3007317    -0.2962169    -0.2902483    -0.2810427    -0.2649601    -0.2430229    -0.2188107    -0.1932325      -0.16687    -0.1400502    -0.1129135 -8.545668E-02
 -5.754982E-02 -2.893101E-02  7.742714E-04  3.138864E-02  6.289463E-02  9.537845E-02     0.1289842     0.1638728     0.2001722      0.237901     0.2719715     0.3015169     0.3308606     0.3543741      0.372143     0.3883141     0.4022158     0.4131161     0.4203645     0.4236522
     0.4232144     0.4152617     0.4000419     0.3826148     0.3651917     0.3488694     0.3340998      0.307865     0.2686903     0.2301375             0
             0     -0.260403    -0.2918665    -0.3030597    -0.3093079     -0.314084    -0.3166139    -0.3156138     -0.312301     -0.307937    -0.3017299    -0.2918303    -0.2743441    -0.2507406    -0.2250426    -0.1982044    -0.1707857     -0.143074     -0.115169 -8.702996E-02
 -5.849217E-02    -0.0292592  1.079554E-03     0.0323712  6.463218E-02  9.799401E-02     0.1326616      0.168879       0.20689     0.2468753     0.2835935     0.3159851      0.348882     0.3760193     0.3970053     0.4165903     0.4338141     0.4473931     0.4558172     0.4579189
     0.4540906     0.4401749      0.418977     0.3969616     0.3761653     0.3573935     0.3408509     0.3120613     0.2704833     0.2308117             0
             0    -0.2619863    -0.2942952       -0.3062     -0.313074    -0.3186724    -0.3222586    -0.3223326    -0.3196522    -0.3155019    -0.3090362     -0.298448    -0.2798074    -0.2550522    -0.2284318    -0.2008617    -0.1728544     -0.144659    -0.1163449 -8.784719E-02
 -5.898035E-02 -2.942858E-02  1.238557E-03  3.288185E-02  6.553663E-02     0.0993599     0.1345916     0.1715256     0.2104788     0.2517435     0.2900305     0.3241975     0.3594797     0.3893266     0.4129854     0.4358265      0.456863     0.4744299     0.4856035     0.4849857
     0.4761444     0.4561014     0.4301799     0.4050513     0.3821672     0.3619642     0.3444246     0.3142403     0.2713981     0.2311522             0
