 51            10 
             0    -0.2559668    -0.2469063    -0.2397364    -0.2340878    -0.2275784    -0.2202162    -0.2130376    -0.2075219    -0.2029058    -0.1980892    -0.1918224    -0.1825462     -0.171215    -0.1592044    -0.1465722    -0.1333799    -0.1196918    -0.1055801 -9.112789E-02
 -7.641709E-02 -6.139902E-02 -4.419185E-02 -2.699271E-02 -9.869499E-03  7.111998E-03  2.388786E-02  4.039615E-02  5.657725E-02     0.0723743  8.581386E-02  9.706303E-02     0.1080224      0.116899     0.1238578     0.1306698     0.1373312     0.1438385     0.1501885     0.1563787
      0.163914     0.1740318     0.1849282     0.1951524     0.2047038     0.2135864     0.2218092     0.2369609     0.2627727     0.2843406             0
             0    -0.2610512    -0.2519386    -0.2447006    -0.2389974    -0.2324226    -0.2249752    -0.2176973    -0.2120945    -0.2073991    -0.2024928    -0.1961006    -0.1866198    -0.1750126     -0.162691     -0.149724    -0.1361788    -0.1221117    -0.1075894    -0.0926984
 -7.753465E-02    -0.0620785 -4.446438E-02    -0.0268377 -9.292404E-03  8.102843E-03  2.528158E-02  4.217929E-02  5.873334E-02  7.488324E-02  8.861027E-02       0.10009     0.1112622     0.1202999     0.1273785     0.1343008     0.1410627     0.1476607     0.1540918     0.1603536
      0.167967     0.1781723     0.1891373      0.199401     0.2089635     0.2178289     0.2260083     0.2410285     0.2663455     0.2870626             0
             0     -0.338887    -0.3293074    -0.3211662    -0.3145516    -0.3066984    -0.2975493    -0.2883691    -0.2811708    -0.2750684    -0.2686224    -0.2601381    -0.2473766     -0.231497    -0.2144133    -0.1962422    -0.1771045     -0.157108    -0.1363758    -0.1150573
 -9.331267E-02 -7.113089E-02 -4.584033E-02 -2.056921E-02  4.519486E-03  2.929632E-02  5.363088E-02     0.0773906     0.1004404     0.1226441      0.141214      0.156516     0.1711522     0.1827561     0.1917085     0.2003203      0.208583     0.2164904      0.224038     0.2312236
     0.2397528     0.2507488     0.2619047     0.2717063     0.2802282     0.2875572     0.2937907     0.3042712     0.3172054     0.3204914             0
             0    -0.4157439    -0.4096853    -0.4030553    -0.3971278    -0.3894779    -0.3798872    -0.3696301     -0.361248    -0.3539662     -0.346103    -0.3355474    -0.3192631    -0.2984595    -0.2756584     -0.251108    -0.2250641    -0.1977501     -0.169388    -0.1402124
    -0.1104467 -8.004879E-02 -4.526937E-02    -0.0105037  2.405296E-02  5.824007E-02  9.187699E-02     0.1247541     0.1566264     0.1872112     0.2125692     0.2332359     0.2526903     0.2677777     0.2792023     0.2899497     0.2999937     0.3093145     0.3179004     0.3257476
      0.334639     0.3452015     0.3545629     0.3614843     0.3662836      0.369289     0.3708175     0.3714991     0.3638299     0.3464217             0
             0    -0.4780223    -0.4801004    -0.4782432    -0.4753225    -0.4701821    -0.4622415    -0.4523606    -0.4435581    -0.4355449    -0.4265448    -0.4140634    -0.3940673     -0.367673    -0.3382535    -0.3063903    -0.2726311     -0.237405     -0.201065    -0.1639151
    -0.1261913 -8.774056E-02 -4.364166E-02  5.101237E-04  4.461428E-02  8.860093E-02     0.1323486     0.1756559     0.2182107     0.2595596     0.2941429     0.3223693     0.3487988     0.3689846     0.3840012     0.3977726        0.4102     0.4212067     0.4307443     0.4387984
     0.4470379     0.4549121     0.4589947     0.4591336     0.4563223     0.4514411     0.4452062     0.4311209     0.3991388     0.3634656             0
             0    -0.5253459    -0.5391651    -0.5455232    -0.5483983    -0.5488818    -0.5456679    -0.5383312    -0.5301268    -0.5218513    -0.5118186    -0.4971093    -0.4722358    -0.4383237    -0.4003377    -0.3595722    -0.3170515    -0.2734412     -0.229166    -0.1844995
    -0.1395758 -9.402357E-02 -4.176467E-02  1.067049E-02  6.343197E-02     0.1167134     0.1706537     0.2252905     0.2804919     0.3358547     0.3837263     0.4237034     0.4618029     0.4910943     0.5127388     0.5321911     0.5490564     0.5629911     0.5737569     0.5812716
      0.586727     0.5869381     0.5786176     0.5649464     0.5485035     0.5310791     0.5137928     0.4807478     0.4244267     0.3743916             0
             0    -0.5529703    -0.5777667    -0.5935175    -0.6039565    -0.6130255     -0.618534    -0.6173098     -0.611477    -0.6036403    -0.5924504    -0.5744623    -0.5421671    -0.4979444     -0.449683    -0.3995591    -0.3488764     -0.298243    -0.2478932    -0.1978754
    -0.1480969 -9.791974E-02 -4.041717E-02  1.738397E-02  7.592697E-02      0.135744     0.1973795     0.2613725     0.3282067     0.3981943      0.462099     0.5180831     0.5742953      0.619791     0.6543244     0.6857926     0.7127299     0.7335413     0.7468275     0.7519413
     0.7489657     0.7298839     0.6964207     0.6596823     0.6240938     0.5915765     0.5627199     0.5122345     0.4384607     0.3799762             0
             0    -0.5656539    -0.5966929    -0.6186353    -0.6347291    -0.6513394     -0.666306     -0.673835    -0.6724327    -0.6658889    -0.6530789    -0.6302468     -0.588598     -0.534183    -0.4775934    -0.4209672    -0.3652367    -0.3106224    -0.2570445    -0.2043141
    -0.1521545 -9.975474E-02 -3.975328E-02  2.061502E-02  8.196837E-02     0.1450517     0.2106901     0.2798198      0.353513     0.4329746     0.5086393     0.5778891     0.6514979     0.7155805     0.7670565     0.8168865     0.8619426     0.8974384     0.9171129     0.9156773
     0.8939786     0.8423707     0.7776971     0.7183604     0.6671637     0.6239702      0.587793     0.5272859     0.4447497     0.3823894             0
             0    -0.5727425    -0.6076609    -0.6338121    -0.6541176    -0.6771139    -0.7017722    -0.7212508    -0.7281654    -0.7248834    -0.7086287    -0.6772479    -0.6233124    -0.5587915    -0.4953699    -0.4340441    -0.3749602     -0.317847    -0.2623201    -0.2079952
     -0.154461    -0.1007924 -3.937089E-02  2.245911E-02  8.542584E-02     0.1504115     0.2184311     0.2907073     0.3687748     0.4546296     0.5388975     0.6187598     0.7080381     0.7917842     0.8640125     0.9407703      1.019172      1.091201      1.137018      1.109714
       1.04202     0.9382831     0.8380044     0.7579979     0.6944934     0.6436894     0.6026529     0.5358698     0.4482217     0.3836983             0
             0    -0.5763918    -0.6134537    -0.6421055    -0.6651417    -0.6928694    -0.7264315    -0.7613555     -0.784796    -0.7916794    -0.7651648    -0.7171384    -0.6475827    -0.5739427    -0.5055571    -0.4412419    -0.3801881    -0.3216764    -0.2650913    -0.2099176
    -0.1556609    -0.1013305 -3.917056E-02  2.342043E-02  8.723168E-02     0.1532229     0.2225194     0.2965184     0.3770542     0.4666825     0.5563951     0.6435727      0.745045     0.8470487     0.9423565      1.056934      1.199911      1.386915      1.645812      1.408226
      1.201956      1.015492     0.8784195     0.7819045     0.7100031     0.6544856     0.6106192     0.5403476      0.449995     0.3843596             0
