 51            10 
             0    -0.2561004    -0.2470301    -0.2398553    -0.2342047    -0.2276946    -0.2203321    -0.2131528    -0.2076364    -0.2030194    -0.1982016    -0.1919329    -0.1826528    -0.1713157    -0.1592981     -0.146659    -0.1334601    -0.1197624    -0.1056362 -9.117092E-02
 -7.650347E-02    -0.0618353 -4.497126E-02 -2.802392E-02 -1.108575E-02  5.759908E-03  2.244155E-02  3.889564E-02  5.506249E-02  7.088405E-02  8.437607E-02  9.568756E-02      0.106724     0.1156749     0.1226977     0.1295776     0.1363107     0.1428935     0.1493236     0.1555994
     0.1632506     0.1735563      0.184709     0.1952277     0.2050995     0.2143063     0.2228462      0.238608     0.2655508     0.2882652             0
             0    -0.2612308    -0.2521105    -0.2448612    -0.2391573    -0.2325922    -0.2251553    -0.2178852     -0.212287    -0.2075944    -0.2026898    -0.1962975     -0.186811    -0.1751901    -0.1628491    -0.1498684    -0.1363233    -0.1222498    -0.1077063 -9.278391E-02
 -7.763073E-02 -6.248466E-02 -4.539183E-02 -2.795692E-02 -1.057046E-02   6.66369E-03  2.369253E-02  4.047374E-02  5.695949E-02  7.309365E-02  8.684915E-02  9.837571E-02     0.1096117      0.118711     0.1258402     0.1328121     0.1396202     0.1462591     0.1527245     0.1590151
     0.1666672     0.1770162     0.1882197     0.1988188     0.2087791     0.2179903     0.2264828     0.2420876     0.2684449     0.2901722             0
             0    -0.3391307    -0.3295511     -0.321403    -0.3147916     -0.306954    -0.2978214    -0.2886539     -0.281463    -0.2753653    -0.2689221    -0.2604378    -0.2476678    -0.2317667    -0.2146522    -0.1964573    -0.1773156     -0.157307    -0.1365431    -0.1151805
 -9.345616E-02 -7.173463E-02 -4.724469E-02 -2.231079E-02  2.481855E-03  2.695645E-02  5.100495E-02  7.452953E-02  9.741915E-02     0.1195464     0.1381196      0.153464     0.1681757      0.179863     0.1888891     0.1975785     0.2059199     0.2139045     0.2215262     0.2287834
     0.2374086     0.2486414     0.2601681     0.2704361     0.2794988      0.287322     0.2940148      0.305358     0.3197804     0.3239873             0
             0     -0.416103    -0.4100936    -0.4034913    -0.3975878    -0.3899747     -0.380421    -0.3701913    -0.3618242    -0.3545509    -0.3466916    -0.3361341      -0.31983    -0.2989795    -0.2761141     -0.251506    -0.2254351    -0.1980879    -0.1696716    -0.1404326
    -0.1107064 -8.099053E-02 -4.750496E-02 -1.339556E-02  2.056266E-02  5.414166E-02  8.719022E-02     0.1195481     0.1510079     0.1813066     0.2065287     0.2271497     0.2466241      0.261776     0.2732735     0.2841116     0.2942602     0.3036968     0.3124066     0.3203853
     0.3294579     0.3403887     0.3503417     0.3579484     0.3635579     0.3673658     0.3696693     0.3718199      0.366579     0.3502695             0
             0    -0.4785493    -0.4808201    -0.4791051    -0.4762819    -0.4712532    -0.4634216    -0.4536171    -0.4448513    -0.4368554    -0.4278586    -0.4153619    -0.3953017    -0.3687778    -0.3391963    -0.3071765    -0.2733156    -0.2379959      -0.20155    -0.1642982
     -0.126625 -8.908664E-02 -4.684041E-02 -3.732069E-03  3.939733E-02  8.238506E-02     0.1251438     0.1675387     0.2093167      0.250067      0.284306     0.3123591     0.3387357     0.3589694      0.374066     0.3879514     0.4005188     0.4116834     0.4213901     0.4296196
     0.4380875     0.4463519     0.4511775     0.4521513     0.4504491     0.4467876     0.4417834     0.4300569     0.4017656     0.3675229             0
             0    -0.5260772    -0.5403728    -0.5471459    -0.5503187    -0.5511413    -0.5482727    -0.5411821    -0.5330877    -0.5248536      -0.51481    -0.5000218    -0.4749168    -0.4406161    -0.4022027    -0.3610385    -0.3182403     -0.274407    -0.2299289    -0.1850926
    -0.1402093     -0.095764 -4.585755E-02  5.181171E-03  5.661793E-02     0.1085314     0.1611042     0.2144709     0.2686054     0.3232116     0.3707834     0.4107766     0.4491766     0.4789288     0.5010187     0.5209515     0.5382797     0.5526038     0.5636363     0.5712672
     0.5766817     0.5765204     0.5682735     0.5548732      0.539445     0.5235097     0.5078864     0.4781502     0.4268216     0.3785684             0
             0    -0.5538729    -0.5794988    -0.5960979    -0.6072179    -0.6171482    -0.6236637    -0.6232926    -0.6178879    -0.6101981    -0.5988979    -0.5805179     -0.547378    -0.5020706    -0.4528153    -0.4018626    -0.3506241    -0.2995871    -0.2489143    -0.1986496
    -0.1488858 -9.992942E-02 -4.508888E-02  1.109843E-02  6.810122E-02      0.126329     0.1863932     0.2489849      0.314797     0.3844247     0.4489266     0.5062321     0.5647381     0.6129817     0.6500537     0.6842128     0.7136772     0.7364175     0.7505695     0.7552068
     0.7501971     0.7264133     0.6890221     0.6496875     0.6137307     0.5823069     0.5551916     0.5085661     0.4406724     0.3842084             0
             0    -0.5666486    -0.5987501    -0.6218891    -0.6390377    -0.6571521    -0.6742488    -0.6842946    -0.6847824    -0.6791215    -0.6654667    -0.6407803    -0.5966132    -0.5399635    -0.4817101    -0.4238522    -0.3673401    -0.3121915    -0.2582117    -0.2051865
    -0.1530235    -0.1018956 -4.469965E-02      0.013955  7.367045E-02     0.1350691     0.1990633     0.2667912     0.3396388     0.4193079     0.4967799     0.5692415     0.6483907     0.7195935     0.7781857     0.8363355     0.8901556      0.933213     0.9565172     0.9519297
     0.9210723     0.8536769     0.7770371     0.7105876     0.6569862     0.6141649     0.5795799     0.5231048     0.4468696     0.3866443             0
             0    -0.5737928    -0.6099299     -0.637542     -0.659234    -0.6844482     -0.713012    -0.7394676    -0.7555513    -0.7603744    -0.7360525    -0.6955367    -0.6346136    -0.5660624    -0.5002466    -0.4373387    -0.3772994    -0.3195594    -0.2635776    -0.2089269
    -0.1553774    -0.1030086 -4.447281E-02  1.558806E-02  7.686312E-02     0.1401136      0.206457     0.2773565     0.3547475     0.4413192     0.5285311     0.6135347     0.7120766     0.8088303     0.8953511     0.9910362       1.09302      1.190837      1.255106      1.210285
      1.110779     0.9691181     0.8451923     0.7528636     0.6848704     0.6337222     0.5940964     0.5313991     0.4502885     0.3879653             0
             0    -0.5774722    -0.6158438    -0.6461288    -0.6708081    -0.7014734      -0.74165    -0.7955321    -0.8679184    -0.9914148    -0.8483244    -0.7513843    -0.6628532    -0.5824614    -0.5109532    -0.4447887    -0.3826644    -0.3234692    -0.2663984    -0.2108814
    -0.1566025     -0.103586 -4.435312E-02  1.644034E-02  7.853264E-02     0.1427638     0.2103715     0.2830178     0.3629969     0.4537025     0.5472109     0.6411085     0.7552867     0.8767867     0.9958841      1.147071      1.347521      1.627445      2.042446      1.651731
      1.333557      1.068022     0.8928292      0.779029     0.7009215     0.6445076     0.6019067     0.5357276     0.4520339     0.3886325             0
