 51            10 
             0    -0.2579162    -0.2490849    -0.2422662    -0.2367651     -0.230327     -0.223149    -0.2162438    -0.2109913    -0.2066249       -0.2021    -0.1962537    -0.1876926    -0.1772116    -0.1656895    -0.1526001    -0.1384137    -0.1243597    -0.1097259 -9.450897E-02
 -7.930555E-02 -6.415708E-02 -4.841052E-02 -3.216347E-02 -1.623548E-02  1.187176E-04  1.679074E-02  3.284201E-02  4.905533E-02  6.534693E-02  7.889186E-02  9.003807E-02     0.1006972     0.1091417     0.1156432      0.122315      0.129135     0.1356513     0.1418488     0.1481897
     0.1562782     0.1666201     0.1779442     0.1886981     0.1979421     0.2079124     0.2182738     0.2361578     0.2640005     0.2876563             0
             0    -0.2625107    -0.2535609    -0.2466127    -0.2410128    -0.2344633    -0.2271379    -0.2200633    -0.2146659    -0.2101705    -0.2055034    -0.1994636    -0.1906019    -0.1797505    -0.1678485    -0.1544278    -0.1399739    -0.1256249    -0.1106439    -0.0950351
 -7.938336E-02    -0.0637366 -4.748339E-02 -3.075128E-02 -1.434211E-02  2.453014E-03  1.950558E-02  3.592395E-02  5.250617E-02     0.0691491  8.301371E-02  9.444871E-02     0.1054087     0.1141031     0.1207918     0.1276322     0.1345936     0.1412296     0.1475316     0.1539671
     0.1621423     0.1725905     0.1840287     0.1948497       0.20415     0.2140103       0.22394     0.2409608     0.2678087     0.2902385             0
             0    -0.3409257    -0.3316793    -0.3239876    -0.3175822    -0.3098575    -0.3009521    -0.2920981    -0.2852036     -0.279387    -0.2732742    -0.2652716    -0.2533416    -0.2384572    -0.2218805    -0.2029677    -0.1824242    -0.1620029    -0.1406225    -0.1182951
 -9.587584E-02 -7.345642E-02 -5.018506E-02 -2.626751E-02 -2.876724E-03  2.096569E-02  4.504798E-02  6.807187E-02  9.110804E-02     0.1139729     0.1327491     0.1480327     0.1624568      0.173694     0.1822211     0.1908083     0.1994168     0.2074866     0.2150093     0.2225342
     0.2319064     0.2434922     0.2555287     0.2663269     0.2750509       0.28361     0.2916811     0.3044739     0.3199023      0.324272             0
             0    -0.4193238    -0.4144491    -0.4088971    -0.4036732     -0.396687    -0.3878395    -0.3782837    -0.3704309    -0.3635917     -0.356195    -0.3462613    -0.3309596    -0.3112096    -0.2886952    -0.2626452     -0.234143    -0.2059153    -0.1764262    -0.1456997
    -0.1149172 -8.419726E-02 -5.235798E-02 -1.965924E-02  1.231626E-02  4.492096E-02  7.786567E-02     0.1093577     0.1408186     0.1719215     0.1972617     0.2176932     0.2367179      0.251269     0.2621398     0.2728826     0.2834385     0.2931015     0.3018609     0.3103384
     0.3205451     0.3324293     0.3435709     0.3524623     0.3586295     0.3634497     0.3669922     0.3707173     0.3673109     0.3507389             0
             0    -0.4841908    -0.4899071    -0.4911033    -0.4905169    -0.4878542    -0.4823226    -0.4742763    -0.4665593    -0.4592812    -0.4508837    -0.4390071    -0.4196296    -0.3934285    -0.3629283    -0.3274961    -0.2889154    -0.2513726    -0.2127409    -0.1729888
    -0.1335713 -9.452895E-02 -5.424672E-02 -1.292615E-02  2.755792E-02  6.904099E-02     0.1112488     0.1519616     0.1930543     0.2340352     0.2676284     0.2947345     0.3198614     0.3388474     0.3528346     0.3663806     0.3793655     0.3908639     0.4008446     0.4099752
     0.4202886      0.430897     0.4385737     0.4426061     0.4434597     0.4416263      0.437841     0.4281882     0.4028591     0.3681267             0
             0    -0.5348598    -0.5572197    -0.5714151    -0.5809295    -0.5890769    -0.5934519    -0.5916039    -0.5861242    -0.5792411    -0.5697745    -0.5548149    -0.5280407    -0.4903278    -0.4466881    -0.3972639    -0.3449943     -0.296014    -0.2471946    -0.1981642
    -0.1504387    -0.1037702 -5.597705E-02 -7.047578E-03  4.103794E-02  9.071033E-02     0.1418713     0.1920814     0.2439052     0.2968421     0.3413894     0.3780008     0.4124294     0.4385883     0.4577602     0.4760309     0.4930546     0.5074049     0.5189163     0.5282266
     0.5371241     0.5430305     0.5421054     0.5360698     0.5274494      0.515387     0.5014291     0.4750158     0.4280746     0.3792638             0
             0    -0.5653707    -0.6048711    -0.6362256    -0.6613992    -0.6894686    -0.7161104    -0.7317741     -0.734075    -0.7294457    -0.7176961    -0.6949331    -0.6506783    -0.5905188    -0.5258931    -0.4578704    -0.3899809     -0.329617    -0.2718783     -0.215529
    -0.1617781    -0.1099083 -5.718155E-02 -3.307965E-03  4.978677E-02     0.1050674     0.1627246     0.2204066      0.281595     0.3462616     0.4031953     0.4519359     0.4998947     0.5380281     0.5666628       0.59431     0.6198335     0.6402265     0.6544106     0.6624606
       0.66544     0.6581028     0.6391504      0.616016     0.5940512     0.5700492     0.5456704     0.5041721     0.4419544     0.3849522             0
             0    -0.5796229    -0.6294565    -0.6733179    -0.7118726    -0.7604603    -0.8163006     -0.863324    -0.8840743     -0.885981    -0.8678303    -0.8268101    -0.7515796    -0.6625065    -0.5769254    -0.4937229     -0.414835    -0.3472941    -0.2844254    -0.2241435
    -0.1673163     -0.112884 -5.777785E-02 -1.534482E-03  5.397964E-02     0.1120279      0.173001     0.2346933     0.3012735     0.3733305     0.4391125     0.4976762     0.5584056     0.6101482     0.6512014     0.6932964     0.7341227     0.7672309     0.7875385     0.7906347
      0.778426     0.7467635     0.7046347     0.6643363     0.6313271     0.5989861     0.5680701     0.5179866     0.4481508     0.3874093             0
             0    -0.5876619    -0.6441253    -0.6969924    -0.7463636    -0.8142332    -0.9044214     -1.003434     -1.071275     -1.100242     -1.055169    -0.9672556    -0.8404464    -0.7173599    -0.6122316    -0.5169712    -0.4302265     -0.357911    -0.2918106    -0.2291449
    -0.1705043      -0.11459 -5.812306E-02 -5.290179E-04     0.0563696     0.1160197     0.1789472     0.2430697     0.3130512      0.390035     0.4622268     0.5286024     0.6008345     0.6670969     0.7236142     0.7874678     0.8569854     0.9221867      0.966881      0.948108
     0.8956825     0.8224353     0.7529927     0.6966275     0.6547737     0.6165111      0.581268     0.5258308     0.4515652     0.3887418             0
             0    -0.5918267    -0.6520402    -0.7105099    -0.7674072    -0.8510146    -0.9775687      -1.16109      -1.37395     -1.626574     -1.357944     -1.125162    -0.9141777    -0.7549918    -0.6339475    -0.5303884    -0.4387597    -0.3636543    -0.2957456    -0.2317836
    -0.1721762     -0.115482 -5.830469E-02 -6.990796E-06  5.761483E-02     0.1181082     0.1820775     0.2475213     0.3194089     0.3992789     0.4755075     0.5472635     0.6284945     0.7084203     0.7824952     0.8777763      1.003773      1.171263      1.410805      1.206669
      1.027323     0.8842256     0.7855348     0.7159993     0.6680056     0.6260779     0.5883168     0.5299112      0.453307     0.3894149             0
