 51            10 
             0    -0.2562479    -0.2471696    -0.2399883    -0.2343364    -0.2278296    -0.2204708    -0.2132943    -0.2077792    -0.2031628    -0.1983448    -0.1920748    -0.1827903    -0.1714444    -0.1594153    -0.1467658     -0.133559    -0.1198441    -0.1056767 -9.111249E-02
 -7.618306E-02 -6.080054E-02 -4.428067E-02 -2.767129E-02 -1.103743E-02  5.544314E-03  2.200649E-02  3.829668E-02  5.436151E-02  7.014413E-02  8.365649E-02  9.502119E-02     0.1061486     0.1152097     0.1223407     0.1293512     0.1362406     0.1430102     0.1496627     0.1562019
     0.1642389     0.1747322     0.1858936     0.1962365     0.2057214     0.2146797     0.2230726     0.2386854     0.2656626     0.2885484             0
             0    -0.2615026    -0.2523868    -0.2450978    -0.2393915    -0.2328785    -0.2254822    -0.2182423    -0.2126645    -0.2079867    -0.2030939    -0.1967095    -0.1872111    -0.1755568    -0.1631496    -0.1501228    -0.1366231    -0.1225543    -0.1079556     -0.092893
    -0.0774275    -0.0615316 -4.477071E-02 -2.780486E-02 -1.075078E-02  6.201713E-03  2.295228E-02     0.0395359  5.591367E-02  7.201377E-02     0.0857816  9.734157E-02      0.108635     0.1178028      0.124993       0.13202     0.1388789     0.1455887     0.1521639     0.1586191
     0.1665622     0.1770422     0.1883021      0.198866     0.2086282     0.2177967     0.2263036     0.2420082     0.2685362     0.2904369             0
             0    -0.3395135    -0.3299656    -0.3217906    -0.3151864    -0.3074218    -0.2983499     -0.289229    -0.2820694    -0.2759942    -0.2695688    -0.2610966    -0.2483093    -0.2323553    -0.2151374    -0.1968643    -0.1777749    -0.1577645    -0.1369177    -0.1153561
    -0.0931932 -7.041691E-02 -4.643711E-02 -2.220074E-02  2.097624E-03  2.615671E-02  4.979841E-02  7.303369E-02  9.576304E-02     0.1178358     0.1364213      0.151808     0.1665944     0.1783714     0.1874776     0.1962398     0.2046475     0.2127219     0.2204787     0.2279346
     0.2369066      0.248334      0.259966      0.270272     0.2792005     0.2870315     0.2937807     0.3052913     0.3199942     0.3243152             0
             0    -0.4167436    -0.4109061    -0.4043816    -0.3985367    -0.3910563    -0.3816244    -0.3714874    -0.3631765    -0.3559402    -0.3481064    -0.3375599    -0.3212103    -0.3002347    -0.2771669    -0.2523715    -0.2263112    -0.1989153     -0.170354    -0.1408266
    -0.1105062 -7.938566E-02    -0.0466713 -1.357401E-02  1.965036E-02  5.259751E-02  8.501222E-02     0.1168843     0.1480248     0.1781435     0.2032906     0.2238947      0.243404     0.2586321     0.2702093     0.2811274     0.2913531      0.300901     0.3097826     0.3180143
     0.3275251     0.3388368     0.3490773     0.3569784     0.3626854     0.3666596     0.3691336     0.3716143     0.3668619     0.3506511             0
             0    -0.4796095    -0.4824545    -0.4811607    -0.4785854    -0.4738943     -0.466392    -0.4568245     -0.448182     -0.440253     -0.431285    -0.4187686     -0.398544    -0.3716542    -0.3415908    -0.3090735    -0.2750411    -0.2395169    -0.2027815     -0.165095
     -0.126643 -8.735836E-02 -4.617818E-02 -4.424184E-03  3.768618E-02  7.975014E-02     0.1215298     0.1630763     0.2041577     0.2443314     0.2781291     0.3058498     0.3319626     0.3520586     0.3670919     0.3809476     0.3935105     0.4047503      0.414649     0.4232137
     0.4323021     0.4414659     0.4471614     0.4491652     0.4481927     0.4451154     0.4405618     0.4295317     0.4020545     0.3679385             0
             0    -0.5276731    -0.5433403    -0.5513487    -0.5553017    -0.5570884    -0.5552196    -0.5488456     -0.541082    -0.5329873    -0.5229437    -0.5079748    -0.4822507    -0.4468344     -0.407189    -0.3647842    -0.3213555    -0.2769705    -0.2319301    -0.1864332
    -0.1405514 -9.403851E-02 -4.547659E-02  3.881797E-03  5.399468E-02     0.1046244     0.1557361     0.2076548      0.260339     0.3134083     0.3594741     0.3980784     0.4350467     0.4636607     0.4849216     0.5041414     0.5208957     0.5349216     0.5460314     0.5541708
     0.5607688     0.5632138     0.5578021     0.5475037     0.5344161     0.5200599     0.5054929     0.4771564      0.427079     0.3790044             0
             0    -0.5559286    -0.5839236    -0.6030501    -0.6159855    -0.6283044    -0.6375812    -0.6393806    -0.6349603    -0.6276091    -0.6161461    -0.5969666      -0.56175    -0.5134332     -0.461381    -0.4079011    -0.3552907    -0.3032109    -0.2516389    -0.2004721
    -0.1495149 -9.826034E-02 -4.494915E-02  9.332717E-03  6.477375E-02     0.1213964     0.1795155     0.2399582     0.3032758     0.3697726     0.4306301     0.4840621     0.5378791     0.5816258     0.6149463     0.6454167     0.6715528     0.6919498     0.7053463     0.7111574
     0.7097359     0.6945841     0.6661493     0.6348932     0.6045651     0.5765132     0.5514079      0.507122      0.440893      0.384654             0
             0    -0.5689537    -0.6040846    -0.6307839    -0.6507394    -0.6728653     -0.695163    -0.7099029    -0.7126419    -0.7076563    -0.6935176    -0.6667752    -0.6179808    -0.5557674    -0.4930149    -0.4314757    -0.3729937    -0.3164476    -0.2613467    -0.2072728
    -0.1538075    -0.1002646 -4.468663E-02  1.195162E-02  6.998064E-02     0.1295942     0.1913547     0.2564773     0.3260725     0.4012914     0.4730413     0.5388162     0.6088824     0.6700354     0.7192296     0.7668858     0.8099055     0.8439341     0.8631634     0.8626254
      0.843295     0.7980869     0.7409137     0.6889402     0.6444644     0.6066701     0.5748705     0.5214004     0.4470693     0.3870939             0
             0    -0.5762489    -0.6158584    -0.6478059    -0.6731438    -0.7039335    -0.7404652    -0.7750465    -0.7948134    -0.7994043    -0.7755123    -0.7315093    -0.6624938    -0.5855205    -0.5136008    -0.4460663    -0.3836052    -0.3242178    -0.2669667    -0.2111734
    -0.1562546    -0.1014022 -4.453489E-02  1.344546E-02  7.295979E-02     0.1343144     0.1982407     0.2662311     0.3398347     0.4209505     0.5006878     0.5763605     0.6610908     0.7406755     0.8093184     0.8821816     0.9563542       1.02454      1.068228       1.04302
      0.979943     0.8863322     0.7964008     0.7254251     0.6697689     0.6250125     0.5887603     0.5295319     0.4504753     0.3884171             0
             0    -0.5800102    -0.6221126    -0.6572279    -0.6861498    -0.7236503    -0.7743752    -0.8395503    -0.9103538    -0.9956729    -0.8909591    -0.7957946    -0.6959744    -0.6045173    -0.5256319    -0.4541844    -0.3893475    -0.3283536    -0.2699273    -0.2132148
      -0.15753    -0.1019935 -4.445526E-02  1.422398E-02     0.0745157     0.1367904     0.2018781     0.2714394     0.3473071     0.4319086       0.51671     0.5992165       0.69537     0.7920741     0.8823512      0.990653      1.125395      1.301919      1.547941      1.322556
      1.128042     0.9572825     0.8335789     0.7474143     0.6841251     0.6350508      0.596202       0.53377     0.4522137     0.3890854             0
