 51            10 
             0    -0.2562048    -0.2464776    -0.2382074    -0.2325339    -0.2267127    -0.2196915    -0.2125452    -0.2069062    -0.2021049    -0.1970055    -0.1902442    -0.1799145    -0.1675963    -0.1546393     -0.142232    -0.1305248     -0.117561    -0.1035256 -8.853649E-02
 -7.264666E-02 -5.584022E-02    -0.0395527 -2.384993E-02 -7.376744E-03  8.522836E-03  2.367732E-02  3.911508E-02  5.466815E-02  7.019624E-02     0.0836623  9.509268E-02     0.1063959     0.1157065     0.1230979     0.1299734      0.136328     0.1426123     0.1488172     0.1549339
     0.1624589     0.1727125     0.1839661     0.1947418     0.2050491     0.2143677     0.2226794     0.2382803     0.2653841     0.2882958             0
             0    -0.2617709    -0.2526999    -0.2452874    -0.2395682     -0.233298    -0.2259813    -0.2188016    -0.2132755    -0.2086436    -0.2037978    -0.1974601    -0.1879139    -0.1762896    -0.1636218    -0.1504075    -0.1374236    -0.1234441     -0.108762 -9.348064E-02
 -7.767658E-02 -6.111494E-02 -4.446973E-02    -0.0280777 -1.093888E-02  5.900689E-03  2.212417E-02  3.848499E-02  5.480889E-02  7.095981E-02  8.475965E-02  9.633905E-02     0.1076753     0.1169661      0.124369     0.1313517     0.1378804     0.1443603     0.1507589     0.1570659
     0.1648186     0.1752706      0.186596     0.1973205     0.2074747     0.2168932     0.2254925     0.2415395     0.2682803     0.2903705             0
             0    -0.3398945    -0.3304354    -0.3221515    -0.3155738    -0.3081151    -0.2991603    -0.2901328    -0.2830509    -0.2770435    -0.2706866    -0.2622825    -0.2494341    -0.2335248    -0.2159246    -0.1973795    -0.1789805    -0.1590739    -0.1381001    -0.1162297
 -9.359387E-02 -6.987764E-02 -4.606739E-02 -2.264954E-02  1.770605E-03  2.567162E-02  4.857844E-02  7.151419E-02  9.418339E-02     0.1163436       0.13499     0.1504182     0.1652761     0.1772242     0.1866129     0.1953395      0.203361     0.2111809     0.2187562     0.2260729
     0.2348756     0.2463354     0.2581207     0.2686553     0.2780103     0.2861215     0.2930062     0.3049082     0.3199909     0.3243238             0
             0    -0.4174491    -0.4118948    -0.4054492    -0.3998359    -0.3927721    -0.3835799    -0.3736312     -0.365455    -0.3583249    -0.3505888    -0.3401303    -0.3236773    -0.3027231    -0.2790462    -0.2538016    -0.2285537     -0.201193    -0.1723799    -0.1423707
    -0.1113622    -0.0789265 -4.640049E-02 -1.440696E-02  1.897761E-02  5.168096E-02  8.305404E-02     0.1144719     0.1454787     0.1756657     0.2008549     0.2214841      0.241062      0.256495     0.2684231     0.2793012      0.289065     0.2983305     0.3070364     0.3151608
     0.3245708     0.3360378      0.346619     0.3548966      0.361095     0.3654259     0.3681544     0.3711503     0.3670557     0.3507194             0
             0    -0.4808734     -0.484554    -0.4839475    -0.4822223    -0.4782841    -0.4714209    -0.4623263    -0.4539591    -0.4462091    -0.4373688    -0.4249194    -0.4044115    -0.3773353     -0.346143    -0.3127283    -0.2793743    -0.2435608    -0.2062443     -0.167744
    -0.1282796 -8.723742E-02 -4.620291E-02 -5.809688E-03  3.649053E-02  7.817474E-02     0.1185206     0.1593414     0.2000674      0.240115      0.273758     0.3013271       0.32735     0.3475747     0.3629601     0.3766888     0.3886325     0.3995236     0.4092537     0.4177811
     0.4269342     0.4365259      0.442992     0.4457343     0.4454591     0.4429636     0.4389549     0.4287677     0.4023557       0.36805             0
             0    -0.5296654    -0.5472685     -0.557374    -0.5636549    -0.5672466    -0.5672785    -0.5622914    -0.5552133    -0.5474609    -0.5375304    -0.5223919    -0.4956254    -0.4590944     -0.416974    -0.3725186    -0.3291073    -0.2836533    -0.2373796      -0.19052
    -0.1431755    -0.0944178    -0.0459015  1.889097E-03  5.220272E-02     0.1022613     0.1514594     0.2022185     0.2540787     0.3064817     0.3517908     0.3896608     0.4259396     0.4542535     0.4756284     0.4943331     0.5099964     0.5234225     0.5343186     0.5425674
     0.5496538     0.5532534     0.5497175     0.5411003      0.529317     0.5161145     0.5026972     0.4758847     0.4274161      0.379145             0
             0     -0.558552    -0.5898693    -0.6133152    -0.6311291    -0.6477231    -0.6621978    -0.6681225    -0.6656332    -0.6590304    -0.6474319    -0.6270152    -0.5881284     -0.535817     -0.478435    -0.4207042    -0.3668656    -0.3125829    -0.2589528    -0.2058178
    -0.1529628 -9.907093E-02 -4.569938E-02   6.89099E-03  6.252586E-02     0.1183937     0.1741668       0.23297      0.294838     0.3598059     0.4188125     0.4703269     0.5220601     0.5642909     0.5968558     0.6255485       0.64914     0.6680177     0.6809083     0.6872086
      0.687509     0.6755881      0.651619     0.6240385     0.5962338     0.5703071     0.5472093     0.5053402     0.4412256     0.3848098             0
             0    -0.5719206    -0.6112974    -0.6441104    -0.6712412    -0.7005227    -0.7325874    -0.7561325    -0.7630923    -0.7594774     -0.744676     -0.714505    -0.6573393      -0.58685    -0.5156299    -0.4477473     -0.386998     -0.327427    -0.2697207    -0.2133062
    -0.1576929    -0.1013042 -4.560529E-02  9.284418E-03  6.750012E-02     0.1262543     0.1854253     0.2486102     0.3163271      0.389355      0.458308     0.5210139     0.5874206      0.645377     0.6923558     0.7358489     0.7733009     0.8034328     0.8211166     0.8221888
     0.8076311     0.7697715     0.7206286     0.6745766      0.633805     0.5989429     0.5697792     0.5193254     0.4473941     0.3872563             0
             0    -0.5794242    -0.6239022     -0.663324    -0.6977231    -0.7384697    -0.7898923    -0.8393559    -0.8655701    -0.8702135    -0.8470361    -0.7974297    -0.7138703    -0.6236885    -0.5403633    -0.4647295    -0.3992119    -0.3362212    -0.2759978    -0.2176243
    -0.1604015    -0.1025785 -4.555284E-02  1.064709E-02  7.034285E-02     0.1307735     0.1919597     0.2578192     0.3292521     0.4076962     0.4838937     0.5555092     0.6350506     0.7094838     0.7738628      0.838564     0.9010987     0.9586704     0.9956177     0.9772864
     0.9274467     0.8487737     0.7712347     0.7083997     0.6574575     0.6162528     0.5830835     0.5272748     0.4507943      0.388583             0
             0    -0.5832986     -0.630634    -0.6741022    -0.7133961    -0.7631099    -0.8333679    -0.9184377    -0.9869422     -1.026137    -0.9683455    -0.8763431    -0.7568378    -0.6476318    -0.5550589    -0.4742773    -0.4058783     -0.340932    -0.2793203    -0.2198921
    -0.1618173     -0.103243 -4.552597E-02  1.135643E-02  7.182645E-02     0.1331416     0.1954065     0.2627274      0.336252     0.4178842     0.4986529     0.5763863     0.6660913     0.7556781     0.8391265     0.9329519      1.043341       1.18548      1.375994      1.205999
      1.053262     0.9112434     0.8047751      0.728645     0.6708017     0.6256828     0.5901897     0.5314127     0.4525292     0.3892531             0
