 51            10 
             0    -0.2560431    -0.2469769    -0.2398042    -0.2341544    -0.2276445    -0.2202819    -0.2131028    -0.2075866    -0.2029699    -0.1981526    -0.1918846    -0.1826063    -0.1712717    -0.1592573    -0.1466213    -0.1334253     -0.119732    -0.1056128 -9.115579E-02
 -7.649561E-02 -6.229087E-02 -5.017941E-02 -3.001295E-02 -1.160244E-02  5.928977E-03  2.293685E-02  3.954653E-02  5.578198E-02  7.162288E-02  8.510466E-02  9.639488E-02     0.1074006     0.1163198     0.1233146     0.1301644     0.1368653     0.1434138     0.1498073     0.1560437
     0.1636411     0.1738583     0.1848884     0.1952649     0.2049802      0.214028     0.2224115      0.237869     0.2641698     0.2829342             0
             0    -0.2611505    -0.2520332    -0.2447894    -0.2390857    -0.2325154    -0.2250729    -0.2177987     -0.212198    -0.2075038    -0.2025982    -0.1962057    -0.1867218    -0.1751075    -0.1627761     -0.149802    -0.1362561    -0.1221852    -0.1076521 -9.274716E-02
 -7.761835E-02 -6.296712E-02 -4.527329E-02 -2.740647E-02  -9.93391E-03  7.381358E-03  2.448557E-02  4.132535E-02  5.784549E-02  7.398769E-02  8.772909E-02  9.923232E-02     0.1104365     0.1195051      0.126609     0.1335562     0.1403413     0.1469598     0.1534082     0.1596849
      0.167319     0.1775958     0.1886806     0.1991121     0.2088729     0.2179118     0.2262482     0.2415615     0.2673999     0.2885722             0
             0    -0.3390212    -0.3294405    -0.3212957    -0.3146826    -0.3068367    -0.2976955    -0.2885213    -0.2813265    -0.2752262    -0.2687814    -0.2602968    -0.2475307    -0.2316399    -0.2145406    -0.1963572    -0.1772165    -0.1572131    -0.1364647    -0.1151267
 -9.343484E-02 -7.241587E-02    -0.0470348 -2.145166E-02  3.497825E-03  2.812395E-02  5.231586E-02  7.595831E-02  9.892825E-02     0.1210938     0.1396655     0.1549889     0.1696629     0.1813085     0.1902979     0.1989485     0.2072507     0.2151968     0.2227816     0.2300035
     0.2385822     0.2496965     0.2610382     0.2710734     0.2798651     0.2874419     0.2939057     0.3048185     0.3184983     0.3221903             0
             0    -0.4159387    -0.4099037    -0.4032875    -0.3973719      -0.38974    -0.3801674    -0.3699237    -0.3615488    -0.3542709    -0.3464094    -0.3358524    -0.3195577      -0.29873    -0.2758965    -0.2513168    -0.2252579    -0.1979261    -0.1695364    -0.1403327
    -0.1106457 -8.186982E-02 -4.706214E-02    -0.0119656  2.230374E-02  5.618717E-02  8.953026E-02      0.122148     0.1538143     0.1842561     0.2095463     0.2301903     0.2496548     0.2647745     0.2762357     0.2870285      0.297125     0.3065038     0.3151519     0.3230653
     0.3320487     0.3427957     0.3524528     0.3597178     0.3649217      0.368329     0.3702457     0.3716631     0.3652103     0.3482926             0
             0    -0.4783036    -0.4804775    -0.4786915      -0.47582    -0.4707354    -0.4628491    -0.4530061    -0.4442216    -0.4362167    -0.4272178    -0.4147282    -0.3946992    -0.3682393    -0.3387382    -0.3067962    -0.2729839    -0.2377093    -0.2013156    -0.1641194
     -0.126496 -9.012369E-02 -4.609459E-02 -1.631084E-03  4.200059E-02  8.548814E-02     0.1287418     0.1715932     0.2137601     0.2548102     0.2892219     0.3173622      0.343766     0.3639763     0.3790333     0.3928621     0.4053599     0.4164458     0.4260681     0.4342101
     0.4425645     0.4506351     0.4550869     0.4556448      0.453387     0.4491154     0.4434963     0.4305917     0.4004581     0.3654386             0
             0    -0.5257315    -0.5397894    -0.5463553    -0.5493807    -0.5500346     -0.546994    -0.5397807    -0.5316312     -0.523376    -0.5133373    -0.4985873    -0.4735965    -0.4394886    -0.4012874     -0.360322    -0.3176593     -0.273935    -0.2295572    -0.1848112
    -0.1399969 -9.691872E-02 -4.482072E-02  7.902294E-03  6.001902E-02      0.112617     0.1658743     0.2198771     0.2745466     0.3295334     0.3772581     0.4172464        0.4555     0.4850253     0.5068951     0.5265902     0.5436891     0.5578198     0.5687192     0.5762913
     0.5817239     0.5817502     0.5734567     0.5599211     0.5439809     0.5272978     0.5108417     0.4794514     0.4256299     0.3764227             0
             0     -0.553443    -0.5786556    -0.5948315    -0.6056142    -0.6151173    -0.6211344    -0.6203448    -0.6147327    -0.6069717    -0.5957231     -0.577531    -0.5448039    -0.5000331    -0.4512709    -0.4007314    -0.3497661    -0.2989276    -0.2484147    -0.1982793
    -0.1486063    -0.1011517 -4.386288E-02  1.421562E-02  7.200795E-02     0.1310312     0.1918825     0.2551772     0.3215042     0.3913182     0.4555306     0.5121861     0.5695595     0.6164439     0.6522593      0.685086     0.7132985     0.7350827     0.7488043     0.7536747
     0.7496673     0.7282268     0.6927655     0.6547198     0.6189324     0.5869514     0.5589608     0.5104027     0.4395723     0.3820342             0
             0    -0.5661733    -0.5977457    -0.6202878    -0.6369145    -0.6542863    -0.6703427    -0.6791931    -0.6788136    -0.6727473    -0.6594774    -0.6356388    -0.5926663     -0.537109    -0.4796778     -0.422433    -0.3663059    -0.3114204    -0.2576397    -0.2047679
     -0.152709    -0.1031486 -4.338409E-02  1.725849E-02  7.781325E-02     0.1400553     0.2048735     0.2733057     0.3465818     0.4261573     0.5027413      0.573617     0.6500256     0.7177031      0.772771        0.8268     0.8762795     0.9155927     0.9371029     0.9340651
     0.9077307     0.8481847     0.7774527     0.7145337     0.6621079      0.619083     0.5836939      0.525198     0.4458154     0.3844583             0
             0      -0.57329    -0.6088204    -0.6357042    -0.6567113     -0.680838    -0.7075304    -0.7307883    -0.7427582    -0.7435317    -0.7232389    -0.6868182    -0.6290966    -0.5624793    -0.4978389    -0.4357168    -0.3761483    -0.3187172    -0.2629608    -0.2084791
    -0.1550421    -0.1042787 -4.310662E-02  1.899655E-02  8.113833E-02     0.1452576     0.2124414     0.2840332     0.3617696     0.4479961     0.5337573     0.6162195     0.7101762     0.8004881       0.87993     0.9662423      1.056556      1.141657      1.197125      1.160631
      1.076798     0.9539614     0.8417262     0.7555124     0.6897253     0.6387257     0.5983841     0.5336373     0.4492608     0.3857731             0
             0    -0.5769545    -0.6146743    -0.6441454    -0.6680149    -0.6972523    -0.7343294    -0.7796963    -0.8284837    -0.8754917    -0.8088696    -0.7355106     -0.655502    -0.5782788    -0.5082905    -0.4430422    -0.3814454    -0.3225871     -0.265757    -0.2104178
    -0.1562561    -0.1048649 -4.296073E-02  1.990308E-02  8.287603E-02     0.1479885     0.2164431     0.2897701     0.3700356     0.4602178     0.5518538     0.6424279     0.7503157     0.8621598     0.9694766      1.102546      1.274657       1.51005      1.868547      1.532865
      1.268515      1.042127     0.8857888     0.7805644     0.7055129     0.6495194     0.6062736     0.5380406     0.4510201     0.3864372             0
