 51            10 
             0  3.905959E-02  3.924882E-02  3.936613E-02  3.945167E-02  3.954437E-02  3.964404E-02  3.973715E-02  3.980672E-02  3.986396E-02  3.992276E-02  3.999817E-02     0.0401076  4.023829E-02  4.037428E-02  4.051519E-02  4.066066E-02  4.081031E-02  4.096372E-02  4.112048E-02
  4.128015E-02     0.0414423  4.160648E-02  4.177223E-02  4.193909E-02  4.210659E-02  4.227428E-02  4.244169E-02  4.260836E-02  4.277383E-02  4.291718E-02  4.303892E-02  4.315932E-02  4.325841E-02  4.333695E-02  4.341471E-02  4.349163E-02  4.356767E-02  4.364278E-02     0.0437169
  4.380828E-02  4.393336E-02  4.407166E-02  4.420498E-02      0.044333  4.445541E-02  4.457192E-02  4.479265E-02  4.519942E-02     0.0455609             0
             0  3.905591E-02  3.924533E-02  3.936278E-02  3.944843E-02  3.954126E-02  3.964107E-02  3.973433E-02  3.980401E-02  3.986134E-02  3.992024E-02  3.999577E-02     0.0401054  4.023631E-02  4.037254E-02     0.0405137  4.065944E-02  4.080936E-02  4.096305E-02  4.112009E-02
  4.128006E-02     0.0414425  4.160698E-02  4.177302E-02  4.194017E-02  4.210796E-02  4.227592E-02     0.0424436  4.261053E-02  4.277625E-02  4.291981E-02  4.304171E-02  4.316228E-02  4.326149E-02  4.334013E-02  4.341798E-02  4.349499E-02  4.357111E-02  4.364629E-02  4.372049E-02
  4.381195E-02  4.393714E-02  4.407555E-02  4.420896E-02  4.433705E-02  4.445952E-02  4.457608E-02  4.479687E-02  4.520361E-02  4.556478E-02             0
             0  3.899942E-02  3.919162E-02  3.931126E-02  3.939863E-02  3.949346E-02  3.959553E-02  3.969098E-02  3.976235E-02  3.982111E-02  3.988149E-02  3.995894E-02  4.007141E-02  4.020581E-02  4.034571E-02  4.049076E-02  4.064054E-02  4.079466E-02  4.095268E-02  4.111415E-02
  4.127862E-02  4.144561E-02  4.161464E-02  4.178522E-02  4.195687E-02  4.212908E-02  4.230137E-02  4.247323E-02  4.264418E-02  4.281374E-02  4.296046E-02  4.308495E-02  4.320798E-02  4.330911E-02  4.338922E-02  4.346848E-02  4.354683E-02  4.362422E-02     0.0437006  4.377593E-02
  4.386871E-02  4.399557E-02  4.413561E-02  4.427037E-02  4.439955E-02  4.452286E-02  4.464004E-02  4.486161E-02  4.526776E-02  4.562413E-02             0
             0  3.895888E-02  3.915294E-02  3.927406E-02  3.936262E-02  3.945883E-02  3.956247E-02  3.965948E-02  3.973205E-02  3.979182E-02  3.985325E-02  3.993209E-02  4.004661E-02  4.018353E-02  4.032613E-02  4.047401E-02  4.062678E-02      0.040784  4.094522E-02  4.110998E-02
     0.0412778  4.144818E-02  4.162063E-02  4.179462E-02  4.196964E-02  4.214518E-02  4.232071E-02  4.249571E-02  4.266967E-02  4.284208E-02  4.299117E-02  4.311757E-02  4.324239E-02  4.334493E-02  4.342611E-02  4.350637E-02  4.358567E-02  4.366396E-02  4.374118E-02  4.381729E-02
  4.391097E-02  4.403894E-02  4.418001E-02  4.431559E-02  4.444537E-02  4.456909E-02     0.0446865  4.490821E-02  4.531299E-02  4.566493E-02             0
             0  3.893371E-02  3.912884E-02  3.925083E-02  3.934009E-02  3.943713E-02  3.954173E-02  3.963968E-02  3.971299E-02  3.977338E-02  3.983546E-02  3.991516E-02  4.003096E-02  4.016946E-02  4.031374E-02  4.046343E-02  4.061808E-02  4.077727E-02  4.094054E-02     0.0411074
  4.127736E-02  4.144992E-02  4.162456E-02  4.180074E-02  4.197794E-02  4.215562E-02  4.233325E-02  4.251028E-02  4.268619E-02  4.286046E-02  4.301106E-02  4.313869E-02  4.326466E-02  4.336809E-02  4.344994E-02  4.353084E-02  4.361074E-02  4.368958E-02  4.376731E-02  4.384388E-02
     0.0439381  4.406671E-02  4.420835E-02  4.434435E-02  4.447442E-02  4.459828E-02  4.471572E-02  4.493728E-02  4.534075E-02  4.568955E-02             0
             0     0.0389182  3.911393E-02  3.923643E-02  3.932611E-02  3.942364E-02  3.952881E-02  3.962734E-02     0.0397011  3.976187E-02  3.982436E-02  3.990458E-02  4.002117E-02  4.016065E-02  4.030599E-02     0.0404568  4.061264E-02  4.077307E-02  4.093762E-02     0.0411058
  4.127712E-02  4.145105E-02  4.162707E-02  4.180464E-02  4.198322E-02  4.216227E-02  4.234123E-02  4.251956E-02  4.269671E-02  4.287216E-02  4.302374E-02  4.315215E-02  4.327886E-02  4.338285E-02  4.346513E-02  4.354642E-02  4.362669E-02  4.370587E-02  4.378391E-02  4.386077E-02
  4.395531E-02  4.408428E-02  4.422624E-02  4.436245E-02  4.449263E-02  4.461654E-02  4.473393E-02  4.495529E-02  4.535774E-02  4.570444E-02             0
             0  3.891047E-02  3.910648E-02  3.922924E-02  3.931911E-02  3.941688E-02  3.952233E-02  3.962114E-02  3.969513E-02  3.975608E-02  3.981877E-02  3.989925E-02  4.001623E-02  4.015621E-02  4.030209E-02  4.045346E-02     0.0406099  4.077095E-02  4.093615E-02      0.041105
      0.041277  4.145163E-02  4.162835E-02  4.180663E-02  4.198591E-02  4.216565E-02  4.234529E-02  4.252428E-02  4.270208E-02  4.287814E-02  4.303021E-02  4.315903E-02  4.328611E-02     0.0433904  4.347289E-02  4.355438E-02  4.363484E-02  4.371419E-02  4.379239E-02  4.386939E-02
  4.396408E-02  4.409323E-02  4.423532E-02  4.437162E-02  4.450183E-02  4.462573E-02  4.474308E-02     0.0449643  4.536616E-02  4.571176E-02             0
             0  3.890716E-02     0.0391033  3.922615E-02  3.931611E-02  3.941397E-02  3.951955E-02  3.961848E-02  3.969256E-02  3.975359E-02  3.981636E-02  3.989696E-02  4.001412E-02     0.0401543  4.030041E-02  4.045202E-02  4.060872E-02  4.077004E-02  4.093552E-02  4.110466E-02
  4.127695E-02  4.145188E-02     0.0416289  4.180748E-02  4.198707E-02  4.216711E-02  4.234704E-02  4.252632E-02     0.0427044  4.288072E-02  4.303301E-02      0.043162  4.328925E-02  4.339366E-02  4.347624E-02  4.355783E-02  4.363836E-02  4.371779E-02  4.379605E-02  4.387311E-02
  4.396787E-02  4.409709E-02  4.423924E-02  4.437556E-02  4.450579E-02  4.462968E-02  4.474701E-02  4.496815E-02  4.536976E-02  4.571488E-02             0
             0  3.890538E-02  3.910158E-02  3.922449E-02  3.931449E-02  3.941241E-02  3.951805E-02  3.961704E-02  3.969117E-02  3.975225E-02  3.981507E-02  3.989572E-02  4.001297E-02  4.015327E-02     0.0402995  4.045124E-02  4.060808E-02  4.076955E-02  4.093518E-02  4.110447E-02
  4.127692E-02  4.145201E-02     0.0416292  4.180795E-02  4.198769E-02     0.0421679  4.234799E-02  4.252743E-02  4.270565E-02  4.288212E-02  4.303453E-02  4.316362E-02  4.329095E-02  4.339543E-02  4.347807E-02     0.0435597  4.364027E-02  4.371974E-02  4.379804E-02  4.387513E-02
  4.396992E-02  4.409918E-02  4.424136E-02     0.0443777  4.450793E-02  4.463181E-02  4.474913E-02  4.497024E-02  4.537169E-02  4.571656E-02             0
             0  3.890448E-02  3.910071E-02  3.922365E-02  3.931367E-02  3.941162E-02  3.951729E-02  3.961632E-02  3.969047E-02  3.975157E-02  3.981441E-02  3.989509E-02  4.001239E-02  4.015275E-02  4.029904E-02  4.045085E-02  4.060776E-02     0.0407693  4.093501E-02  4.110438E-02
  4.127691E-02  4.145208E-02  4.162935E-02  4.180818E-02  4.198801E-02     0.0421683  4.234847E-02  4.252799E-02  4.270629E-02  4.288283E-02  4.303529E-02  4.316444E-02  4.329181E-02  4.339633E-02  4.347899E-02  4.356065E-02  4.364124E-02  4.372073E-02  4.379905E-02  4.387615E-02
  4.397096E-02  4.410024E-02  4.424243E-02  4.437878E-02  4.450901E-02  4.463289E-02     0.0447502  4.497129E-02  4.537267E-02     0.0457174             0
