 51            10 
             0  1.840091E-02  1.965052E-02  2.033708E-02  2.085315E-02  2.143537E-02  2.208534E-02  2.271267E-02  2.319144E-02  2.359047E-02  2.400521E-02  2.454286E-02  2.533478E-02  2.629695E-02  2.731294E-02  2.837919E-02  2.949195E-02  3.064723E-02  3.184086E-02  3.306853E-02
  3.432573E-02  3.560783E-02  3.691005E-02  3.822749E-02  3.955518E-02  4.088812E-02  4.222136E-02  4.355007E-02  4.486952E-02  4.617513E-02  4.730164E-02  4.825495E-02  4.919434E-02  4.996422E-02  5.057268E-02  5.117326E-02  5.176555E-02  5.234917E-02  5.292374E-02     0.0534889
  5.418319E-02     0.0551286  5.616653E-02  5.715993E-02  5.810708E-02  5.900653E-02  5.985708E-02  6.145842E-02  6.436426E-02  6.661779E-02             0
             0  1.826863E-02  1.951979E-02  2.020995E-02  2.072914E-02  2.131517E-02  2.196965E-02  2.260155E-02  2.308392E-02      0.023486  2.390396E-02  2.444586E-02  2.524418E-02  2.621433E-02  2.723893E-02  2.831439E-02     0.0294369  3.060241E-02  3.180669E-02  3.304534E-02
  3.431379E-02  3.560732E-02  3.692105E-02  3.824999E-02  3.958907E-02  4.093319E-02  4.227732E-02  4.361649E-02     0.0449459  4.626089E-02      0.047395  4.835442E-02  4.929947E-02  5.007368E-02  5.068539E-02      0.051289     0.0518841     0.0524703  5.304722E-02  5.361452E-02
  5.431118E-02  5.525933E-02  5.629952E-02  5.729433E-02     0.0582421  5.914144E-02  5.999123E-02  6.158987E-02  6.448396E-02  6.671261E-02             0
             0  1.620877E-02  1.748043E-02  1.822462E-02  1.879119E-02  1.943554E-02  2.015937E-02  2.086176E-02  2.139977E-02  2.184918E-02     0.0223173  2.292537E-02  2.382359E-02  2.491865E-02  2.607837E-02  2.729851E-02  2.857444E-02  2.990119E-02  3.127347E-02  3.268572E-02
  3.413213E-02  3.560662E-02     0.0371029  3.861444E-02  4.013458E-02  4.165658E-02  4.317376E-02  4.467954E-02     0.0461675  4.763148E-02  4.888637E-02  4.994253E-02  5.097706E-02  5.181948E-02  5.248222E-02  5.313326E-02  5.377214E-02     0.0543984  5.501166E-02  5.561154E-02
  5.634428E-02  5.733322E-02  5.840562E-02  5.941893E-02     0.0603724  6.126575E-02  6.209907E-02  6.364647E-02     0.0663383     0.0681636             0
             0  1.456619E-02  1.583016E-02  1.660357E-02  1.719886E-02  1.788139E-02     0.0186534  1.940721E-02  1.998708E-02  2.047276E-02  2.097994E-02  2.164033E-02  2.261912E-02  2.381712E-02  2.509019E-02  2.643338E-02  2.784123E-02  2.930785E-02  3.082694E-02  3.239188E-02
  3.399576E-02  3.563132E-02  3.729104E-02  3.896704E-02  4.065121E-02  4.233529E-02  4.401093E-02  4.566984E-02  4.730377E-02  4.890472E-02  5.026998E-02  5.141377E-02     0.0525283  5.343049E-02     0.0541372  5.482824E-02  5.550302E-02  5.616105E-02  5.680187E-02  5.742513E-02
  5.818187E-02  5.919365E-02  6.027645E-02  6.128567E-02     0.0622221  6.308719E-02  6.388284E-02  6.533974E-02  6.777283E-02  6.920587E-02             0
             0  1.346293E-02  1.470194E-02  1.548322E-02  1.609007E-02     0.0167911  1.758946E-02  1.837388E-02  1.897992E-02  1.948889E-02  2.002174E-02  2.071722E-02  2.175135E-02  2.302181E-02  2.437595E-02  2.580807E-02  2.731187E-02  2.888058E-02  3.050708E-02  3.218397E-02
  3.390361E-02  3.565806E-02  3.743906E-02  3.923796E-02     0.0410458  4.285333E-02  4.465105E-02  4.642931E-02     0.0481783  4.988819E-02  5.134165E-02  5.255543E-02  5.373343E-02  5.468239E-02  5.542297E-02  5.614414E-02  5.684516E-02  5.752543E-02  5.818442E-02  5.882178E-02
  5.959107E-02  6.061009E-02     0.0616865  6.267647E-02     0.0635829  6.440946E-02  6.516023E-02  6.651849E-02  6.871542E-02  6.985287E-02             0
             0  1.274385E-02  1.395307E-02  1.473091E-02  1.533949E-02  1.604713E-02  1.685802E-02  1.765948E-02  1.828123E-02  1.880473E-02  1.935411E-02  2.007275E-02  2.114445E-02     0.0224653     0.0238765  2.537147E-02  2.694304E-02  2.858366E-02  3.028557E-02  3.204085E-02
  3.384146E-02  3.567917E-02  3.754545E-02  3.943139E-02  4.132768E-02  4.322464E-02     0.0451122  4.697987E-02  4.881674E-02  5.061148E-02  5.213484E-02     0.0534046  5.463356E-02  5.561991E-02  5.638729E-02  5.713186E-02  5.785266E-02  5.854889E-02  5.921993E-02  5.986537E-02
     0.0606399  6.165644E-02  6.271671E-02  6.367978E-02  6.455128E-02  6.533745E-02  6.604453E-02  6.731235E-02  6.932016E-02  7.025147E-02             0
             0  1.237185E-02  1.355907E-02  1.433047E-02  1.493662E-02     0.0156444  1.645889E-02  1.726732E-02  1.789642E-02  1.842712E-02  1.898505E-02  1.971606E-02  2.080851E-02  2.215775E-02  2.360127E-02  2.513171E-02  2.674123E-02  2.842175E-02  3.016516E-02  3.196331E-02
  3.380805E-02  3.569109E-02  3.760393E-02  3.953766E-02  4.148298E-02  4.343019E-02     0.0453691  4.728898E-02  4.917847E-02  5.102545E-02  5.259316E-02     0.0538992     0.0551618  5.617307E-02  5.695831E-02  5.771832E-02  5.845184E-02  5.915781E-02  5.983546E-02  6.048434E-02
  6.125929E-02  6.226884E-02  6.331165E-02  6.425061E-02  6.509397E-02  6.585002E-02  6.652652E-02  6.773417E-02  6.962956E-02  7.044989E-02             0
             0  1.221025E-02  1.338648E-02  1.415394E-02  1.475818E-02     0.0154651  1.628028E-02  1.709117E-02  1.772321E-02  1.825696E-02  1.881863E-02  1.955519E-02  2.065712E-02  2.201946E-02  2.347785E-02  2.502449E-02     0.0266512  2.834968E-02  3.011165E-02     0.0319289
  3.379325E-02  3.569643E-02  3.762997E-02  3.958499E-02  4.155227E-02  4.352213E-02  4.548439E-02  4.742831E-02  4.934238E-02  5.121423E-02  5.280352E-02  5.412755E-02  5.540716E-02  5.643127E-02  5.722579E-02  5.799385E-02  5.873394E-02  5.944482E-02  6.012555E-02  6.077564E-02
  6.154983E-02  6.255408E-02  6.358603E-02  6.451125E-02  6.533945E-02  6.607997E-02  6.674121E-02  6.791968E-02  6.976331E-02  7.053466E-02             0
             0  1.212237E-02  1.329221E-02     0.0140572  1.466013E-02  1.536629E-02  1.618155E-02  1.699356E-02  1.762711E-02  1.816248E-02     0.0187262  1.946585E-02  2.057312E-02  2.194287E-02  2.340961E-02  2.496531E-02  2.660159E-02  2.831001E-02  3.008223E-02       0.03191
  3.378513E-02  3.569937E-02  3.764429E-02  3.961104E-02  4.159043E-02  4.357283E-02  4.554809E-02  4.750546E-02     0.0494334  5.131943E-02     0.0529212  5.425577E-02  5.554549E-02  5.657735E-02  5.737754E-02  5.815056E-02  5.889472E-02  5.960858E-02     0.0602911     0.0609417
  6.171504E-02  6.271543E-02     0.0637402  6.465677E-02  6.547577E-02  6.620709E-02  6.685945E-02  6.802118E-02  6.983588E-02     0.0705804             0
             0     0.0120779  1.324438E-02      0.014008  1.461018E-02  1.531584E-02  1.613102E-02     0.0169435  1.757777E-02  1.811395E-02  1.867872E-02  1.941996E-02  2.053003E-02  2.190363E-02  2.337471E-02  2.493508E-02  2.657627E-02  2.828978E-02  3.006724E-02  3.190037E-02
  3.378099E-02  3.570087E-02  3.765158E-02  3.962431E-02  4.160989E-02     0.0435987  4.558064E-02  4.754494E-02  4.948007E-02  5.137351E-02  5.298186E-02  5.432205E-02  5.561723E-02  5.665336E-02  5.745671E-02  5.823252E-02      0.058979  5.969457E-02  6.037806E-02  6.102885E-02
     0.0618015  6.279942E-02  6.381999E-02  6.473172E-02     0.0655457  6.627209E-02  6.691977E-02  6.807273E-02  6.987254E-02  7.060343E-02             0
