 51            10 
             0    -0.2271874    -0.2204532    -0.2147724    -0.2102257    -0.2049299    -0.1988988    -0.1929924    -0.1884439    -0.1846327    -0.1806519    -0.1754677    -0.1677836    -0.1583787    -0.1496372    -0.1416628     -0.133269    -0.1208171    -0.1070615 -9.318937E-02
 -7.847156E-02    -0.0632485 -4.756194E-02 -3.150944E-02    -0.0152866  1.191005E-03  1.794192E-02  3.493822E-02  5.119274E-02  6.638359E-02  7.953691E-02  9.058879E-02      0.101367     0.1101247     0.1170383     0.1239001     0.1307338      0.137535     0.1443328     0.1507048
     0.1580617     0.1684408     0.1796775     0.1900731     0.2001821      0.209901     0.2190528     0.2362476     0.2642404     0.2878195             0
             0     -0.230318    -0.2235811    -0.2178805    -0.2133124    -0.2079853    -0.2019109    -0.1959536    -0.1913605    -0.1875086    -0.1834814    -0.1782312    -0.1704353    -0.1608652    -0.1519347    -0.1437294    -0.1350095    -0.1222237    -0.1081271 -9.388724E-02
 -7.875194E-02 -6.307592E-02 -4.691944E-02 -3.040004E-02 -1.371877E-02  3.198888E-03  2.036174E-02  3.775467E-02  5.436756E-02  6.989949E-02  8.335689E-02  9.466978E-02     0.1057049     0.1146675     0.1217371     0.1287451     0.1357119     0.1426336      0.149541     0.1560065
     0.1634757     0.1739661     0.1852674     0.1956835     0.2057536     0.2153332     0.2242406     0.2408516      0.267899     0.2901299             0
             0    -0.2798466    -0.2733557    -0.2675645    -0.2628361    -0.2572282    -0.2507311    -0.2442608    -0.2392156    -0.2349529    -0.2304631    -0.2245668    -0.2157144     -0.204687     -0.194244     -0.184494     -0.173965    -0.1565634    -0.1367613    -0.1165224
 -9.490407E-02 -7.247207E-02 -4.935369E-02 -2.574991E-02 -1.980121E-03  2.202843E-02  4.625224E-02  7.062589E-02  9.370235E-02     0.1150185     0.1332197     0.1483181     0.1628154     0.1743738     0.1833645     0.1921427     0.2007288     0.2091128      0.217327     0.2248711
     0.2333937     0.2449508     0.2567969     0.2670969     0.2764384     0.2847441     0.2919351     0.3043885     0.3199143     0.3241594             0
             0    -0.3223969    -0.3175454    -0.3126737    -0.3085501    -0.3035096    -0.2975131    -0.2913984    -0.2865534    -0.2824188    -0.2780226     -0.272197    -0.2633392    -0.2521282    -0.2413464    -0.2311359    -0.2199226    -0.1973704    -0.1706736    -0.1430863
    -0.1135302 -8.285186E-02    -0.0512478 -1.899037E-02  1.349579E-02  4.632005E-02  7.944724E-02     0.1127661     0.1442538     0.1732119     0.1977352     0.2178785     0.2369511     0.2518694     0.2632895     0.2742321     0.2847055     0.2946823      0.304189     0.3126589
     0.3218805     0.3336051      0.344485     0.3528053     0.3592299     0.3638936     0.3669747     0.3705844     0.3672006     0.3505751             0
             0    -0.3527215    -0.3502966    -0.3469823    -0.3439643    -0.3400607    -0.3351964    -0.3300436    -0.3258649    -0.3222525    -0.3183695    -0.3131779    -0.3052056    -0.2950404    -0.2852394    -0.2760662    -0.2660466    -0.2384872    -0.2045393    -0.1693179
    -0.1317009 -9.281898E-02 -5.287873E-02 -1.213395E-02  2.898991E-02  7.074454E-02     0.1131822     0.1562354     0.1972805     0.2353667     0.2677921      0.294421     0.3194926     0.3388399     0.3534324     0.3671331     0.3798966     0.3916429     0.4023673     0.4114483
      0.420705      0.430985     0.4383733     0.4419011     0.4424784     0.4407151     0.4372475     0.4279249     0.4026248     0.3679062             0
             0    -0.3734301    -0.3736624    -0.3721989    -0.3705415    -0.3680771    -0.3646698    -0.3607555    -0.3574285    -0.3544818    -0.3512545    -0.3468841    -0.3401161    -0.3315597    -0.3235437    -0.3166584    -0.3097783    -0.2773038    -0.2359186    -0.1931973
    -0.1480083    -0.1016975 -5.437717E-02 -6.156149E-03  4.268086E-02  9.266753E-02     0.1441058     0.1971651     0.2487424     0.2977815     0.3405403     0.3762033     0.4101404     0.4363596      0.455976     0.4740647     0.4903825     0.5046636     0.5167773     0.5260406
     0.5341668     0.5398564     0.5390466     0.5331457     0.5237345     0.5122407     0.4998667     0.4745363     0.4277301     0.3789944             0
             0    -0.3845371    -0.3867964    -0.3869017    -0.3864618    -0.3853481    -0.3833426    -0.3805882    -0.3779972    -0.3755787     -0.372822    -0.3689892     -0.362965    -0.3555243    -0.3490195    -0.3445465    -0.3414968    -0.3050419    -0.2577028    -0.2093763
     -0.158858    -0.1075572 -5.541979E-02 -2.352935E-03  5.156275E-02     0.1071797     0.1651416     0.2260316     0.2866319     0.3462124     0.4002552     0.4468546     0.4927496     0.5292959     0.5569677     0.5824863     0.6049908     0.6235639      0.637556     0.6461234
     0.6508493     0.6460301     0.6298314     0.6092596     0.5867158     0.5641912      0.542965     0.5034662     0.4415378     0.3846526             0
             0     -0.389443    -0.3927532    -0.3937405     -0.394028    -0.3937798    -0.3927401    -0.3908187    -0.3887218    -0.3866062    -0.3840473    -0.3803611    -0.3744711    -0.3673715    -0.3615527    -0.3584604    -0.3578408    -0.3191369    -0.2685544    -0.2173141
     -0.164124     -0.110387 -5.593496E-02 -5.487787E-04  5.581845E-02     0.1142109     0.1754971      0.240566      0.306275     0.3723468     0.4340968     0.4889409     0.5449659     0.5915261     0.6278068      0.662106     0.6926129      0.717087     0.7334617     0.7402152
     0.7394911     0.7204278     0.6874775     0.6537721      0.621192     0.5912288     0.5646011     0.5171447     0.4476994     0.3870956             0
             0     -0.392133    -0.3960669    -0.3976048    -0.3983676    -0.3987221    -0.3984173    -0.3972056    -0.3955486    -0.3936676    -0.3911647    -0.3874109    -0.3813759    -0.3743112    -0.3688252    -0.3665796    -0.3675499     -0.327434     -0.274869    -0.2218944
    -0.1671449    -0.1120059 -5.623282E-02  4.742554E-04     0.0582439     0.1182417     0.1814848     0.2490761     0.3179726     0.3882985     0.4554387     0.5164594     0.5807778     0.6365434      0.681555     0.7258486     0.7667156     0.7999907      0.820374     0.8231256
     0.8137748     0.7769817      0.727396     0.6826223     0.6425133     0.6074147     0.5772795      0.524902     0.4510939     0.3884203             0
             0    -0.3935011     -0.397769    -0.3996137    -0.4006533    -0.4013836     -0.401594    -0.4009917    -0.3998152    -0.3982175    -0.3955844    -0.3915462    -0.3851999    -0.3780281    -0.3726709    -0.3708829    -0.3727622    -0.3318558    -0.2782059    -0.2243005
    -0.1687254    -0.1128512 -5.638938E-02   1.00547E-03  5.950752E-02     0.1203499     0.1846351     0.2535934     0.3242599     0.3970391     0.4674601     0.5324837     0.6026653     0.6657947     0.7186691     0.7734217     0.8274186      0.875215     0.9059328     0.8974931
     0.8734049      0.816203     0.7521564     0.6993383     0.6543502     0.6161625      0.584021     0.5289335     0.4528253     0.3890893             0
