 51            10 
             0    -0.2561677    -0.2470935    -0.2399159    -0.2342646    -0.2277556    -0.2203943    -0.2132159    -0.2076999     -0.203083     -0.198265    -0.1919955    -0.1827135    -0.1713726    -0.1593502    -0.1467067     -0.133504    -0.1197992    -0.1056572 -9.115948E-02
 -7.643866E-02 -6.193113E-02    -0.0473646 -2.967515E-02 -1.227336E-02  4.841238E-03  2.166251E-02  3.817099E-02  5.433119E-02  7.009214E-02  8.347684E-02  9.464993E-02     0.1054858     0.1141986     0.1209808     0.1275582     0.1339119     0.1400202     0.1458584     0.1513982
     0.1579106     0.1676072     0.1783565     0.1896132     0.2014301     0.2118861     0.2212204     0.2379657     0.2654977     0.2882406             0
             0    -0.2613341    -0.2522136    -0.2449525    -0.2392485    -0.2326981    -0.2252742    -0.2180139    -0.2124221    -0.2077339    -0.2028326    -0.1964422    -0.1869518    -0.1753193    -0.1629582     -0.149964    -0.1364285    -0.1223545    -0.1077916 -9.282367E-02
 -7.758857E-02 -6.245752E-02 -4.609092E-02 -2.811878E-02 -1.071081E-02   6.44307E-03  2.337501E-02  4.008058E-02  5.652164E-02  7.263904E-02  8.639789E-02  9.793686E-02     0.1091939     0.1183164     0.1254649     0.1324543     0.1392759     0.1459211     0.1523728     0.1585931
     0.1659754      0.176587     0.1877746     0.1985693     0.2086914     0.2179086     0.2264113     0.2420604     0.2684941     0.2902941             0
             0    -0.3392752    -0.3297043    -0.3215489     -0.314941    -0.3071246    -0.2980117    -0.2888593    -0.2816783    -0.2755874    -0.2691493     -0.260668    -0.2478922    -0.2319727    -0.2148263     -0.196608     -0.177476    -0.1574639    -0.1366707    -0.1152437
 -9.340527E-02 -7.171202E-02 -4.826733E-02 -2.257509E-02  2.236508E-03     0.0265864  5.048867E-02  7.389924E-02  9.672045E-02     0.1188202     0.1373959     0.1527566     0.1674972     0.1792171     0.1882713     0.1969875      0.205352     0.2133533     0.2209713      0.228165
     0.2365148     0.2480588     0.2596276     0.2701141     0.2793553     0.2872029     0.2939222      0.305337     0.3198818      0.324137             0
             0    -0.4163384    -0.4103854    -0.4038104     -0.397929    -0.3903573    -0.3808438    -0.3706445    -0.3622953    -0.3550333    -0.3471813    -0.3366259    -0.3203062     -0.299413    -0.2764831     -0.251817    -0.2257385    -0.1983706    -0.1699037    -0.1405716
    -0.1106932 -8.103336E-02 -4.901186E-02 -1.389645E-02  2.005913E-02     0.0534371  8.625032E-02     0.1184119     0.1497338     0.1799483     0.2051334     0.2257438     0.2452285     0.2604053     0.2719289     0.2827956     0.2929734      0.302438     0.3111628     0.3191061
     0.3279538     0.3392827     0.3494362     0.3573396     0.3631702     0.3670652     0.3694439     0.3717371     0.3667088     0.3504426             0
             0    -0.4789301    -0.4813943    -0.4798203    -0.4770862    -0.4721695    -0.4644478     -0.454722    -0.4459963    -0.4380213    -0.4290323    -0.4165265    -0.3964095    -0.3697625    -0.3400218    -0.3078437    -0.2739094    -0.2385145    -0.2019687     -0.164576
    -0.1267032 -8.924956E-02 -4.889458E-02 -4.558778E-03  3.852256E-02  8.119921E-02     0.1235835     0.1656301     0.2071093     0.2476054     0.2816514       0.30956       0.33582     0.3559867      0.371047     0.3849132     0.3974795     0.4086659     0.4184139     0.4266793
     0.4350963     0.4439377     0.4493496     0.4508364     0.4494818     0.4460716     0.4412607     0.4298343     0.4018965     0.3677108             0
             0    -0.5266421    -0.5414027     -0.548587    -0.5520347    -0.5531839     -0.550652     -0.543802    -0.5358175    -0.5276282    -0.5175815    -0.5027279    -0.4774103    -0.4427351    -0.4039071    -0.3623416    -0.3193082    -0.2752798    -0.2306088     -0.185557
    -0.1404132 -9.607037E-02 -4.843872E-02  4.006406E-03  5.533056E-02     0.1067924     0.1587947     0.2115637     0.2650835     0.3190327     0.3659661     0.4053729      0.443166     0.4724281     0.4941558     0.5137778     0.5308743     0.5450872     0.5561666     0.5640224
     0.5699281     0.5708954     0.5642791     0.5520365     0.5373307     0.5220383      0.506862     0.4777253     0.4269376     0.3787651             0
             0    -0.5545954    -0.5810254    -0.5984647     -0.610218    -0.6209624    -0.6284165    -0.6287898    -0.6237239     -0.616147    -0.6047856    -0.5861204    -0.5522607    -0.5059372    -0.4557325    -0.4039536     -0.352221    -0.3008198    -0.2498394    -0.1992787
    -0.1491971    -0.1003466 -4.803074E-02   9.67005E-03     0.0665006     0.1241491     0.1834452      0.245149     0.3099117     0.3782175     0.4411869     0.4968615     0.5533789     0.5996877     0.6351253     0.6676632     0.6956921     0.7174567     0.7314202     0.7369218
     0.7343469     0.7138394     0.6808305     0.6443108      0.609923     0.5798474     0.5535769     0.5079484      0.440772     0.3844092             0
             0    -0.5674564    -0.6005862    -0.6249086    -0.6430333    -0.6625234    -0.6814189    -0.6931389    -0.6944159    -0.6889208    -0.6751556    -0.6497355    -0.6039096    -0.5453501     -0.485558    -0.4264886    -0.3692736    -0.3136388    -0.2592759    -0.2059056
    -0.1533921    -0.1023693 -4.781765E-02  1.239972E-02  7.190968E-02     0.1326571     0.1957652     0.2624162     0.3338989      0.411694     0.4867572     0.5563864     0.6316344     0.6984135     0.7527665     0.8060443     0.8547227     0.8933409     0.9147839      0.913331
     0.8906667     0.8322574     0.7643238     0.7029188     0.6518163     0.6109909     0.5775732     0.5223759     0.4469599     0.3868468             0
             0    -0.5746522    -0.6119682    -0.6410213    -0.6639813    -0.6911237    -0.7225061    -0.7519135    -0.7685983    -0.7710506    -0.7491561    -0.7080941     -0.644224    -0.5727176    -0.5047945     -0.440356    -0.3794555    -0.3211432    -0.2647278    -0.2097007
    -0.1557803    -0.1035154 -4.769202E-02  1.395904E-02  7.500824E-02     0.1375631     0.2029454      0.272642     0.3484451     0.4327204     0.5167773     0.5978002     0.6903211     0.7792993      0.857375     0.9416672      1.028762      1.109054      1.159558      1.130343
      1.057285     0.9374833     0.8281133     0.7432992     0.6786606      0.630039     0.5918248     0.5306009     0.4503731     0.3881687             0
             0    -0.5783596    -0.6179978    -0.6498886    -0.6760459    -0.7090976    -0.7530617    -0.8102477     -0.870342    -0.9167528    -0.8508046    -0.7662099    -0.6743714    -0.5900382    -0.5159575    -0.4480372    -0.3849495    -0.3251298     -0.267596    -0.2116848
    -0.1570238    -0.1041104 -4.762533E-02  1.477243E-02  7.662778E-02      0.140139     0.2067434      0.278114     0.3563697     0.4445055     0.5343289     0.6233327      0.729533      0.839448      0.944188      1.072082       1.23248      1.438896      1.709448        1.4644
      1.241644      1.025523     0.8720805     0.7681299     0.6940336     0.6405119     0.5994793     0.5348909     0.4521155     0.3888364             0
