 51            10 
             0 -1.421375E-03  1.416515E-04  1.334888E-03  2.266538E-03   3.33258E-03  4.530376E-03   5.69077E-03  6.578131E-03  7.318518E-03  8.088802E-03  9.088229E-03  1.056203E-02  1.235498E-02  1.425028E-02  1.624118E-02     0.0183205  2.048068E-02  2.271381E-02  2.501166E-02
  2.736571E-02  2.976716E-02  3.220693E-02  3.467563E-02     0.0371637  3.966161E-02     0.0421599  4.464933E-02  4.712087E-02  4.956588E-02  5.167481E-02  5.345902E-02  5.521665E-02  5.665668E-02  5.779453E-02  5.891737E-02  6.002446E-02  6.111506E-02  6.218848E-02  6.324405E-02
  6.454045E-02  6.630503E-02  6.824121E-02  7.009327E-02     0.0718581  7.353315E-02  7.511634E-02  7.809585E-02  8.350749E-02  8.852792E-02             0
             0 -1.689279E-03 -1.182674E-04  1.082412E-03  2.020284E-03  3.093867E-03  4.300567E-03   5.46997E-03  6.364426E-03   7.11084E-03     0.0078875  8.895333E-03     0.0103818  1.219056E-02  1.410293E-02  1.611208E-02  1.821074E-02  2.039122E-02  2.264549E-02  2.496515E-02
  2.734154E-02  2.976567E-02     0.0322283  3.471983E-02  3.723053E-02  3.975065E-02  4.227054E-02  4.478075E-02  4.727208E-02     0.0497357  5.185972E-02  5.365605E-02     0.0554249  5.687352E-02  5.801779E-02  5.914664E-02  6.025929E-02  6.135499E-02  6.243306E-02  6.349284E-02
  6.479392E-02  6.656388E-02  6.850447E-02  7.035925E-02  7.212524E-02  7.379999E-02  7.538158E-02  7.835557E-02  8.374353E-02     0.0887154             0
             0 -5.862251E-03 -4.174148E-03 -2.861565E-03 -1.829322E-03 -6.405322E-04  7.030388E-04  2.011654E-03   3.01608E-03  3.856095E-03  4.731969E-03  5.870788E-03  7.555091E-03   9.61138E-03  1.179168E-02  1.408783E-02  1.649095E-02     0.0189915  2.157934E-02  2.424379E-02
  2.697369E-02  2.975743E-02  3.258288E-02  3.543741E-02  3.830807E-02  4.118187E-02  4.404584E-02  4.688726E-02  4.969376E-02  5.245346E-02     0.0548174  5.680582E-02  5.875226E-02  6.033613E-02  6.158157E-02  6.280437E-02  6.400365E-02  6.517858E-02     0.0663284  6.745245E-02
  6.882454E-02  7.067451E-02  7.267776E-02  7.456782E-02  7.634356E-02  7.800473E-02  7.955192E-02  8.242072E-02  8.740027E-02  9.158295E-02             0
             0 -9.200605E-03 -7.468923E-03 -6.095563E-03 -5.006575E-03 -3.742866E-03 -2.304515E-03 -8.944114E-04  1.928263E-04  1.104684E-03   2.05803E-03  3.300741E-03  5.145212E-03  7.406488E-03  9.812688E-03  1.235426E-02  1.502063E-02  1.780037E-02  2.068133E-02     0.0236507
  2.669514E-02  2.980071E-02  3.295284E-02     0.0361362  3.933496E-02      0.042533  4.571408E-02      0.048862  5.196072E-02  5.499463E-02  5.757947E-02  5.974324E-02  6.184964E-02  6.355294E-02  6.488613E-02  6.618866E-02     0.0674594  6.869742E-02  6.990185E-02  7.107203E-02
  7.249124E-02  7.438543E-02  7.640751E-02  7.828723E-02     0.0800266  8.162893E-02     0.0830985  8.578198E-02  9.023716E-02  9.364551E-02             0
             0 -1.144923E-02 -9.730211E-03 -8.340845E-03 -7.230057E-03 -5.931029E-03 -4.441628E-03 -2.971467E-03 -1.832541E-03 -8.745153E-04  1.298779E-04  1.442513E-03  3.397628E-03  5.804141E-03  8.373098E-03  1.109333E-02  1.395248E-02  1.693735E-02  2.003407E-02     0.0232283
  2.650523E-02     0.0298496  3.324547E-02  3.667596E-02  4.012355E-02  4.357018E-02  4.699732E-02  5.038607E-02  5.371721E-02  5.697143E-02  5.973482E-02     0.0620403  6.427521E-02     0.0660731  6.747472E-02      0.068838  7.016151E-02  7.144406E-02  7.268465E-02  7.388256E-02
  7.532603E-02  7.723292E-02  7.923944E-02  8.107737E-02  8.275324E-02  8.427503E-02  8.565146E-02  8.813149E-02  9.210547E-02  9.492701E-02             0
             0 -1.291828E-02 -1.123689E-02 -9.855844E-03 -8.743581E-03 -7.433541E-03 -5.921063E-03 -4.418148E-03 -3.248402E-03 -2.261598E-03 -1.224238E-03  1.348421E-04  2.165777E-03  4.674386E-03  7.359146E-03  1.020693E-02     0.0132035  1.633397E-02  1.958317E-02  2.293574E-02
  2.637613E-02  2.988855E-02  3.345662E-02  3.706297E-02     0.0406895  4.431736E-02  4.792696E-02  5.149782E-02  5.500852E-02  5.843671E-02  6.134394E-02  6.376491E-02  6.610516E-02  6.798037E-02  6.943738E-02  7.084893E-02  7.221305E-02     0.0735281  7.479284E-02  7.600649E-02
  7.745923E-02     0.0793583      0.081328  8.310695E-02  8.470769E-02  8.614372E-02  8.742835E-02  8.971978E-02  9.330624E-02      0.095717             0
             0 -1.367969E-02 -1.203248E-02 -1.066639E-02 -9.561078E-03 -8.253086E-03 -6.735587E-03 -5.220126E-03 -4.036292E-03 -3.035304E-03 -1.980785E-03 -5.965628E-04  1.476995E-03  4.044302E-03   6.79584E-03  9.716668E-03  1.279106E-02  1.600307E-02  1.933677E-02     0.0227764
  2.630626E-02  2.991055E-02  3.357298E-02     0.0372763     0.0410025  4.473279E-02  4.844747E-02  5.212574E-02  5.574541E-02  5.928269E-02  6.228342E-02  6.478146E-02  6.719372E-02  6.912263E-02  7.061822E-02  7.206313E-02  7.345459E-02  7.479031E-02  7.606862E-02  7.728859E-02
  7.874043E-02  8.062128E-02  8.254972E-02     0.0842739  8.581231E-02  8.718292E-02  8.840212E-02  9.056649E-02  9.392136E-02     0.0961104             0
             0 -1.401073E-02 -1.238167E-02 -1.102478E-02 -9.924615E-03 -8.619869E-03 -7.102522E-03  -5.58323E-03 -4.393961E-03  -3.38704E-03 -2.324952E-03 -9.292606E-04  1.164246E-03   3.75919E-03   6.54193E-03  9.496499E-03  1.260644E-02  1.585533E-02  1.922699E-02  2.270552E-02
  2.627523E-02     0.0299204  3.362484E-02  3.737146E-02  4.114239E-02  4.491898E-02  4.868166E-02  5.240965E-02  5.608064E-02  5.967047E-02  6.271753E-02  6.525473E-02  6.770463E-02  6.966246E-02  7.117916E-02  7.264252E-02  7.404908E-02  7.539588E-02  7.668077E-02  7.790262E-02
  7.935119E-02  8.121742E-02  8.311886E-02  8.481063E-02  8.631463E-02  8.765095E-02  8.883718E-02  9.093947E-02  9.418744E-02     0.0962785             0
             0 -1.419084E-02 -1.257258E-02 -1.122152E-02 -1.012483E-02 -8.822672E-03 -7.306301E-03 -5.785626E-03 -4.593717E-03 -3.583669E-03 -2.517393E-03 -1.115185E-03  9.898217E-04   3.60064E-03  6.401126E-03  9.374701E-03  1.250452E-02  1.577389E-02  1.916654E-02  2.266652E-02
  2.625817E-02  2.992582E-02  3.365338E-02  3.742386E-02  4.121949E-02  4.502176E-02     0.0488112  5.256711E-02     0.0562672  5.988722E-02  6.296137E-02     0.0655219  6.799471E-02  6.997065E-02  7.150086E-02  7.297628E-02  7.439285E-02  7.574698E-02  7.703592E-02  7.825823E-02
  7.970329E-02  8.155808E-02  8.344085E-02  8.511171E-02  8.659446E-02  8.791024E-02  8.907715E-02     0.0911437  9.433184E-02  9.636921E-02             0
             0     -0.014282 -1.266951E-02 -1.132168E-02 -1.022701E-02 -8.926486E-03 -7.411009E-03 -5.889998E-03 -4.696941E-03 -3.685372E-03 -2.616925E-03 -1.211244E-03  8.999312E-04  3.519166E-03  6.328946E-03  9.312385E-03  1.245244E-02  1.573233E-02  1.913571E-02  2.264665E-02
  2.624948E-02  2.992858E-02  3.366792E-02  3.745057E-02  4.125883E-02  4.507425E-02  4.887744E-02  5.264777E-02  5.636299E-02  5.999887E-02  6.308744E-02  6.566057E-02  6.814607E-02  7.013234E-02  7.167047E-02  7.315321E-02  7.457612E-02  7.593506E-02  7.722655E-02  7.844856E-02
  7.989044E-02  8.173718E-02  8.360849E-02  8.526733E-02  8.673834E-02  8.804303E-02  8.919969E-02  9.124748E-02     0.0944048  9.641489E-02             0
