.02 12.5 12.5 12.5 18.75 18.75 18.75 18.75 18.75 18.75 18.75 18.75 18.75 21.875 21.875 31.25 31.25 31.25 31.25 31.25 31.25 31.25 37.5 37.5 37.5 43.75 43.75 43.75 43.75 43.75 43.75 43.75 43.75 43.75 43.75 50 50 50 50 50 50 50 50 50 50 56.25 56.25 56.25 56.25 56.25 .09
.02 12.5 12.5 12.5 18.75 18.75 18.75 18.75 18.75 18.75 18.75 18.75 18.75 21.875 21.875 31.25 31.25 31.25 31.25 31.25 31.25 31.25 37.5 37.5 37.5 43.75 43.75 43.75 43.75 43.75 43.75 43.75 43.75 43.75 43.75 50 50 50 50 50 50 50 50 50 50 56.25 56.25 56.25 56.25 56.25 .09
.02 12.5 12.5 12.5 18.75 18.75 18.75 18.75 18.75 18.75 18.75 18.75 18.75 21.875 21.875 31.25 31.25 31.25 31.25 31.25 31.25 31.25 37.5 37.5 37.5 43.75 43.75 43.75 43.75 43.75 43.75 43.75 43.75 43.75 43.75 50 50 50 50 50 50 50 50 50 50 56.25 56.25 56.25 56.25 56.25 .09
.02 12.5 12.5 12.5 18.75 18.75 18.75 18.75 18.75 18.75 18.75 18.75 18.75 21.875 21.875 31.25 31.25 31.25 31.25 31.25 31.25 31.25 37.5 37.5 37.5 43.75 43.75 43.75 43.75 43.75 43.75 43.75 43.75 43.75 43.75 50 50 50 50 50 50 50 50 50 50 56.25 56.25 56.25 56.25 56.25 .09
.02 12.5 12.5 12.5 18.75 18.75 18.75 18.75 18.75 18.75 18.75 18.75 18.75 21.875 21.875 31.25 31.25 31.25 31.25 31.25 31.25 31.25 37.5 37.5 37.5 43.75 43.75 43.75 43.75 43.75 43.75 43.75 43.75 43.75 43.75 50 50 50 50 50 50 50 50 50 50 56.25 56.25 56.25 56.25 56.25 .09
.02 12.5 12.5 12.5 18.75 18.75 18.75 18.75 18.75 18.75 18.75 18.75 18.75 21.875 21.875 31.25 31.25 31.25 31.25 31.25 31.25 31.25 37.5 37.5 37.5 43.75 43.75 43.75 43.75 43.75 43.75 43.75 43.75 43.75 43.75 50 50 50 50 50 50 50 50 50 50 56.25 56.25 56.25 56.25 56.25 .09
.02 12.5 12.5 12.5 18.75 18.75 18.75 18.75 18.75 18.75 18.75 18.75 18.75 21.875 21.875 31.25 31.25 31.25 31.25 31.25 31.25 31.25 37.5 37.5 37.5 43.75 43.75 43.75 43.75 43.75 43.75 43.75 43.75 43.75 43.75 50 50 50 50 50 50 50 50 50 50 56.25 56.25 56.25 56.25 56.25 .09
.02 12.5 12.5 12.5 18.75 18.75 18.75 18.75 18.75 18.75 18.75 18.75 18.75 21.875 21.875 31.25 31.25 31.25 31.25 31.25 31.25 31.25 37.5 37.5 37.5 43.75 43.75 43.75 43.75 43.75 43.75 43.75 43.75 43.75 43.75 50 50 50 50 50 50 50 50 50 50 56.25 56.25 56.25 56.25 56.25 .09
.02 12.5 12.5 12.5 18.75 18.75 18.75 18.75 18.75 18.75 18.75 18.75 18.75 21.875 21.875 31.25 31.25 31.25 31.25 31.25 31.25 31.25 37.5 37.5 37.5 43.75 43.75 43.75 43.75 43.75 43.75 43.75 43.75 43.75 43.75 50 50 50 50 50 50 50 50 50 50 56.25 56.25 56.25 56.25 56.25 .09
.02 12.5 12.5 12.5 18.75 18.75 18.75 18.75 18.75 18.75 18.75 18.75 18.75 21.875 21.875 31.25 31.25 31.25 31.25 31.25 31.25 31.25 37.5 37.5 37.5 43.75 43.75 43.75 43.75 43.75 43.75 43.75 43.75 43.75 43.75 50 50 50 50 50 50 50 50 50 50 56.25 56.25 56.25 56.25 56.25 .09
