           .05            50            50            50            50            50            50            50            50            50            50            50            50            50            50            50            50            50            50            50
            50            50            50            50            50            50            50            50            50            50            50            50            50            50            50            50            50            50            50            50
            50            50            50            50            50            50            50            50            50            50           .05
           .05            50            50            50            50            50            50            50            50            50            50            50            50            50            50            50            50            50            50            50
            50            50            50            50            50            50            50            50            50            50            50            50            50            50            50            50            50            50            50            50
            50            50            50            50            50            50            50            50            50            50           .05
           .05            50            50            50            50            50            50            50            50            50            50            50            50            50            50            50            50            50            50            50
            50            50            50            50            50            50            50            50            50            50            50            50            50            50            50            50            50            50            50            50
            50            50            50            50            50            50            50            50            50            50           .05
           .05            50            50            50            50            50            50            50            50            50            50            50            50            50            50            50            50            50            50            50
            50            50            50            50            50            50            50            50            50            50            50            50            50            50            50            50            50            50            50            50
            50            50            50            50            50            50            50            50            50            50           .05
           .05            50            50            50            50            50            50            50            50            50            50            50            50            50            50            50            50            50            50            50
            50            50            50            50            50            50            50            50            50            50            50            50            50            50            50            50            50            50            50            50
            50            50            50            50            50            50            50            50            50            50           .05
           .05            50            50            50            50            50            50            50            50            50            50            50            50            50            50            50            50            50            50            50
            50            50            50            50            50            50            50            50            50            50            50            50            50            50            50            50            50            50            50            50
            50            50            50            50            50            50            50            50            50            50           .05
           .05            50            50            50            50            50            50            50            50            50            50            50            50            50            50            50            50            50            50            50
            50            50            50            50            50            50            50            50            50            50            50            50            50            50            50            50            50            50            50            50
            50            50            50            50            50            50            50            50            50            50           .05
           .05            50            50            50            50            50            50            50            50            50            50            50            50            50            50            50            50            50            50            50
            50            50            50            50            50            50            50            50            50            50            50            50            50            50            50            50            50            50            50            50
            50            50            50            50            50            50            50            50            50            50           .05
           .05            50            50            50            50            50            50            50            50            50            50            50            50            50            50            50            50            50            50            50
            50            50            50            50            50            50            50            50            50            50            50            50            50            50            50            50            50            50            50            50
            50            50            50            50            50            50            50            50            50            50           .05
           .05            50            50            50            50            50            50            50            50            50            50            50            50            50            50            50            50            50            50            50
            50            50            50            50            50            50            50            50            50            50            50            50            50            50            50            50            50            50            50            50
            50            50            50            50            50            50            50            50            50            50           .05