           .05          .625          .625          .625          .625          .625          .625          .625          .625          .625          .625          .625          .625          .625          .625          .625          .625          .625          .625          .625
          .625          .625          .625          .625          .625          .625          .625          .625          .625          .625          .625          .625          .625          .625          .625          .625          .625          .625          .625          .625
          .625          .625          .625          .625          .625          .625          .625          .625          .625          .625           .05
           .05          .625          .625          .625          .625          .625          .625          .625          .625          .625          .625          .625          .625          .625          .625          .625          .625          .625          .625          .625
          .625          .625          .625          .625          .625          .625          .625          .625          .625          .625          .625          .625          .625          .625          .625          .625          .625          .625          .625          .625
          .625          .625          .625          .625          .625          .625          .625          .625          .625          .625           .05
           .05          .625          .625          .625          .625          .625          .625          .625          .625          .625          .625          .625          .625          .625          .625          .625          .625          .625          .625          .625
          .625          .625          .625          .625          .625          .625          .625          .625          .625          .625          .625          .625          .625          .625          .625          .625          .625          .625          .625          .625
          .625          .625          .625          .625          .625          .625          .625          .625          .625          .625           .05
           .05          .625          .625          .625          .625          .625          .625          .625          .625          .625          .625          .625          .625          .625          .625          .625          .625          .625          .625          .625
          .625          .625          .625          .625          .625          .625          .625          .625          .625          .625          .625          .625          .625          .625          .625          .625          .625          .625          .625          .625
          .625          .625          .625          .625          .625          .625          .625          .625          .625          .625           .05
           .05          .625          .625          .625          .625          .625          .625          .625          .625          .625          .625          .625          .625          .625          .625          .625          .625          .625          .625          .625
          .625          .625          .625          .625          .625          .625          .625          .625          .625          .625          .625          .625          .625          .625          .625          .625          .625          .625          .625          .625
          .625          .625          .625          .625          .625          .625          .625          .625          .625          .625           .05
           .05          .625          .625          .625          .625          .625          .625          .625          .625          .625          .625          .625          .625          .625          .625          .625          .625          .625          .625          .625
          .625          .625          .625          .625          .625          .625          .625          .625          .625          .625          .625          .625          .625          .625          .625          .625          .625          .625          .625          .625
          .625          .625          .625          .625          .625          .625          .625          .625          .625          .625           .05
           .05          .625          .625          .625          .625          .625          .625          .625          .625          .625          .625          .625          .625          .625          .625          .625          .625          .625          .625          .625
          .625          .625          .625          .625          .625          .625          .625          .625          .625          .625          .625          .625          .625          .625          .625          .625          .625          .625          .625          .625
          .625          .625          .625          .625          .625          .625          .625          .625          .625          .625           .05
           .05          .625          .625          .625          .625          .625          .625          .625          .625          .625          .625          .625          .625          .625          .625          .625          .625          .625          .625          .625
          .625          .625          .625          .625          .625          .625          .625          .625          .625          .625          .625          .625          .625          .625          .625          .625          .625          .625          .625          .625
          .625          .625          .625          .625          .625          .625          .625          .625          .625          .625           .05
           .05          .625          .625          .625          .625          .625          .625          .625          .625          .625          .625          .625          .625          .625          .625          .625          .625          .625          .625          .625
          .625          .625          .625          .625          .625          .625          .625          .625          .625          .625          .625          .625          .625          .625          .625          .625          .625          .625          .625          .625
          .625          .625          .625          .625          .625          .625          .625          .625          .625          .625           .05
           .05          .625          .625          .625          .625          .625          .625          .625          .625          .625          .625          .625          .625          .625          .625          .625          .625          .625          .625          .625
          .625          .625          .625          .625          .625          .625          .625          .625          .625          .625          .625          .625          .625          .625          .625          .625          .625          .625          .625          .625
          .625          .625          .625          .625          .625          .625          .625          .625          .625          .625           .05