           .18           450           450           450           450           450           450           450           450           450           450           450           450           450           450           450           450           450           450           450
           450           450           450           450           450           450           450           450           450           450           450           450           450           450           450           450           450           450           450           450
           450           450           450           450           450           450           450           450           450           450           .18
           .18           450           450           450           450           450           450           450           450           450           450           450           450           450           450           450           450           450           450           450
           450           450           450           450           450           450           450           450           450           450           450           450           450           450           450           450           450           450           450           450
           450           450           450           450           450           450           450           450           450           450           .18
           .18           450           450           450           450           450           450           450           450           450           450           450           450           450           450           450           450           450           450           450
           450           450           450           450           450           450           450           450           450           450           450           450           450           450           450           450           450           450           450           450
           450           450           450           450           450           450           450           450           450           450           .18
           .18           450           450           450           450           450           450           450           450           450           450           450           450           450           450           450           450           450           450           450
           450           450           450           450           450           450           450           450           450           450           450           450           450           450           450           450           450           450           450           450
           450           450           450           450           450           450           450           450           450           450           .18
           .18           450           450           450           450           450           450           450           450           450           450           450           450           450           450           450           450           450           450           450
           450           450           450           450           450           450           450           450           450           450           450           450           450           450           450           450           450           450           450           450
           450           450           450           450           450           450           450           450           450           450           .18
           .18           450           450           450           450           450           450           450           450           450           450           450           450           450           450           450           450           450           450           450
           450           450           450           450           450           450           450           450           450           450           450           450           450           450           450           450           450           450           450           450
           450           450           450           450           450           450           450           450           450           450           .18
           .18           450           450           450           450           450           450           450           450           450           450           450           450           450           450           450           450           450           450           450
           450           450           450           450           450           450           450           450           450           450           450           450           450           450           450           450           450           450           450           450
           450           450           450           450           450           450           450           450           450           450           .18
           .18           450           450           450           450           450           450           450           450           450           450           450           450           450           450           450           450           450           450           450
           450           450           450           450           450           450           450           450           450           450           450           450           450           450           450           450           450           450           450           450
           450           450           450           450           450           450           450           450           450           450           .18
           .18           450           450           450           450           450           450           450           450           450           450           450           450           450           450           450           450           450           450           450
           450           450           450           450           450           450           450           450           450           450           450           450           450           450           450           450           450           450           450           450
           450           450           450           450           450           450           450           450           450           450           .18
           .18           450           450           450           450           450           450           450           450           450           450           450           450           450           450           450           450           450           450           450
           450           450           450           450           450           450           450           450           450           450           450           450           450           450           450           450           450           450           450           450
           450           450           450           450           450           450           450           450           450           450           .18