 51            10 
             0    -0.2566986    -0.2476272    -0.2404508    -0.2348003     -0.228292    -0.2209315    -0.2137537    -0.2082381    -0.2036215    -0.1988038    -0.1925348    -0.1832533    -0.1719129    -0.1598911    -0.1472481    -0.1340459    -0.1203415       -0.1062    -0.0917026
 -7.698215E-02 -6.247493E-02 -4.790869E-02 -3.021955E-02 -1.281801E-02  4.296361E-03  2.111746E-02     0.0376258  5.378589E-02  6.954678E-02  8.293146E-02  9.410455E-02     0.1049405     0.1136533     0.1204355      0.127013     0.1333667     0.1394751     0.1453134     0.1508533
     0.1573657     0.1670626     0.1778121     0.1890691     0.2008865      0.211343     0.2206777     0.2374241     0.2649592     0.2877099             0
             0    -0.2618651    -0.2527473    -0.2454875    -0.2397843    -0.2332346    -0.2258114    -0.2185517    -0.2129602    -0.2082724    -0.2033714    -0.1969814    -0.1874916    -0.1758596    -0.1634991    -0.1505053    -0.1369703    -0.1228968    -0.1083343 -9.336675E-02
 -7.813202E-02 -6.300128E-02 -4.663499E-02 -2.866313E-02 -1.125541E-02  5.898257E-03  2.283002E-02  3.953546E-02  5.597642E-02  7.209376E-02  8.585258E-02  9.739156E-02     0.1086487     0.1177712     0.1249198     0.1319091     0.1387308     0.1453761     0.1518279     0.1580483
     0.1654307     0.1760426     0.1872304     0.1980255     0.2081479     0.2173656     0.2258688     0.2415189     0.2679555     0.2897633             0
             0    -0.3398063    -0.3302381    -0.3220839    -0.3154767    -0.3076611    -0.2985488    -0.2893971    -0.2822165    -0.2761259    -0.2696881    -0.2612072    -0.2484319     -0.232513    -0.2153671    -0.1971494    -0.1780178    -0.1580061    -0.1372134    -0.1157868
    -0.0939487 -7.225578E-02 -4.881139E-02 -2.311944E-02  1.691911E-03  2.604159E-02  4.994368E-02  7.335413E-02  9.617523E-02     0.1182749     0.1368506     0.1522113     0.1669519     0.1786719     0.1877261     0.1964423      0.204807     0.2128083     0.2204264     0.2276202
     0.2359701     0.2475143     0.2590834     0.2695702     0.2788118     0.2866598     0.2933796     0.3047955     0.3193432     0.3236062             0
             0    -0.4168695    -0.4109191    -0.4043454    -0.3984647    -0.3908938    -0.3813809    -0.3711822    -0.3628334    -0.3555718    -0.3477201    -0.3371651    -0.3208459    -0.2999533    -0.2770239    -0.2523583    -0.2262803    -0.1989129    -0.1704464    -0.1411146
    -0.1112366 -8.157712E-02 -4.955591E-02    -0.0144408  1.951453E-02  5.289229E-02  8.570534E-02     0.1178668     0.1491886     0.1794031     0.2045881     0.2251985     0.2446832       0.25986     0.2713837     0.2822504     0.2924283      0.301893     0.3106179     0.3185613
     0.3274091     0.3387382      0.348892     0.3567958     0.3626268     0.3665222     0.3689013     0.3711956     0.3661703     0.3499119             0
             0    -0.4794611     -0.481928    -0.4803552    -0.4776219    -0.4727059     -0.464985    -0.4552597    -0.4465344    -0.4385598    -0.4295711    -0.4170657    -0.3969492    -0.3703028    -0.3405626     -0.308385    -0.2744511    -0.2390567    -0.2025113    -0.1651191
    -0.1272466 -8.979331E-02 -4.943863E-02 -5.103124E-03  3.797797E-02  8.065441E-02     0.1230385      0.165085     0.2065641     0.2470601     0.2811061     0.3090147     0.3352747     0.3554415     0.3705018     0.3843681     0.3969344     0.4081209     0.4178689     0.4261345
     0.4345516     0.4433932     0.4488054     0.4502925     0.4489383     0.4455286     0.4407181     0.4292928     0.4013579       0.36718             0
             0    -0.5271732    -0.5419365    -0.5491219    -0.5525705    -0.5537203    -0.5511891    -0.5443398    -0.5363557    -0.5281667    -0.5181202     -0.503267      -0.47795    -0.4432754    -0.4044479     -0.362883      -0.31985    -0.2758221    -0.2311515    -0.1861001
    -0.1409566 -9.661412E-02 -4.898277E-02   3.46206E-03  5.478597E-02     0.1062476     0.1582497     0.2110186     0.2645382     0.3184874     0.3654208     0.4048276     0.4426208     0.4718828     0.4936107     0.5132326     0.5303292     0.5445422     0.5556217     0.5634776
     0.5693834     0.5703509     0.5637349     0.5514926     0.5367873     0.5214952     0.5063195     0.4771838     0.4263991     0.3782343             0
             0    -0.5551264    -0.5815591    -0.5989997    -0.6107538    -0.6214989    -0.6289536    -0.6293275    -0.6242621    -0.6166855    -0.6053244    -0.5866596    -0.5528004    -0.5064775    -0.4562733    -0.4044949    -0.3527628    -0.3013621    -0.2503821    -0.1998218
    -0.1497405    -0.1008903 -4.857479E-02  9.125704E-03  6.595601E-02     0.1236043     0.1829003     0.2446038     0.3093665     0.3776723     0.4406416     0.4963162     0.5528337     0.5991424     0.6345801     0.6671181      0.695147     0.7169117     0.7308752      0.736377
     0.7338022     0.7132949     0.6802863     0.6437669     0.6093795     0.5793043     0.5530344     0.5074068     0.4402334     0.3838784             0
             0    -0.5679874      -0.60112    -0.6254435    -0.6435691    -0.6630599    -0.6819561    -0.6936767     -0.694954    -0.6894593    -0.6756944    -0.6502747    -0.6044492    -0.5458904    -0.4860988    -0.4270299    -0.3698153    -0.3141811    -0.2598185    -0.2064487
    -0.1539355    -0.1029131    -0.0483617  1.185537E-02  7.136508E-02     0.1321123     0.1952203      0.261871     0.3333537     0.4111488     0.4862119     0.5558411     0.6310891     0.6978683     0.7522213     0.8054991     0.8541777      0.892796      0.914239     0.9127861
      0.890122     0.8317129     0.7637796     0.7023749     0.6512729     0.6104479     0.5770307     0.5218344     0.4464214      0.386316             0
             0    -0.5751833    -0.6125019    -0.6415561     -0.664517    -0.6916602    -0.7230433    -0.7524513    -0.7691364    -0.7715891    -0.7496948    -0.7086333    -0.6447637    -0.5732579    -0.5053353    -0.4408973    -0.3799973    -0.3216855    -0.2652705    -0.2102437
    -0.1563237    -0.1040592 -4.823608E-02  1.341469E-02  7.446364E-02     0.1370183     0.2024004     0.2720969     0.3478999     0.4321751     0.5162321     0.5972549     0.6897759     0.7787541     0.8568298     0.9411221      1.028217      1.108509      1.159013      1.129798
       1.05674     0.9369388      0.827569     0.7427554     0.6781172      0.629496     0.5912822     0.5300594     0.4498346     0.3876379             0
             0    -0.5788906    -0.6185315    -0.6504236    -0.6765816    -0.7096341    -0.7535989    -0.8107854    -0.8708801    -0.9172913    -0.8513433     -0.766749     -0.674911    -0.5905785    -0.5164983    -0.4485785    -0.3854913     -0.325672    -0.2681386    -0.2122279
    -0.1575673    -0.1046542 -4.816938E-02  1.422809E-02  7.608318E-02     0.1395942     0.2061985     0.2775688     0.3558245     0.4439602     0.5337836     0.6227874     0.7289878     0.8389028     0.9436428      1.071537      1.231935      1.438351      1.708903      1.463855
      1.241099      1.024979     0.8715363     0.7675861     0.6934901     0.6399689     0.5989368     0.5343494     0.4515769     0.3883056             0
