 51            10 
             0    -0.2567354    -0.2470114    -0.2387427      -0.23307    -0.2272494    -0.2202289    -0.2130831    -0.2074446    -0.2026436    -0.1975445    -0.1907836    -0.1804545    -0.1681368    -0.1551804    -0.1427736    -0.1310668    -0.1181034    -0.1040684 -8.907966E-02
    -0.0731902 -5.638411E-02 -4.009689E-02 -2.439437E-02 -7.921415E-03  7.977973E-03     0.0231323  3.856995E-02  5.412292E-02  6.965096E-02  8.311701E-02     0.0945474     0.1058506     0.1151613     0.1225527     0.1294283      0.135783     0.1420673     0.1482722     0.1543891
     0.1619142      0.172168     0.1834219      0.194198     0.2045057     0.2138247     0.2221368     0.2377388     0.2648455     0.2877653             0
             0    -0.2623021    -0.2532336    -0.2458224    -0.2401039    -0.2338345    -0.2265184    -0.2193393    -0.2138136     -0.209182    -0.2043365    -0.1979992    -0.1884535    -0.1768298    -0.1641626    -0.1509488    -0.1379653    -0.1239863    -0.1093046 -9.402362E-02
 -7.821994E-02 -6.165864E-02 -4.501374E-02 -2.862197E-02 -1.148339E-02  5.355966E-03  2.157928E-02  3.793997E-02  5.426376E-02  7.041463E-02  8.421443E-02  9.579384E-02     0.1071301     0.1164209     0.1238239     0.1308066     0.1373354     0.1438154      0.150214     0.1565211
     0.1642739     0.1747262     0.1860518     0.1967767     0.2069312     0.2163502     0.2249499      0.240998     0.2677417       0.28984             0
             0    -0.3404257    -0.3309692    -0.3226865    -0.3161095    -0.3086515    -0.2996975    -0.2906705     -0.283589    -0.2775819    -0.2712253    -0.2628216    -0.2499737     -0.234065    -0.2164653    -0.1979207    -0.1795222    -0.1596161    -0.1386427    -0.1167727
 -9.413722E-02 -7.042134E-02 -4.661139E-02 -2.319381E-02  1.226093E-03     0.0251269  4.803355E-02  7.096916E-02  9.363826E-02     0.1157984     0.1344448      0.149873     0.1647309     0.1766791     0.1860678     0.1947944      0.202816     0.2106359     0.2182114     0.2255282
     0.2343309     0.2457909     0.2575765     0.2681114     0.2774668     0.2855784     0.2924636     0.3043666     0.3194523     0.3237932             0
             0    -0.4179803    -0.4124286    -0.4059842    -0.4003716    -0.3933086     -0.384117    -0.3741689    -0.3659931    -0.3588633    -0.3511275    -0.3406694    -0.3242169    -0.3032633     -0.279587    -0.2543429    -0.2290954    -0.2017351    -0.1729225    -0.1429137
    -0.1119056 -7.947019E-02    -0.0469445 -1.495123E-02     0.0184331  5.113624E-02  8.250916E-02     0.1139268     0.1449335     0.1751205     0.2003096     0.2209389     0.2405168     0.2559498     0.2678779     0.2787561       0.28852     0.2977855     0.3064915     0.3146161
     0.3240262     0.3354933     0.3460748     0.3543528     0.3605516     0.3648828     0.3676119     0.3706087     0.3665171     0.3501888             0
             0    -0.4814047    -0.4850878    -0.4844825    -0.4827581    -0.4788205     -0.471958     -0.462864    -0.4544972    -0.4467475    -0.4379075    -0.4254585    -0.4049511    -0.3778755    -0.3466838    -0.3132695     -0.279916    -0.2441029    -0.2067869     -0.168287
    -0.1288229 -8.778112E-02 -4.674691E-02 -6.353956E-03  3.594602E-02  7.763002E-02     0.1179757     0.1587963     0.1995222     0.2395698     0.2732128     0.3007819     0.3268048     0.3470295      0.362415     0.3761438     0.3880875     0.3989786     0.4087088     0.4172364
     0.4263896     0.4359815     0.4424478     0.4451904     0.4449157     0.4424206     0.4384124     0.4282261     0.4018171     0.3675195             0
             0    -0.5301965    -0.5478023     -0.557909    -0.5641906    -0.5677831    -0.5678156    -0.5628291    -0.5557514    -0.5479993    -0.5380692     -0.522931     -0.496165    -0.4596345    -0.4175148    -0.3730598    -0.3296489    -0.2841954    -0.2379222     -0.191063
    -0.1437188 -9.496149E-02 -4.644551E-02  1.344828E-03  5.165821E-02     0.1017166     0.1509145     0.2016735     0.2535336     0.3059366     0.3512456     0.3891156     0.4253944     0.4537084     0.4750833      0.493788     0.5094514     0.5228776     0.5337737     0.5420226
     0.5491092     0.5527089     0.5491734     0.5405564     0.5287735     0.5155715     0.5021546     0.4753431     0.4268775     0.3786145             0
             0    -0.5590832     -0.590403    -0.6138502    -0.6316649    -0.6482596    -0.6627349    -0.6686602    -0.6661713    -0.6595688    -0.6479706    -0.6275543     -0.588668    -0.5363572    -0.4789757    -0.4212455    -0.3674073     -0.313125    -0.2594954    -0.2063607
    -0.1535061 -9.961463E-02 -4.624338E-02  6.346721E-03  6.198135E-02     0.1178489      0.173622      0.232425     0.2942929     0.3592607     0.4182673     0.4697817     0.5215149     0.5637458     0.5963107     0.6250035      0.648595     0.6674727     0.6803634     0.6866638
     0.6869643     0.6750436     0.6510748     0.6234946     0.5956904      0.569764     0.5466667     0.5047987     0.4406869     0.3842793             0
             0    -0.5724519    -0.6118311    -0.6446453     -0.671777    -0.7010591    -0.7331245    -0.7566702    -0.7636304    -0.7600158    -0.7452147     -0.715044    -0.6578789    -0.5873901    -0.5161707    -0.4482885    -0.3875397    -0.3279692    -0.2702633    -0.2138492
    -0.1582362    -0.1018479 -4.614929E-02  8.740149E-03     0.0669556     0.1257096     0.1848804     0.2480652      0.315782     0.3888099     0.4577628     0.5204687     0.5868754     0.6448318     0.6918107     0.7353038     0.7727559     0.8028879     0.8205717      0.821644
     0.8070864      0.769227     0.7200844     0.6740327     0.6332616     0.5983999     0.5692366     0.5187839     0.4468555     0.3867257             0
             0    -0.5799555     -0.624436     -0.663859    -0.6982588    -0.7390062    -0.7904294    -0.8398936    -0.8661082    -0.8707519    -0.8475748    -0.7979688    -0.7144099    -0.6242287     -0.540904    -0.4652708    -0.3997536    -0.3367634    -0.2765404    -0.2181672
    -0.1609449    -0.1031222 -4.609684E-02  1.010282E-02  6.979834E-02     0.1302288     0.1914148     0.2572742      0.328707      0.407151     0.4833485     0.5549639     0.6345054     0.7089386     0.7733177      0.838019     0.9005536     0.9581255     0.9950728     0.9767416
      0.926902     0.8482292     0.7706905     0.7078558      0.656914     0.6157098     0.5825409     0.5267332     0.4502557     0.3880524             0
             0    -0.5838298    -0.6311678    -0.6746371    -0.7139319    -0.7636462     -0.833905    -0.9189754    -0.9874803     -1.026675    -0.9688842    -0.8768822    -0.7573774     -0.648172    -0.5555996    -0.4748185      -0.40642    -0.3414741    -0.2798629    -0.2204351
    -0.1623607    -0.1037867 -4.606998E-02  1.081216E-02  7.128193E-02     0.1325969     0.1948616     0.2621824     0.3357069      0.417339     0.4981077     0.5758411     0.6655461     0.7551329     0.8385814     0.9324068      1.042796      1.184935       1.37545      1.205455
      1.052717      0.910699     0.8042309     0.7281011     0.6702582     0.6251397     0.5896471     0.5308711     0.4519906     0.3887225             0
