 51            10 
             0 -1.951535E-03 -3.922193E-04  7.992604E-04  1.729783E-03  2.794746E-03  3.991512E-03  5.151047E-03   6.03782E-03  6.777749E-03  7.547587E-03  8.546473E-03  1.001954E-02  1.181172E-02  1.370628E-02  1.569649E-02  1.777518E-02  1.993477E-02  2.216735E-02     0.0244647
  2.681829E-02  2.921933E-02  3.165873E-02     0.0341271  3.661489E-02  3.911256E-02  4.161065E-02  4.409992E-02  4.657135E-02  4.901629E-02  5.112519E-02     0.0529094  5.466705E-02  5.610713E-02  5.724501E-02  5.836791E-02  5.947506E-02  6.056574E-02  6.163924E-02  6.269491E-02
  6.399144E-02  6.575622E-02     0.0676927  6.954509E-02     0.0713103  7.298575E-02     0.0745694  7.754992E-02  8.296443E-02  8.799212E-02             0
             0 -2.219439E-03 -6.521383E-04   5.46784E-04  1.483529E-03  2.556032E-03  3.761702E-03  4.930248E-03  5.824115E-03  6.570071E-03  7.346285E-03  8.353576E-03  9.839314E-03     0.0116473  1.355894E-02     0.0155674  1.766542E-02  1.984531E-02  2.209903E-02  2.441819E-02
  2.679412E-02  2.921784E-02     0.0316801  3.417131E-02  3.668172E-02     0.0392016  4.172129E-02  4.423134E-02  4.672256E-02     0.0491861     0.0513101  5.310643E-02  5.487531E-02  5.632396E-02  5.746828E-02  5.859718E-02  5.970989E-02  6.080567E-02  6.188383E-02     0.0629437
  6.424491E-02  6.601509E-02  6.795596E-02  6.981108E-02  7.157743E-02     0.0732526  7.483464E-02  7.780965E-02  8.320047E-02     0.0881796             0
             0 -6.392411E-03 -4.708019E-03 -3.397193E-03 -2.366078E-03 -1.178367E-03  1.641739E-04  1.471932E-03  2.475769E-03  3.315327E-03  4.190754E-03  5.329032E-03  7.012608E-03  9.068117E-03  1.124768E-02  1.354315E-02  1.594563E-02  1.844559E-02  2.103288E-02  2.369683E-02
  2.642627E-02     0.0292096  3.203468E-02  3.488888E-02  3.775926E-02  4.063281E-02  4.349659E-02  4.633785E-02  4.914424E-02  5.190387E-02  5.426778E-02     0.0562562  5.820267E-02  5.978658E-02  6.103205E-02  6.225491E-02  6.345426E-02  6.462926E-02  6.577916E-02  6.690331E-02
  6.827553E-02  7.012571E-02  7.212925E-02  7.401964E-02  7.579575E-02  7.745734E-02  7.900498E-02     0.0818748     0.0868572  9.104715E-02             0
             0 -9.730765E-03 -8.002794E-03  -6.63119E-03  -5.54333E-03    -0.0042807  -2.84338E-03 -1.434133E-03 -3.474843E-04  5.639147E-04  1.516815E-03  2.758984E-03  4.602729E-03  6.863224E-03  9.268691E-03  1.180958E-02  1.447531E-02  1.725446E-02  2.013487E-02  2.310374E-02
  2.614772E-02  2.925288E-02  3.240464E-02  3.558768E-02  3.878615E-02  4.198395E-02  4.516483E-02  4.831259E-02     0.0514112  5.444504E-02  5.702985E-02  5.919362E-02  6.130005E-02  6.300338E-02  6.433662E-02     0.0656392  6.691001E-02     0.0681481  6.935262E-02  7.052289E-02
  7.194223E-02  7.383663E-02      0.075859  7.773905E-02  7.947879E-02  8.108153E-02  8.255157E-02  8.523606E-02  8.969409E-02     0.0931097             0
             0 -1.197939E-02 -1.026408E-02 -8.876473E-03 -7.766813E-03 -6.468863E-03 -4.980493E-03 -3.511189E-03 -2.372852E-03 -1.415284E-03 -4.113368E-04  9.007569E-04  2.855146E-03  5.260878E-03  7.829101E-03  1.054864E-02  1.340716E-02  1.639144E-02  1.948761E-02  2.268133E-02
  2.595782E-02  2.930177E-02  3.269727E-02  3.612743E-02  3.957474E-02  4.302113E-02  4.644807E-02  4.983667E-02  5.316769E-02  5.642184E-02     0.0591852  6.149068E-02  6.372562E-02  6.552354E-02  6.692521E-02  6.828854E-02  6.961212E-02  7.089474E-02  7.213541E-02  7.333343E-02
  7.477703E-02  7.668412E-02  7.869092E-02  8.052919E-02  8.220544E-02  8.372764E-02  8.510453E-02  8.758556E-02  9.156241E-02  9.439121E-02             0
             0 -1.344844E-02 -1.177076E-02 -1.039147E-02 -9.280337E-03 -7.971376E-03 -6.459928E-03 -4.957869E-03 -3.788712E-03 -2.802367E-03 -1.765453E-03 -4.069143E-04  1.623294E-03  4.131122E-03   6.81515E-03  9.662249E-03  1.265818E-02  1.578806E-02  1.903672E-02  2.238877E-02
  2.582872E-02  2.934072E-02  3.290842E-02  3.651445E-02  4.014069E-02  4.376831E-02  4.737771E-02  5.094841E-02      0.054459  5.788711E-02  6.079432E-02  6.321529E-02  6.555557E-02  6.743082E-02  6.888787E-02  7.029948E-02  7.166366E-02  7.297878E-02  7.424361E-02  7.545734E-02
  7.691022E-02  7.880951E-02  8.077949E-02  8.255877E-02  8.415989E-02  8.559633E-02  8.688141E-02  8.917385E-02  9.276317E-02     0.0951812             0
             0 -1.420985E-02 -1.256635E-02 -1.120202E-02 -1.009783E-02  -8.79092E-03 -7.274452E-03 -5.759848E-03 -4.576602E-03 -3.576072E-03 -2.521999E-03 -1.138319E-03  9.345131E-04  3.501039E-03  6.251844E-03  9.171987E-03  1.224574E-02  1.545716E-02  1.879031E-02  2.222944E-02
  2.575885E-02  2.936272E-02  3.302478E-02  3.672777E-02  4.045369E-02  4.418373E-02  4.789823E-02  5.157633E-02  5.519589E-02     0.0587331     0.0617338  6.423184E-02  6.664412E-02  6.857308E-02  7.006871E-02  7.151367E-02  7.290519E-02  7.424098E-02  7.551938E-02  7.673945E-02
  7.819142E-02  8.007248E-02  8.200122E-02  8.372572E-02     0.0852645  8.663552E-02  8.785519E-02  9.002057E-02     0.0933783     0.0955746             0
             0 -1.454089E-02 -1.291554E-02 -1.156041E-02 -1.046137E-02 -9.157704E-03 -7.641386E-03 -6.122952E-03 -4.934271E-03 -3.927809E-03 -2.866166E-03 -1.471017E-03   6.21764E-04  3.215927E-03  5.997934E-03  8.951819E-03  1.206113E-02  1.530942E-02  1.868053E-02  2.215856E-02
  2.572782E-02  2.937257E-02  3.307664E-02  3.682293E-02  4.059358E-02  4.436993E-02  4.813241E-02  5.186024E-02  5.553112E-02  5.912089E-02  6.216791E-02  6.470512E-02  6.715504E-02  6.911291E-02  7.062965E-02  7.209307E-02  7.349969E-02  7.484657E-02  7.613154E-02  7.735347E-02
  7.880218E-02  8.066863E-02  8.257035E-02  8.426245E-02  8.576682E-02  8.710356E-02  8.829024E-02  9.039354E-02  9.364437E-02     0.0957427             0
             0     -0.014721 -1.310645E-02 -1.175714E-02 -1.066159E-02 -9.360507E-03 -7.845165E-03 -6.325348E-03 -5.134028E-03 -4.124438E-03 -3.058608E-03 -1.656941E-03  4.473393E-04  3.057377E-03   5.85713E-03  8.830021E-03     0.0119592  1.522798E-02  1.862008E-02  2.211956E-02
  2.571075E-02  2.937799E-02  3.310518E-02  3.687533E-02  4.067068E-02  4.447272E-02  4.826196E-02     0.0520177  5.571768E-02  5.933763E-02  6.241175E-02  6.497227E-02  6.744512E-02  6.942111E-02  7.095135E-02  7.242682E-02  7.384346E-02  7.519767E-02  7.648668E-02  7.770909E-02
  7.915429E-02  8.100928E-02  8.289234E-02  8.456352E-02  8.604666E-02  8.736285E-02  8.853022E-02  9.059777E-02  9.378877E-02  9.583341E-02             0
             0 -1.481216E-02 -1.320338E-02 -1.185731E-02 -1.076377E-02 -9.464321E-03 -7.949873E-03  -6.42972E-03 -5.237252E-03 -4.226141E-03  -3.15814E-03     -0.001753  3.574487E-04  2.975903E-03   5.78495E-03  8.767704E-03  1.190712E-02  1.518642E-02  1.858925E-02  2.209968E-02
  2.570206E-02  2.938075E-02  3.311972E-02  3.690204E-02  4.071002E-02  4.452521E-02     0.0483282  5.209836E-02  5.581348E-02  5.944927E-02  6.253782E-02  6.511096E-02  6.759648E-02  6.958279E-02  7.112096E-02  7.260375E-02  7.402673E-02  7.538574E-02  7.667731E-02  7.789943E-02
  7.934143E-02  8.118839E-02  8.305997E-02  8.471914E-02  8.619053E-02  8.749564E-02  8.865275E-02  9.070155E-02  9.386174E-02  9.587908E-02             0
