 51            10 
             0    -0.2567788    -0.2477033    -0.2405232    -0.2348721    -0.2283661     -0.221008    -0.2138321    -0.2083174    -0.2037013    -0.1988837    -0.1926141    -0.1833301    -0.1719848    -0.1599562    -0.1473072    -0.1341008    -0.1203864    -0.1062194 -9.165561E-02
 -7.672653E-02 -6.134433E-02 -4.482474E-02 -2.821562E-02 -1.158199E-02  4.999561E-03  2.146158E-02  3.775163E-02  5.381638E-02  6.959894E-02  8.311128E-02  9.447599E-02     0.1056035     0.1146646     0.1217956     0.1288062     0.1356956     0.1424653     0.1491179     0.1556572
     0.1636944     0.1741879     0.1853495     0.1956928      0.205178     0.2141368     0.2225302      0.238144     0.2651242     0.2880175             0
             0    -0.2620337    -0.2529205    -0.2456328    -0.2399273     -0.233415    -0.2260194    -0.2187801    -0.2132027    -0.2085252    -0.2036326    -0.1972486    -0.1877508    -0.1760971    -0.1636904    -0.1506641    -0.1371649    -0.1230966    -0.1084982 -9.343607E-02
 -7.797092E-02 -6.207534E-02 -4.531476E-02 -2.834917E-02 -1.129533E-02  5.656957E-03  2.240736E-02  3.899084E-02  5.536851E-02  7.146855E-02  8.523636E-02  9.679633E-02     0.1080898     0.1172576     0.1244479     0.1314749     0.1383339     0.1450438     0.1516191     0.1580743
     0.1660176     0.1764978     0.1877579     0.1983222     0.2080848     0.2172537     0.2257611     0.2414667     0.2679977     0.2899061             0
             0    -0.3400446    -0.3304994    -0.3223256    -0.3157222    -0.3079583     -0.298887    -0.2897668    -0.2826076    -0.2765327    -0.2701076    -0.2616358     -0.248849    -0.2328955    -0.2156782    -0.1974056    -0.1783167    -0.1583067    -0.1374603    -0.1158992
    -0.0937366 -7.096065E-02 -4.698114E-02 -2.274504E-02  1.553078E-03  2.561196E-02  4.925349E-02  7.248864E-02  9.521788E-02     0.1172906      0.135876     0.1512628     0.1660492     0.1778263     0.1869325     0.1956947     0.2041025     0.2121769     0.2199339     0.2273899
      0.236362     0.2477896     0.2594219     0.2697282     0.2786571     0.2864885     0.2932382     0.3047498     0.3194556     0.3237845             0
             0    -0.4172748    -0.4114399    -0.4049166    -0.3990724    -0.3915927    -0.3821616    -0.3720252    -0.3637147    -0.3564787    -0.3486451     -0.338099      -0.32175     -0.300775    -0.2777077    -0.2529128     -0.226853    -0.1994576    -0.1708966    -0.1413697
    -0.1110496    -0.0799294 -4.721533E-02 -1.411831E-02  1.910582E-02  5.205276E-02     0.0844673     0.1163392     0.1474797     0.1775983     0.2027454     0.2233495     0.2428588     0.2580869     0.2696642     0.2805823     0.2908081      0.300356     0.3092377     0.3174695
     0.3269805     0.3382924     0.3485331     0.3564346     0.3621419     0.3661166      0.368591     0.3710728     0.3663234     0.3501204             0
             0    -0.4801407    -0.4829882    -0.4816957    -0.4791211    -0.4744307    -0.4669291    -0.4573623    -0.4487202    -0.4407914    -0.4318238    -0.4193078    -0.3990837    -0.3721945    -0.3421316    -0.3096148    -0.2755829    -0.2400591    -0.2033242     -0.165638
    -0.1271864    -0.0879021 -4.672221E-02 -4.968489E-03  3.714164E-02  7.920539E-02     0.1209849     0.1625312     0.2036126     0.2437861     0.2775839     0.3053046     0.3314174     0.3515134     0.3665468     0.3804026     0.3929655     0.4042053     0.4141041     0.4226689
     0.4317574     0.4409215     0.4466172     0.4486214     0.4476493     0.4445724     0.4400193     0.4289902      0.401516     0.3674078             0
             0    -0.5282043    -0.5438741    -0.5518837    -0.5558374    -0.5576248    -0.5557567    -0.5493833    -0.5416201    -0.5335258    -0.5234824    -0.5085139    -0.4827903    -0.4473747    -0.4077297    -0.3653255    -0.3218972    -0.2775127    -0.2324728    -0.1869762
    -0.1410948 -9.458225E-02 -4.602062E-02  3.337493E-03  5.345014E-02     0.1040796     0.1551911     0.2071097     0.2597939     0.3128631     0.3589288     0.3975332     0.4345015     0.4631155     0.4843765     0.5035963     0.5203506     0.5343766     0.5454865     0.5536261
     0.5602242     0.5626694      0.557258     0.5469599     0.5338727     0.5195168     0.5049504      0.476615     0.4265404     0.3784737             0
             0    -0.5564597    -0.5844573    -0.6035851    -0.6165212    -0.6288408    -0.6381184    -0.6399183    -0.6354985    -0.6281475    -0.6166849    -0.5975057    -0.5622897    -0.5139734    -0.4619218    -0.4084424    -0.3558325    -0.3037531    -0.2521815    -0.2010151
    -0.1500583 -9.880408E-02 -4.549318E-02  8.788413E-03  6.422921E-02     0.1208516     0.1789705     0.2394132     0.3027306     0.3692274     0.4300849     0.4835169     0.5373338     0.5810806     0.6144012     0.6448717     0.6710078     0.6914048     0.7048014     0.7106127
     0.7091913     0.6940396     0.6656052     0.6343493     0.6040217     0.5759702     0.5508654     0.5065805     0.4403544     0.3841233             0
             0    -0.5694848    -0.6046183    -0.6313189    -0.6512751    -0.6734018    -0.6957002    -0.7104406      -0.71318    -0.7081947    -0.6940563    -0.6673144    -0.6185204    -0.5563076    -0.4935557    -0.4320169    -0.3735355    -0.3169898    -0.2618893    -0.2078158
    -0.1543509    -0.1008083 -4.523066E-02  1.140732E-02     0.0694361     0.1290494     0.1908098     0.2559322     0.3255274     0.4007462     0.4724961      0.538271     0.6083372     0.6694902     0.7186845     0.7663407     0.8093605     0.8433892     0.8626185     0.8620806
     0.8427503     0.7975425     0.7403696     0.6883964      0.643921     0.6061271     0.5743279     0.5208589     0.4465307     0.3865632             0
             0      -0.57678    -0.6163922    -0.6483409    -0.6736795      -0.70447    -0.7410023    -0.7755842    -0.7953516    -0.7999428    -0.7760511    -0.7320485    -0.6630335    -0.5860608    -0.5141416    -0.4466076     -0.384147      -0.32476    -0.2675093    -0.2117165
    -0.1567981     -0.101946 -4.507892E-02  1.290115E-02  7.241524E-02     0.1337697     0.1976958      0.265686     0.3392896     0.4204053     0.5001426     0.5758153     0.6605456     0.7401303     0.8087732     0.8816366     0.9558092      1.023995      1.067683      1.042475
     0.9793984     0.8857878     0.7958567     0.7248814     0.6692254     0.6244695     0.5882178     0.5289904     0.4499368     0.3878863             0
             0    -0.5805413    -0.6226463    -0.6577629    -0.6866856    -0.7241868    -0.7749124     -0.840088     -0.910892    -0.9962113    -0.8914979    -0.7963337    -0.6965141    -0.6050575    -0.5261726    -0.4547257    -0.3898893    -0.3288958      -0.27047    -0.2137579
    -0.1580734    -0.1025372 -4.499929E-02  1.367967E-02  7.397115E-02     0.1362457     0.2013331     0.2708943     0.3467619     0.4313634     0.5161647     0.5986713     0.6948248     0.7915289     0.8818061     0.9901078       1.12485      1.301374      1.547396      1.322011
      1.127497     0.9567381     0.8330347     0.7468705     0.6835817     0.6345078     0.5956595     0.5332285     0.4516752     0.3885546             0
