 51            10 
             0    -0.2584479    -0.2496188    -0.2428011    -0.2373008    -0.2308633     -0.223686    -0.2167814    -0.2115292    -0.2071631    -0.2026385    -0.1967926     -0.188232    -0.1777515    -0.1662299     -0.153141    -0.1389552    -0.1249016    -0.1102682 -9.505174E-02
 -7.984869E-02 -6.470055E-02    -0.0489543 -3.270754E-02    -0.0167798 -4.258136E-04  1.624602E-02  3.229715E-02  4.851036E-02  6.480187E-02  7.834676E-02  8.949296E-02     0.1001521     0.1085966     0.1150982       0.12177       0.12859     0.1351064      0.141304     0.1476449
     0.1557336     0.1660756        0.1774     0.1881542     0.1973985     0.2073692     0.2177311     0.2356162     0.2634617     0.2871262             0
             0    -0.2630424    -0.2540948    -0.2471476    -0.2415484    -0.2349996    -0.2276749    -0.2206009    -0.2152038    -0.2107088     -0.206042    -0.2000025    -0.1911413    -0.1802904    -0.1683889    -0.1549688    -0.1405154    -0.1261669    -0.1111864 -9.557793E-02
 -7.992657E-02 -6.428014E-02 -4.802724E-02 -3.129542E-02 -1.488648E-02  1.908425E-03     0.0189608  3.537904E-02  5.196114E-02  6.860399E-02  8.246858E-02  9.390356E-02     0.1048636      0.113558     0.1202468     0.1270872     0.1340486     0.1406847     0.1469868     0.1534223
     0.1615977     0.1720461     0.1834846     0.1943059     0.2036064     0.2134671     0.2233974     0.2404192     0.2672699     0.2897081             0
             0    -0.3414573    -0.3322131    -0.3245225    -0.3181179    -0.3103939    -0.3014891    -0.2926357    -0.2857416    -0.2799253    -0.2738127    -0.2658106     -0.253881    -0.2389971    -0.2224209    -0.2035087    -0.1829657    -0.1625449    -0.1411649    -0.1188379
 -9.641905E-02 -7.399997E-02 -5.072892E-02 -2.681165E-02 -3.421106E-03     0.0204211     0.0445032  6.752695E-02  9.056301E-02     0.1134278     0.1322039     0.1474875     0.1619117     0.1731489      0.181676     0.1902633     0.1988718     0.2069417     0.2144645     0.2219895
     0.2313618     0.2429477     0.2549845      0.265783     0.2745074     0.2830668     0.2911384     0.3039323     0.3193636     0.3237416             0
             0    -0.4198554     -0.414983     -0.409432    -0.4042089    -0.3972234    -0.3883765    -0.3788213    -0.3709689      -0.36413    -0.3567335    -0.3468002     -0.331499    -0.3117495    -0.2892357    -0.2631862    -0.2346845    -0.2064573    -0.1769686    -0.1462425
    -0.1154605 -8.474081E-02 -5.290184E-02 -2.020338E-02  1.177187E-02  4.437636E-02  7.732089E-02     0.1088128     0.1402736     0.1713764     0.1967166      0.217148     0.2361727     0.2507238     0.2615947     0.2723376     0.2828935     0.2925566     0.3013161     0.3097937
     0.3200005     0.3318849     0.3430267     0.3519184      0.358086     0.3629065     0.3664495     0.3701757     0.3667721     0.3502084             0
             0    -0.4847224     -0.490441    -0.4916382    -0.4910525    -0.4883906    -0.4828596    -0.4748139    -0.4670973    -0.4598194    -0.4514223    -0.4395461    -0.4201691    -0.3939684    -0.3634687    -0.3280371    -0.2894569    -0.2519146    -0.2132833    -0.1735316
    -0.1341145    -0.0950725 -5.479058E-02 -1.347029E-02  2.701354E-02  6.849639E-02      0.110704     0.1514166     0.1925092     0.2334901     0.2670833     0.2941893     0.3193163     0.3383023     0.3522895     0.3658355     0.3788205      0.390319     0.4002998     0.4094304
      0.419744     0.4303525     0.4380295     0.4420622     0.4429161     0.4410831     0.4372984     0.4276467     0.4023204     0.3675963             0
             0    -0.5353914    -0.5577535      -0.57195    -0.5814651    -0.5896132    -0.5939889    -0.5921415    -0.5866622    -0.5797794    -0.5703131    -0.5553538    -0.5285801    -0.4908677    -0.4472286    -0.3978049    -0.3455358     -0.296556     -0.247737    -0.1987071
    -0.1509819    -0.1043137 -5.652091E-02 -7.591718E-03  4.049355E-02  9.016573E-02     0.1413265     0.1915364     0.2433602      0.296297     0.3408442     0.3774556     0.4118843     0.4380432     0.4572152     0.4754858     0.4925096       0.50686     0.5183715     0.5276818
     0.5365794      0.542486     0.5415612     0.5355259     0.5269058     0.5148439     0.5008865     0.4744743     0.4275358     0.3787334             0
             0    -0.5659024     -0.605405    -0.6367605    -0.6619348    -0.6900049    -0.7166474    -0.7323117    -0.7346129     -0.729984    -0.7182347     -0.695472    -0.6512177    -0.5910587    -0.5264336    -0.4584114    -0.3905224     -0.330159    -0.2724207    -0.2160718
    -0.1623213    -0.1104518 -5.772541E-02 -3.852105E-03  4.924238E-02     0.1045228     0.1621799     0.2198616       0.28105     0.3457165     0.4026501     0.4513907     0.4993496      0.537483     0.5661177      0.593765     0.6192885     0.6396816     0.6538658     0.6619158
     0.6648954     0.6575583     0.6386063     0.6154721     0.5935076      0.569506     0.5451278     0.5036305     0.4414156     0.3844217             0
             0    -0.5801545    -0.6299904    -0.6738528    -0.7124082    -0.7609966    -0.8168377    -0.8638616    -0.8846122    -0.8865193    -0.8683689    -0.8273491     -0.752119    -0.6630465    -0.5774658    -0.4942639    -0.4153765    -0.3478361    -0.2849678    -0.2246864
    -0.1678596    -0.1134276 -5.832171E-02 -2.078623E-03  5.343526E-02     0.1114833     0.1724562     0.2341484     0.3007284     0.3727854     0.4385673      0.497131     0.5578604      0.609603     0.6506563     0.6927513     0.7335777      0.766686     0.7869937     0.7900899
     0.7778813      0.746219     0.7040905     0.6637924     0.6307835      0.598443     0.5675275      0.517445      0.447612     0.3868788             0
             0    -0.5881936    -0.6446592    -0.6975273    -0.7468992    -0.8147696    -0.9049585     -1.003971     -1.071813      -1.10078     -1.055707    -0.9677945    -0.8409858    -0.7178999     -0.612772    -0.5175121     -0.430768     -0.358453     -0.292353    -0.2296878
    -0.1710475    -0.1151335 -5.866692E-02 -1.073158E-03  5.582521E-02     0.1154751     0.1784024     0.2425248     0.3125062     0.3894899     0.4616817     0.5280573     0.6002894     0.6665517     0.7230691     0.7869228     0.8564404     0.9216418     0.9663362     0.9475632
     0.8951378     0.8218908     0.7524484     0.6960836     0.6542301      0.615968     0.5807253     0.5252892     0.4510265     0.3882114             0
             0    -0.5923584     -0.652574    -0.7110448    -0.7679429    -0.8515509    -0.9781057     -1.161628     -1.374488     -1.627112     -1.358483     -1.125701    -0.9147171    -0.7555318     -0.634488    -0.5309294    -0.4393012    -0.3641963     -0.296288    -0.2323265
    -0.1727194    -0.1160256 -5.884855E-02 -5.511313E-04  5.707045E-02     0.1175636     0.1815327     0.2469764     0.3188639     0.3987338     0.4749624     0.5467183     0.6279494     0.7078751     0.7819501     0.8772313      1.003228      1.170718       1.41026      1.206124
      1.026778     0.8836811     0.7849905     0.7154554      0.667462     0.6255347     0.5877742     0.5293697     0.4527683     0.3888845             0
