 51            10 
             0    -0.2564977    -0.2474399    -0.2402713    -0.2346235    -0.2281149    -0.2207534    -0.2135754    -0.2080602    -0.2034444    -0.1986281    -0.1923616     -0.183086    -0.1717553    -0.1597453    -0.1471136    -0.1339218    -0.1202342    -0.1061228 -9.167105E-02
 -7.696062E-02 -6.194291E-02 -4.473615E-02 -2.753739E-02 -1.041449E-02  6.566744E-03  2.334238E-02  3.985051E-02  5.603149E-02  7.182846E-02  8.526798E-02  9.651715E-02     0.1074766     0.1163532     0.1233121     0.1301242     0.1367856     0.1432929      0.149643     0.1558334
     0.1633687     0.1734868     0.1843835     0.1946081     0.2041599      0.213043     0.2212662      0.236419     0.2622339     0.2838095             0
             0    -0.2615822    -0.2524723    -0.2452355    -0.2395331    -0.2329591    -0.2255124    -0.2182351    -0.2126327    -0.2079376    -0.2030317    -0.1966398    -0.1871595    -0.1755529    -0.1632318    -0.1502654    -0.1367207     -0.122654    -0.1081321 -9.324153E-02
 -7.807815E-02 -6.262235E-02 -4.500865E-02 -2.738233E-02 -9.837341E-03  7.557646E-03  2.473617E-02  4.163371E-02  5.818765E-02  7.433748E-02  8.806448E-02  9.954418E-02     0.1107164     0.1197542     0.1268328     0.1337552     0.1405172     0.1471152     0.1535464     0.1598083
     0.1674219     0.1776274     0.1885927     0.1988567     0.2084197     0.2172855     0.2254654     0.2404866     0.2658067     0.2865314             0
             0     -0.339418    -0.3298411    -0.3217011    -0.3150873    -0.3072349    -0.2980865    -0.2889069    -0.2817089    -0.2756069    -0.2691613    -0.2606773    -0.2479163    -0.2320373    -0.2149541    -0.1967835    -0.1776463    -0.1576503    -0.1369185    -0.1156004
 -9.385615E-02 -7.167473E-02 -4.638458E-02 -2.111382E-02  3.974567E-03  2.875114E-02  5.308549E-02  7.684504E-02  9.989475E-02     0.1220983     0.1406682     0.1559702     0.1706064     0.1822104     0.1911629     0.1997747     0.2080375     0.2159449     0.2234926     0.2306783
     0.2392077     0.2502039     0.2613601     0.2711621     0.2796844     0.2870138     0.2932478     0.3037294     0.3166666     0.3199603             0
             0    -0.4162749     -0.410219    -0.4035903    -0.3976636    -0.3900144    -0.3804244    -0.3701679    -0.3617862    -0.3545047    -0.3466418    -0.3360866    -0.3198029    -0.2989998    -0.2761992    -0.2516493     -0.225606    -0.1982924    -0.1699307    -0.1407555
    -0.1109902 -8.059262E-02 -4.581362E-02 -1.104831E-02  2.350804E-02  5.769489E-02     0.0913316     0.1242086     0.1560808     0.1866654     0.2120235     0.2326902     0.2521446      0.267232     0.2786567     0.2894041     0.2994481     0.3087691     0.3173551     0.3252024
     0.3340939     0.3446566     0.3540183     0.3609401     0.3657398     0.3687456     0.3702746     0.3709573     0.3632911     0.3458907             0
             0    -0.4785532    -0.4806341    -0.4787781    -0.4758582    -0.4707186    -0.4627787    -0.4528984    -0.4440962    -0.4360834    -0.4270837    -0.4146026     -0.394607    -0.3682133    -0.3387944    -0.3069317    -0.2731729    -0.2379473    -0.2016077    -0.1644582
    -0.1267348 -8.828439E-02 -4.418591E-02 -3.448321E-05  4.406937E-02  8.805575E-02     0.1318032     0.1751103     0.2176651     0.2590139     0.2935971     0.3218235     0.3482531     0.3684389     0.3834556      0.397227     0.4096545     0.4206612     0.4301989     0.4382532
     0.4464928     0.4543673     0.4584501     0.4585893     0.4557784     0.4508977     0.4446633     0.4305791     0.3986001     0.3629345             0
             0    -0.5258768    -0.5396988    -0.5460582     -0.548934    -0.5494183     -0.546205     -0.538869     -0.530665    -0.5223898    -0.5123575    -0.4976484    -0.4727756    -0.4388641    -0.4008785    -0.3601135    -0.3175933    -0.2739834    -0.2297087    -0.1850426
    -0.1401193    -0.0945674 -4.230892E-02  1.012589E-02  6.288706E-02     0.1161683     0.1701083      0.224745     0.2799462      0.335309     0.3831806     0.4231576     0.4612572     0.4905486     0.5121931     0.5316455     0.5485108     0.5624456     0.5732115     0.5807264
     0.5861819     0.5863932      0.578073     0.5644022     0.5479596     0.5305357     0.5132499      0.480206     0.4238879     0.3738605             0
             0    -0.5535013    -0.5783004    -0.5940524    -0.6044922    -0.6135619    -0.6190712    -0.6178476    -0.6120152    -0.6041788    -0.5929892    -0.5750015    -0.5427069    -0.4984847    -0.4502238    -0.4001004    -0.3494183    -0.2987853    -0.2484359    -0.1984185
    -0.1486404 -9.846358E-02 -4.096142E-02  1.683936E-02  7.538205E-02     0.1351988     0.1968341     0.2608269      0.327661     0.3976486     0.4615532     0.5175373     0.5737495     0.6192454     0.6537787     0.6852471     0.7121844     0.7329958     0.7462822      0.751396
     0.7484206      0.729339     0.6958761     0.6591381     0.6235499     0.5910332     0.5621771     0.5116926     0.4379219     0.3794452             0
             0    -0.5661849    -0.5972266    -0.6191702    -0.6352649    -0.6518759    -0.6668432    -0.6743729    -0.6729709    -0.6664274    -0.6536177    -0.6307859    -0.5891377    -0.5347233    -0.4781343    -0.4215085    -0.3657786    -0.3111647    -0.2575872    -0.2048572
     -0.152698    -0.1002986 -4.029753E-02  2.007041E-02  8.142346E-02     0.1445065     0.2101447     0.2792743     0.3529673     0.4324289     0.5080935     0.5773434     0.6509522     0.7150348     0.7665108      0.816341     0.8613971      0.896893     0.9165676     0.9151321
     0.8934335     0.8418258     0.7771525     0.7178162     0.6666199     0.6234267     0.5872501     0.5267441     0.4442109     0.3818583             0
             0    -0.5732734    -0.6081946     -0.634347    -0.6546533    -0.6776504    -0.7023094    -0.7217885    -0.7287037    -0.7254219    -0.7091675    -0.6777871    -0.6238521    -0.5593318    -0.4959107    -0.4345855     -0.375502    -0.3183893    -0.2628628    -0.2085383
    -0.1550045    -0.1013363 -3.991514E-02     0.0219145  8.488093E-02     0.1498664     0.2178857     0.2901618     0.3682292     0.4540839     0.5383517      0.618214     0.7074924     0.7912385     0.8634669     0.9402248      1.018626      1.090656      1.136473      1.109169
      1.041475     0.9377382     0.8374599     0.7574537     0.6939496      0.643146       0.60211      0.535328     0.4476829     0.3831673             0
             0    -0.5769228    -0.6139874    -0.6426405    -0.6656774    -0.6934058    -0.7269687    -0.7618933    -0.7853342    -0.7922179    -0.7657036    -0.7176776    -0.6481224     -0.574483     -0.506098    -0.4417833      -0.38073    -0.3222187     -0.265634    -0.2104607
    -0.1562044    -0.1018743    -0.0397148  2.287582E-02  8.668677E-02     0.1526777      0.221974     0.2959729     0.3765085     0.4661368     0.5558493     0.6430269     0.7444993     0.8465031     0.9418108      1.056388      1.199366      1.386369      1.645267      1.407681
      1.201411      1.014947      0.877875     0.7813603     0.7094593     0.6539423     0.6100764     0.5398058     0.4494562     0.3838285             0
