 51            10 
             0    -0.1157149    -0.1194561    -0.1172193    -0.1147568    -0.1114957    -0.1075499    -0.1035663    -0.1004591 -9.784085E-02 -9.509524E-02 -9.150986E-02    -0.0861827 -7.965481E-02 -7.271947E-02 -6.540849E-02 -5.775284E-02 -4.978168E-02 -4.152085E-02 -3.298974E-02
 -2.419563E-02 -1.512535E-02 -5.746127E-03  3.809897E-03  1.344441E-02  2.308119E-02     0.0326586  4.212494E-02  5.143548E-02  6.055079E-02  6.832511E-02  7.484382E-02  8.120549E-02  8.636694E-02  9.041787E-02     0.0943879  9.827463E-02     0.1020759     0.1057896     0.1094142
     0.1138315     0.1197733     0.1261874     0.1322199     0.1378682     0.1431317     0.1480115     0.1570078     0.1721389     0.1788413             0
             0    -0.1180553    -0.1219425    -0.1197046    -0.1172232     -0.113927    -0.1099301    -0.1058871    -0.1027293    -0.1000662 -9.727111E-02 -9.361818E-02    -0.0881845 -8.151726E-02 -7.442638E-02 -6.694544E-02 -5.910684E-02 -5.094053E-02 -4.247333E-02 -3.372649E-02
 -2.471012E-02 -1.541436E-02 -5.808514E-03  3.975229E-03  1.383616E-02  2.369575E-02  3.349014E-02  4.316546E-02  5.267479E-02  6.197651E-02  6.990121E-02  7.653959E-02  8.301093E-02  8.825485E-02  9.236677E-02  9.639271E-02     0.1003301     0.1041768     0.1079308     0.1115904
     0.1160449     0.1220257     0.1284651      0.134505      0.140144     0.1453833     0.1502258     0.1591251      0.173943     0.1801051             0
             0       -0.1547    -0.1610784    -0.1589067     -0.156158    -0.1523073    -0.1474764    -0.1424579    -0.1384706    -0.1350726    -0.1314717    -0.1267229    -0.1195714    -0.1106693    -0.1010877 -9.088039E-02 -8.010279E-02 -6.880863E-02 -5.704772E-02 -4.486175E-02
 -3.227593E-02 -1.928644E-02 -5.860001E-03  7.800138E-03  2.153502E-02      0.035216  4.873352E-02  6.198989E-02  7.489508E-02  8.736464E-02  9.782504E-02     0.1064656     0.1147525     0.1213424     0.1264381     0.1313519     0.1360792     0.1406165     0.1449609     0.1491108
     0.1540544     0.1604643     0.1670232     0.1728417     0.1779565     0.1824107     0.1862516     0.1928025      0.201138     0.1975555             0
             0    -0.1903682    -0.2009573    -0.1999285    -0.1976326    -0.1939017    -0.1888174    -0.1832138    -0.1786003     -0.174587     -0.170255    -0.1644476    -0.1555139    -0.1441402    -0.1316943    -0.1182818     -0.104012 -8.898766E-02 -7.329871E-02 -5.701451E-02
 -4.017255E-02 -2.276297E-02 -4.731724E-03  1.364507E-02  3.215436E-02  5.062182E-02  6.889162E-02  8.681254E-02      0.104229     0.1209763     0.1348929     0.1462601     0.1569925     0.1653498     0.1717005     0.1777005     0.1833369     0.1886002     0.1934843     0.1979869
     0.2031405     0.2093761     0.2150834     0.2194981     0.2227722     0.2250666      0.226538     0.2281207     0.2258379     0.2110248             0
             0    -0.2188135    -0.2349433     -0.236259    -0.2353028    -0.2325918    -0.2280883    -0.2225048    -0.2176068    -0.2131981    -0.2082998    -0.2015719    -0.1909185    -0.1769902    -0.1615115    -0.1447085    -0.1267994    -0.1079716 -8.836944E-02 -6.808607E-02
 -4.715236E-02 -2.552189E-02 -3.081152E-03  1.986508E-02  4.309938E-02  6.645154E-02  8.976396E-02     0.1128641      0.135542     0.1575327     0.1758845     0.1908488     0.2048669     0.2156054     0.2236276     0.2310335     0.2377824     0.2438435     0.2491976     0.2538389
     0.2587591     0.2638652     0.2672485     0.2685913     0.2683361     0.2668973     0.2646273     0.2589833     0.2444001     0.2198474             0
             0    -0.2400638    -0.2624197    -0.2671021    -0.2683374    -0.2675966    -0.2646074    -0.2597174    -0.2548831     -0.250274    -0.2449172    -0.2372994    -0.2247833    -0.2079734    -0.1891179    -0.1686758    -0.1470388    -0.1245007    -0.1012526 -7.738554E-02
 -5.288934E-02 -2.764262E-02 -1.430947E-03  2.547097E-02     0.0529057     0.0807788     0.1090105     0.1374918     0.1660395     0.1943459     0.2184779     0.2384035      0.257194     0.2715378     0.2821334     0.2917095      0.300138     0.3073152     0.3131736     0.3176918
     0.3216991     0.3241058     0.3228378     0.3187143     0.3127965     0.3059204     0.2986781     0.2842199     0.2576035       0.22549             0
             0    -0.2522568    -0.2795711    -0.2875508    -0.2911897    -0.2929068    -0.2921335    -0.2885762    -0.2841623    -0.2795519    -0.2738393    -0.2653527    -0.2508674    -0.2310925    -0.2090028    -0.1853514    -0.1606834    -0.1353446    -0.1095155 -8.324044E-02
 -5.643969E-02     -0.028905 -3.201311E-04  2.909946E-02  5.928292E-02  9.024631E-02     0.1220428     0.1547156     0.1882418     0.2224535     0.2526125     0.2781841     0.3029203     0.3221759     0.3364694     0.3493064     0.3603288      0.369208     0.3757041     0.3797295
     0.3817996     0.3793123     0.3707982     0.3592581      0.346581     0.3339347     0.3219555     0.2999021     0.2648854     0.2283695             0
             0    -0.2578043    -0.2877396    -0.2976846    -0.3028827    -0.3063711    -0.3074231    -0.3051779    -0.3012824    -0.2967682    -0.2908002    -0.2815953    -0.2655135    -0.2435773    -0.2193658    -0.1937883    -0.1674263    -0.1406072     -0.113471 -8.601462E-02
 -5.810821E-02 -2.948981E-02  2.151074E-04  3.082914E-02  6.233484E-02  9.481841E-02     0.1284239     0.1633124     0.1996116     0.2373404     0.2714109     0.3009563        0.3303     0.3538136     0.3715825     0.3877537     0.4016555     0.4125558     0.4198043     0.4230921
     0.4226545     0.4147019     0.3994825     0.3820557     0.3646331     0.3483112     0.3335422     0.3073086     0.2681384     0.2296129             0
             0    -0.2608898    -0.2923949    -0.3035977    -0.3098505    -0.3146298     -0.317162    -0.3161635    -0.3128517    -0.3084883    -0.3022818    -0.2923829    -0.2748975    -0.2512949    -0.2255976    -0.1987602    -0.1713421    -0.1436309    -0.1157264    -0.0875879
 -5.905055E-02     -0.029818  5.203902E-04     0.0318117  6.407239E-02  9.743397E-02     0.1321013     0.1683186     0.2063295     0.2463147     0.2830329     0.3154244     0.3483214     0.3754587     0.3964448     0.4160299     0.4332537     0.4468328      0.455257     0.4573587
     0.4535306     0.4396152     0.4184175     0.3964026     0.3756067     0.3568354     0.3402933     0.3115049     0.2699314     0.2302871             0
             0    -0.2624732    -0.2948235    -0.3067381    -0.3136166    -0.3192182    -0.3228067    -0.3228824    -0.3202029    -0.3160532    -0.3095882    -0.2990006    -0.2803608    -0.2556066    -0.2289869    -0.2014174    -0.1734108     -0.145216    -0.1169024 -8.840513E-02
 -5.953874E-02 -2.998737E-02  6.793934E-04  3.232235E-02  6.497684E-02  9.879985E-02     0.1340314     0.1709652     0.2099183     0.2511829     0.2894699     0.3236369     0.3589191     0.3887661      0.412425     0.4352661     0.4563026     0.4738696     0.4850433     0.4844256
     0.4755844     0.4555416     0.4296204     0.4044922     0.3816085     0.3614061      0.343867     0.3136839     0.2708462     0.2306276             0
