 51            10 
             0     -0.256574    -0.2475106    -0.2403391    -0.2346901     -0.228181    -0.2208191    -0.2136406    -0.2081248    -0.2035085    -0.1986915    -0.1924239     -0.183146    -0.1718121    -0.1597982    -0.1471627    -0.1339671    -0.1202743    -0.1061555 -9.169894E-02
 -7.703912E-02 -6.283472E-02 -5.072495E-02 -3.056015E-02 -1.215052E-02  5.380391E-03  2.238795E-02  3.899743E-02  5.523274E-02  7.107356E-02  8.455531E-02  9.584554E-02     0.1068512     0.1157705     0.1227654     0.1296153     0.1363162     0.1428648     0.1492584     0.1554949
     0.1630924     0.1733098     0.1843403     0.1947171     0.2044328     0.2134811      0.221865     0.2373236     0.2636276      0.282406             0
             0    -0.2616815    -0.2525669    -0.2453243    -0.2396214    -0.2330519    -0.2256101    -0.2183364    -0.2127362    -0.2080423    -0.2031371    -0.1967449    -0.1872616    -0.1756478    -0.1633169    -0.1503434    -0.1367979    -0.1227275    -0.1081948 -9.329026E-02
 -7.816182E-02 -6.351092E-02 -4.581752E-02 -2.795103E-02 -1.047875E-02  6.836281E-03     0.0239403  4.077993E-02  5.729996E-02  7.344209E-02  8.718347E-02     0.0986867     0.1098909     0.1189595     0.1260635     0.1330107     0.1397959     0.1464145      0.152863     0.1591397
      0.166774      0.177051     0.1881362      0.198568     0.2083292     0.2173685     0.2257054     0.2410198     0.2668612     0.2880413             0
             0    -0.3395522    -0.3299742    -0.3218307    -0.3152183    -0.3073732    -0.2982327    -0.2890591    -0.2818646    -0.2757647    -0.2693202     -0.260836    -0.2480704    -0.2321802    -0.2150814    -0.1968986    -0.1777583    -0.1577554    -0.1370074    -0.1156698
 -9.397831E-02 -7.295966E-02 -4.757902E-02 -2.199621E-02  2.952999E-03  2.757889E-02  5.177061E-02     0.0754129  9.838273E-02     0.1205482     0.1391199     0.1544432     0.1691173      0.180763     0.1897524     0.1984031     0.2067053     0.2146515     0.2222364     0.2294584
     0.2380373     0.2491518     0.2604938     0.2705293     0.2793214     0.2868986     0.2933629     0.3042767     0.3179596     0.3216594             0
             0    -0.4164698    -0.4104374    -0.4038224    -0.3979076    -0.3902765    -0.3807046    -0.3704615    -0.3620869    -0.3548094    -0.3469482    -0.3363916    -0.3200974    -0.2992703    -0.2764373    -0.2518582    -0.2257997    -0.1984684    -0.1700791    -0.1408757
    -0.1111892 -8.241361E-02 -4.760635E-02 -1.251014E-02  2.175891E-02  5.564211E-02  8.898501E-02     0.1216026     0.1532688     0.1837105     0.2090007     0.2296447     0.2491093      0.264229     0.2756902     0.2864831     0.2965796     0.3059585     0.3146067     0.3225202
     0.3315037     0.3422509     0.3519084     0.3591737      0.364378     0.3677857     0.3697029     0.3711213     0.3646716     0.3477617             0
             0    -0.4788346    -0.4810112    -0.4792264    -0.4763557    -0.4712718    -0.4633863    -0.4535438    -0.4447597    -0.4367552    -0.4277566    -0.4152673     -0.395239    -0.3687796     -0.339279    -0.3073376    -0.2735257    -0.2382516    -0.2018583    -0.1646625
    -0.1270395 -9.066748E-02    -0.0466388 -2.175626E-03  4.145577E-02  8.494309E-02     0.1281965     0.1710478     0.2132145     0.2542646     0.2886763     0.3168166     0.3432204     0.3634307     0.3784878     0.3923167     0.4048145     0.4159005     0.4255229      0.433665
     0.4420195     0.4500903     0.4545425     0.4551007     0.4528433     0.4485722     0.4429535       0.43005     0.3999194     0.3649077             0
             0    -0.5262625    -0.5403231    -0.5468903    -0.5499164    -0.5505711    -0.5475311    -0.5403184    -0.5321693    -0.5239145    -0.5138761    -0.4991265    -0.4741362    -0.4400288    -0.4018283    -0.3608633    -0.3182011    -0.2744772    -0.2300999    -0.1853543
    -0.1405404 -9.746251E-02 -4.536493E-02  7.357752E-03  5.947419E-02     0.1120719     0.1653291     0.2193317     0.2740011     0.3289878     0.3767125     0.4167008     0.4549544     0.4844797     0.5063497     0.5260448     0.5431437     0.5572745      0.568174     0.5757461
      0.581179     0.5812055     0.5729123      0.559377     0.5434372     0.5267545     0.5102989     0.4789097     0.4250912     0.3758918             0
             0     -0.553974    -0.5791893    -0.5953664    -0.6061499    -0.6156538    -0.6216716    -0.6208825    -0.6152709    -0.6075102    -0.5962619    -0.5780702    -0.5453436    -0.5005733    -0.4518117    -0.4012727     -0.350308    -0.2994699    -0.2489574    -0.1988224
    -0.1491498    -0.1016955 -4.440709E-02  1.367107E-02  7.146314E-02     0.1304862     0.1913372     0.2546318     0.3209587     0.3907726      0.454985     0.5116405     0.5690139     0.6158983     0.6517138     0.6845405     0.7127532     0.7345374     0.7482592     0.7531297
     0.7491223     0.7276821     0.6922211     0.6541757     0.6183887     0.5864082      0.558418      0.509861     0.4390336     0.3815033             0
             0    -0.5667043    -0.5982794    -0.6208228    -0.6374502    -0.6548228    -0.6708798    -0.6797309    -0.6793517    -0.6732858    -0.6600162     -0.636178     -0.593206    -0.5376493    -0.4802186    -0.4229743    -0.3668477    -0.3119627    -0.2581824     -0.205311
    -0.1532525    -0.1036924    -0.0439283  1.671395E-02  7.726844E-02     0.1395102     0.2043283     0.2727602     0.3460363     0.4256117     0.5021957     0.5730715       0.64948     0.7171575     0.7722255     0.8262546     0.8757341     0.9150474     0.9365577       0.93352
     0.9071857       0.84764     0.7769083     0.7139896     0.6615642     0.6185398     0.5831512     0.5246562     0.4452766     0.3839274             0
             0     -0.573821    -0.6093541    -0.6362391     -0.657247    -0.6813744    -0.7080676     -0.731326    -0.7432963    -0.7440702    -0.7237777    -0.6873574    -0.6296363    -0.5630196    -0.4983797    -0.4362581    -0.3766901    -0.3192595    -0.2635035    -0.2090222
    -0.1555856    -0.1048224 -4.365083E-02  1.845201E-02  8.059351E-02     0.1447126     0.2118961     0.2834878     0.3612241     0.4474505     0.5332116     0.6156739     0.7096307     0.7999425     0.8793845     0.9656968       1.05601      1.141112       1.19658      1.160085
      1.076253     0.9534167     0.8411818     0.7549683     0.6891816     0.6381824     0.5978413     0.5330956     0.4487221     0.3852422             0
             0    -0.5774856     -0.615208    -0.6446803    -0.6685506    -0.6977888    -0.7348666     -0.780234    -0.8290219    -0.8760302    -0.8094084    -0.7360498    -0.6560417    -0.5788191    -0.5088314    -0.4435836    -0.3819872    -0.3231294    -0.2662997    -0.2109609
    -0.1567995    -0.1054086 -4.350494E-02  1.935854E-02     0.0823312     0.1474435     0.2158978     0.2892247     0.3694901     0.4596722     0.5513082     0.6418824     0.7497701     0.8616143     0.9689311      1.102001      1.274111      1.509505      1.868002       1.53232
      1.267971      1.041582     0.8852444     0.7800203     0.7049692     0.6489761     0.6057308     0.5374988     0.4504814     0.3859063             0
