 51            10 
             0     0.0385237  3.871175E-02  3.882851E-02  3.891369E-02  3.900605E-02  3.910539E-02  3.919822E-02     0.0392676  3.932469E-02  3.938335E-02  3.945858E-02  3.956778E-02  3.969821E-02  3.983394E-02  3.997463E-02  4.011989E-02  4.026933E-02  4.042256E-02  4.057914E-02
  4.073866E-02  4.090067E-02  4.106471E-02  4.123035E-02  4.139711E-02  4.156453E-02  4.173215E-02     0.0418995  4.206613E-02  4.223158E-02  4.237493E-02  4.249666E-02  4.261708E-02  4.271619E-02  4.279475E-02  4.287252E-02  4.294947E-02  4.302553E-02  4.310067E-02  4.317483E-02
  4.326626E-02  4.339141E-02  4.352982E-02  4.366326E-02  4.379141E-02  4.391397E-02  4.403066E-02  4.425174E-02  4.465951E-02  4.502345E-02             0
             0  3.852002E-02  3.870826E-02  3.882515E-02  3.891045E-02  3.900294E-02  3.910242E-02     0.0391954  3.926489E-02  3.932208E-02  3.938083E-02  3.945618E-02  3.956557E-02  3.969623E-02     0.0398322  3.997314E-02  4.011866E-02  4.026837E-02  4.042188E-02  4.057875E-02
  4.073856E-02  4.090086E-02  4.106521E-02  4.123114E-02  4.139819E-02     0.0415659  4.173379E-02  4.190142E-02  4.206831E-02  4.223401E-02  4.237756E-02  4.249946E-02  4.262004E-02  4.271927E-02  4.279792E-02  4.287579E-02  4.295282E-02  4.302897E-02  4.310419E-02  4.317842E-02
  4.326994E-02     0.0433952  4.353372E-02  4.366725E-02  4.379547E-02  4.391809E-02  4.403481E-02  4.425595E-02  4.466369E-02  4.502733E-02             0
             0  3.846353E-02  3.865455E-02  3.877363E-02  3.886065E-02  3.895513E-02  3.905687E-02  3.915206E-02  3.922324E-02  3.928184E-02  3.934207E-02  3.941935E-02  3.953158E-02  3.966572E-02  3.980538E-02     0.0399502  4.009977E-02  4.025368E-02  4.041151E-02  4.057281E-02
  4.073712E-02  4.090396E-02  4.107287E-02  4.124334E-02  4.141489E-02  4.158702E-02  4.175923E-02  4.193104E-02  4.210196E-02  4.227149E-02  4.241821E-02     0.0425427  4.266573E-02  4.276689E-02  4.284701E-02  4.292629E-02  4.300466E-02  4.308208E-02     0.0431585  4.323386E-02
  4.332669E-02  4.345363E-02  4.359377E-02  4.372865E-02  4.385797E-02  4.398143E-02  4.409876E-02     0.0443207  4.472784E-02  4.508667E-02             0
             0  3.842299E-02  3.861587E-02  3.873644E-02  3.882464E-02     0.0389205  3.902382E-02  3.912055E-02  3.919294E-02  3.925255E-02  3.931384E-02     0.0393925  3.950678E-02  3.964344E-02  3.978579E-02  3.993345E-02      0.040086  4.024302E-02  4.040406E-02  4.056864E-02
     0.0407363  4.090654E-02  4.107886E-02  4.125274E-02  4.142766E-02  4.160311E-02  4.177857E-02  4.195352E-02  4.212744E-02  4.229984E-02  4.244891E-02  4.257532E-02  4.270015E-02  4.280271E-02     0.0428839  4.296418E-02  4.304351E-02  4.312182E-02  4.319908E-02  4.327522E-02
  4.336895E-02      0.043497  4.363817E-02  4.377387E-02  4.390379E-02  4.402766E-02  4.414523E-02  4.436729E-02  4.477307E-02  4.512748E-02             0
             0  3.839782E-02  3.859176E-02  3.871321E-02  3.880211E-02     0.0388988  3.900307E-02  3.910076E-02  3.917388E-02  3.923411E-02  3.929605E-02  3.937557E-02  3.949113E-02  3.962937E-02  3.977341E-02  3.992286E-02     0.0400773  4.023629E-02  4.039937E-02  4.056606E-02
  4.073587E-02  4.090828E-02  4.108279E-02  4.125886E-02  4.143596E-02  4.161356E-02  4.179111E-02     0.0419681  4.214397E-02  4.231821E-02     0.0424688  4.259644E-02  4.272242E-02  4.282587E-02  4.290773E-02  4.298865E-02  4.306857E-02  4.314744E-02     0.0432252  4.330182E-02
  4.339609E-02  4.352477E-02  4.366652E-02  4.380263E-02  4.393283E-02  4.405685E-02  4.417445E-02  4.439637E-02  4.480084E-02     0.0451521             0
             0  3.838231E-02  3.857686E-02  3.869881E-02  3.878813E-02  3.888531E-02  3.899016E-02  3.908842E-02  3.916198E-02     0.0392226  3.928494E-02  3.936499E-02  3.948134E-02  3.962056E-02  3.976566E-02  3.991624E-02  4.007186E-02  4.023209E-02  4.039645E-02  4.056446E-02
  4.073562E-02  4.090941E-02     0.0410853  4.126276E-02  4.144124E-02  4.162021E-02     0.0417991  4.197737E-02  4.215449E-02  4.232992E-02  4.248148E-02     0.0426099  4.273662E-02  4.284063E-02  4.292292E-02  4.300423E-02  4.308452E-02  4.316373E-02  4.324181E-02     0.0433187
  4.341329E-02  4.354234E-02     0.0436844  4.382074E-02  4.395105E-02     0.0440751  4.419266E-02  4.441438E-02  4.481783E-02  4.516699E-02             0
             0  3.837458E-02  3.856941E-02  3.869161E-02  3.878113E-02  3.887855E-02  3.898368E-02  3.908221E-02      0.039156  3.921681E-02  3.927936E-02  3.935966E-02  3.947641E-02  3.961612E-02  3.976176E-02  3.991289E-02  4.006912E-02  4.022997E-02  4.039498E-02  4.056366E-02
     0.0407355  4.090999E-02  4.108658E-02  4.126474E-02  4.144393E-02  4.162358E-02  4.180316E-02     0.0419821  4.215986E-02  4.233589E-02  4.248796E-02  4.261678E-02  4.274387E-02  4.284817E-02  4.293068E-02     0.0430122  4.309267E-02  4.317205E-02  4.325028E-02  4.332732E-02
  4.342206E-02  4.355128E-02  4.369349E-02     0.0438299  4.396025E-02  4.408429E-02  4.420181E-02  4.442339E-02  4.482625E-02  4.517432E-02             0
             0  3.837128E-02  3.856623E-02  3.868853E-02  3.877813E-02  3.887565E-02     0.0389809  3.907955E-02  3.915344E-02  3.921433E-02  3.927695E-02  3.935737E-02  3.947429E-02  3.961422E-02  3.976008E-02  3.991146E-02  4.006794E-02  4.022906E-02  4.039435E-02  4.056332E-02
  4.073545E-02  4.091024E-02  4.108713E-02     0.0412656  4.144509E-02  4.162504E-02  4.180491E-02  4.198414E-02  4.216217E-02  4.233847E-02  4.249075E-02  4.261975E-02  4.274701E-02  4.285143E-02  4.293403E-02  4.301564E-02     0.0430962  4.317565E-02  4.325395E-02  4.333104E-02
  4.342585E-02  4.355514E-02     0.0436974  4.383384E-02  4.396421E-02  4.408824E-02  4.420574E-02  4.442724E-02  4.482985E-02  4.517743E-02             0
             0  3.836949E-02  3.856451E-02  3.868686E-02  3.877651E-02  3.887409E-02  3.897939E-02  3.907812E-02  3.915205E-02  3.921298E-02  3.927566E-02  3.935613E-02  3.947314E-02  3.961318E-02  3.975917E-02  3.991068E-02     0.0400673  4.022857E-02  4.039401E-02  4.056313E-02
  4.073543E-02  4.091037E-02  4.108743E-02  4.126606E-02  4.144571E-02  4.162583E-02  4.180586E-02  4.198524E-02  4.216343E-02  4.233987E-02  4.249227E-02  4.262137E-02  4.274871E-02  4.285321E-02  4.293586E-02  4.301751E-02  4.309811E-02     0.0431776  4.325594E-02  4.333306E-02
     0.0434279  4.355724E-02  4.369953E-02  4.383598E-02  4.396635E-02  4.409038E-02  4.420786E-02  4.442932E-02  4.483178E-02  4.517911E-02             0
             0  3.836859E-02  3.856364E-02  3.868602E-02  3.877569E-02     0.0388733  3.897864E-02  3.907739E-02  3.915135E-02  3.921231E-02      0.039275  3.935551E-02  3.947256E-02  3.961266E-02  3.975871E-02  3.991029E-02  4.006698E-02  4.022832E-02  4.039384E-02  4.056304E-02
  4.073541E-02  4.091044E-02  4.108758E-02     0.0412663  4.144603E-02  4.162623E-02  4.180634E-02     0.0419858  4.216406E-02  4.234058E-02  4.249304E-02  4.262218E-02  4.274957E-02     0.0428541  4.293678E-02  4.301846E-02  4.309908E-02  4.317859E-02  4.325694E-02  4.333409E-02
  4.342894E-02     0.0435583  4.370059E-02  4.383706E-02  4.396743E-02  4.409146E-02  4.420893E-02  4.443037E-02  4.483275E-02  4.517995E-02             0
