 51            10 
             0    -0.2277118    -0.2209825    -0.2153039    -0.2107584    -0.2054639    -0.1994341    -0.1935285    -0.1889808    -0.1851701    -0.1811897    -0.1760061    -0.1683228    -0.1589187    -0.1501779    -0.1422039    -0.1338106    -0.1213592     -0.107604 -9.373222E-02
 -7.901478E-02 -6.379206E-02    -0.0481058 -3.205359E-02 -1.583099E-02  6.464004E-04  1.739713E-02  3.439328E-02  5.064768E-02  6.583846E-02  7.899174E-02  9.004361E-02     0.1008218     0.1095795     0.1164932      0.123355     0.1301888     0.1369901      0.143788       0.15016
      0.157517     0.1678963     0.1791333     0.1895292     0.1996385     0.2093578     0.2185101      0.235706     0.2637016     0.2872896             0
             0    -0.2308424    -0.2241104     -0.218412    -0.2138452    -0.2085194    -0.2024461    -0.1964898    -0.1918974    -0.1880459    -0.1840192    -0.1787697    -0.1709745    -0.1614052    -0.1524753    -0.1442706    -0.1355511    -0.1227658    -0.1086696 -9.443015E-02
 -7.929522E-02 -6.361952E-02 -4.746336E-02 -3.094423E-02    -0.0142632  2.654241E-03  1.981691E-02  3.720969E-02  5.382247E-02  6.935433E-02  8.281168E-02  9.412458E-02     0.1051597     0.1141224      0.121192        0.1282     0.1351669     0.1420887     0.1489962     0.1554617
     0.1629311     0.1734216     0.1847232     0.1951396       0.20521     0.2147901     0.2236979       0.24031     0.2673603        0.2896             0
             0     -0.280371     -0.273885    -0.2680959    -0.2633689    -0.2577623    -0.2512664    -0.2447969    -0.2397524    -0.2354902     -0.231001    -0.2251052    -0.2162536     -0.205227    -0.1947847    -0.1850352    -0.1745066    -0.1571055    -0.1373038    -0.1170653
 -9.544735E-02 -7.301569E-02 -4.989761E-02 -2.629411E-02 -2.524563E-03  2.148377E-02     0.0457074     0.0700809  9.315725E-02     0.1144734     0.1326745     0.1477729     0.1622702     0.1738287     0.1828194     0.1915977     0.2001838     0.2085678     0.2167821     0.2243263
     0.2328491     0.2444063     0.2562527      0.266553     0.2758948      0.284201     0.2913924     0.3038468     0.3193755     0.3236294             0
             0    -0.3229213    -0.3180747    -0.3132052    -0.3090829    -0.3040437    -0.2980483    -0.2919345    -0.2870902    -0.2829561    -0.2785604    -0.2727354    -0.2638784    -0.2526683     -0.241887    -0.2316771    -0.2204642    -0.1979125    -0.1712161    -0.1436292
    -0.1140734 -8.339547E-02 -5.179172E-02 -1.953457E-02  1.295135E-02     0.0457754     0.0789024     0.1122211     0.1437086     0.1726667       0.19719     0.2173333     0.2364059     0.2513243     0.2627443      0.273687     0.2841605     0.2941374     0.3036441     0.3121141
     0.3213358     0.3330606     0.3439408     0.3522614     0.3586863     0.3633505      0.366432     0.3700428     0.3666618     0.3500452             0
             0    -0.3532459    -0.3508258    -0.3475137    -0.3444971    -0.3405947    -0.3357316    -0.3305798    -0.3264017    -0.3227898    -0.3189074    -0.3137164    -0.3057448    -0.2955804    -0.2857801    -0.2766073    -0.2665882    -0.2390293    -0.2050818    -0.1698608
    -0.1322442 -9.336259E-02 -5.342266E-02 -1.267815E-02  2.844547E-02  7.019989E-02     0.1126374     0.1556905     0.1967354     0.2348215     0.2672469     0.2938758     0.3189474     0.3382947     0.3528873      0.366588     0.3793516     0.3910979     0.4018224     0.4109035
     0.4201604     0.4304405     0.4378291     0.4413572     0.4419348      0.440172     0.4367049     0.4273832      0.402086     0.3673762             0
             0    -0.3739545    -0.3741916    -0.3727303    -0.3710742    -0.3686111     -0.365205    -0.3612917    -0.3579654    -0.3550191    -0.3517923    -0.3474225    -0.3406553    -0.3320997    -0.3240844    -0.3171996    -0.3103199    -0.2778459    -0.2364611    -0.1937402
    -0.1485516    -0.1022411 -5.492109E-02 -6.700348E-03  4.213641E-02  9.212288E-02     0.1435609     0.1966201     0.2481973     0.2972363      0.339995     0.3756581     0.4095952     0.4358145     0.4554308     0.4735196     0.4898375     0.5041187     0.5162324     0.5254958
     0.5336221      0.539312     0.5385023     0.5326018     0.5231909     0.5116976      0.499324     0.4739947     0.4271914     0.3784644             0
             0    -0.3850616    -0.3873257    -0.3874331    -0.3869946    -0.3858821    -0.3838778    -0.3811244    -0.3785341     -0.376116    -0.3733598    -0.3695276    -0.3635043    -0.3560643    -0.3495602    -0.3450877    -0.3420384     -0.305584    -0.2582453    -0.2099192
    -0.1594013    -0.1081008 -5.596371E-02 -2.897134E-03  5.101831E-02      0.106635     0.1645968     0.2254866     0.2860868     0.3456673       0.39971     0.4463094     0.4922044     0.5287507     0.5564226     0.5819412     0.6044458     0.6230189     0.6370111     0.6455786
     0.6503047     0.6454856     0.6292872     0.6087157     0.5861722      0.563648     0.5424224     0.5029246     0.4409991     0.3841226             0
             0    -0.3899674    -0.3932825    -0.3942719    -0.3945608    -0.3943138    -0.3932753    -0.3913549    -0.3892586    -0.3871435    -0.3845851    -0.3808995    -0.3750103    -0.3679115    -0.3620934    -0.3590016    -0.3583824     -0.319679    -0.2690969     -0.217857
    -0.1646673    -0.1109306 -5.647888E-02 -1.092977E-03  5.527401E-02     0.1136662     0.1749522      0.240021     0.3057299     0.3718016     0.4335516     0.4883957     0.5444207     0.5909809     0.6272618      0.661561     0.6920679      0.716542     0.7329168     0.7396704
     0.7389464     0.7198833     0.6869333     0.6532281     0.6206484     0.5906857     0.5640585     0.5166031     0.4471607     0.3865656             0
             0    -0.3926574    -0.3965962    -0.3981362    -0.3989004    -0.3992561    -0.3989525    -0.3977418    -0.3960854     -0.394205    -0.3917026    -0.3879494    -0.3819151    -0.3748512    -0.3693659    -0.3671207    -0.3680915    -0.3279761    -0.2754115    -0.2224374
    -0.1676881    -0.1125495 -5.677674E-02   -6.9943E-05  5.769946E-02      0.117697     0.1809399     0.2485311     0.3174275     0.3877533     0.4548935     0.5159142     0.5802326     0.6359982     0.6810098     0.7253035     0.7661706     0.7994457     0.8198291     0.8225808
     0.8132301     0.7764372     0.7268517     0.6820784     0.6419698     0.6068716     0.5767368     0.5243604     0.4505552     0.3878903             0
             0    -0.3940255    -0.3982983    -0.4001451    -0.4011861    -0.4019177    -0.4021292    -0.4015279    -0.4003521    -0.3987549    -0.3961222    -0.3920846    -0.3857391    -0.3785681    -0.3732115    -0.3714241    -0.3733039    -0.3323979    -0.2787485    -0.2248435
    -0.1692687    -0.1133948 -5.693331E-02  4.612717E-04  5.896308E-02     0.1198052     0.1840903     0.2530484     0.3237148     0.3964939     0.4669149     0.5319385     0.6021202     0.6652496     0.7181239     0.7728766     0.8268736       0.87467      0.905388     0.8969483
     0.8728602     0.8156585     0.7516122     0.6987944     0.6538067     0.6156194     0.5834783     0.5283919     0.4522866     0.3885593             0
