 51            10 
             0    -0.2566313    -0.2475638    -0.2403902    -0.2347404    -0.2282311    -0.2208693    -0.2136906    -0.2081746     -0.203558    -0.1987405    -0.1924721    -0.1831926     -0.171856     -0.159839    -0.1472004    -0.1340019    -0.1203047    -0.1061789 -9.171406E-02
 -7.704697E-02 -6.237913E-02 -4.551539E-02 -2.856832E-02    -0.0116304  5.215053E-03  2.189653E-02  3.835048E-02  5.451723E-02  7.033873E-02  8.383074E-02  9.514224E-02     0.1061787     0.1151297     0.1221525     0.1290325     0.1357656     0.1423485     0.1487786     0.1550546
     0.1627059     0.1730118     0.1841648     0.1946839     0.2045561     0.2137633     0.2223037     0.2380665     0.2650123     0.2877343             0
             0    -0.2617618    -0.2526442    -0.2453961     -0.239693    -0.2331287    -0.2256925    -0.2184229    -0.2128252    -0.2081329    -0.2032286    -0.1968367    -0.1873507    -0.1757303      -0.16339    -0.1504098    -0.1368651    -0.1227921     -0.108249 -9.332701E-02
 -7.817419E-02 -6.302845E-02 -4.593593E-02 -2.850131E-02    -0.0111151  6.118838E-03     0.0231475  3.992857E-02  5.641423E-02  7.254831E-02  8.630381E-02  9.783036E-02     0.1090664     0.1181657      0.125295     0.1322669     0.1390751      0.145714     0.1521795     0.1584702
     0.1661225     0.1764717     0.1876755     0.1982749     0.2082356     0.2174473     0.2259402     0.2415461     0.2679063     0.2896414             0
             0    -0.3396617    -0.3300848     -0.321938    -0.3153273    -0.3074905    -0.2983586    -0.2891916    -0.2820012    -0.2759038    -0.2694609     -0.260977    -0.2482076     -0.232307     -0.215193    -0.1969986    -0.1778574    -0.1578493    -0.1370858    -0.1157236
 -9.399962E-02 -7.227841E-02 -4.778878E-02 -2.285517E-02  1.937225E-03     0.0264116  5.045993E-02  7.398436E-02  9.687389E-02      0.119001     0.1375742     0.1529187     0.1676304     0.1793177     0.1883439     0.1970333     0.2053748     0.2133595     0.2209813     0.2282385
     0.2368639     0.2480969     0.2596239     0.2698923     0.2789553     0.2867789     0.2934722     0.3048164     0.3192419     0.3234565             0
             0    -0.4166341    -0.4106273    -0.4040263    -0.3981235    -0.3905111    -0.3809581    -0.3707291    -0.3623623    -0.3550894    -0.3472304    -0.3366733    -0.3203697    -0.2995197     -0.276655    -0.2520473    -0.2259769    -0.1986301    -0.1702143    -0.1409757
    -0.1112498 -8.153431E-02 -4.804905E-02 -1.393994E-02  2.001803E-02  5.359681E-02  8.664519E-02     0.1190029     0.1504626     0.1807612     0.2059834     0.2266044     0.2460788     0.2612307     0.2727283     0.2835664     0.2937151     0.3031518     0.3118617     0.3198404
     0.3289132     0.3398442     0.3497975     0.3574045     0.3630144     0.3668227     0.3691267     0.3712784     0.3660405     0.3497387             0
             0    -0.4790804    -0.4813538    -0.4796401    -0.4768176    -0.4717897    -0.4639588    -0.4541548    -0.4453894    -0.4373939    -0.4283974     -0.415901    -0.3958414     -0.369318    -0.3397371    -0.3077178    -0.2738574    -0.2385381    -0.2020927    -0.1648413
    -0.1271684 -8.963041E-02    -0.0473845 -4.276446E-03     0.0388527  8.184022E-02     0.1245988     0.1669935     0.2087714     0.2495217     0.2837607     0.3118137     0.3381904     0.3584241     0.3735208     0.3874063     0.3999737     0.4111384     0.4208452     0.4290747
     0.4375428     0.4458074     0.4506333     0.4516074     0.4499057     0.4462445     0.4412408     0.4295153     0.4012271     0.3669921             0
             0    -0.5266083    -0.5409065    -0.5476809    -0.5508544    -0.5516777    -0.5488099    -0.5417199    -0.5336259    -0.5253921    -0.5153488    -0.5005609    -0.4754566    -0.4411564    -0.4027435    -0.3615799    -0.3187822    -0.2749493    -0.2304716    -0.1856357
    -0.1407528 -9.630778E-02 -4.640164E-02  4.636795E-03  5.607331E-02     0.1079865     0.1605592     0.2139257     0.2680601     0.3226663     0.3702381     0.4102313     0.4486313     0.4783835     0.5004734     0.5204063     0.5377346     0.5520588     0.5630913     0.5707223
      0.576137     0.5759758     0.5677293     0.5543293     0.5389016     0.5229667     0.5073438     0.4776087     0.4262831     0.3780376             0
             0     -0.554404    -0.5800325    -0.5966328    -0.6077536    -0.6176847    -0.6242009    -0.6238303    -0.6184261    -0.6107366    -0.5994368    -0.5810571    -0.5479177    -0.5026109    -0.4533561     -0.402404    -0.3511659    -0.3001294     -0.249457    -0.1991927
    -0.1494293    -0.1004732 -4.563297E-02  1.055405E-02  6.755659E-02     0.1257842     0.1858482     0.2484398     0.3142518     0.3838794     0.4483813     0.5056868     0.5641928     0.6124365     0.6495085     0.6836677     0.7131321     0.7358725     0.7500245     0.7546619
     0.7496524     0.7258688     0.6884779     0.6491436     0.6131873     0.5817638     0.5546491     0.5080246     0.4401338     0.3836776             0
             0    -0.5671796    -0.5992838     -0.622424    -0.6395734    -0.6576886    -0.6747859    -0.6848323    -0.6853206      -0.67966    -0.6660056    -0.6413195    -0.5971529    -0.5405038    -0.4822509    -0.4243935    -0.3678819    -0.3127338    -0.2587544    -0.2057296
     -0.153567    -0.1024394 -4.524374E-02  1.341062E-02  7.312582E-02     0.1345242     0.1985182      0.266246     0.3390935     0.4187625     0.4962346     0.5686961     0.6478454     0.7190483     0.7776404     0.8357903     0.8896105     0.9326679     0.9559722     0.9513849
     0.9205276     0.8531324     0.7764929     0.7100437     0.6564428     0.6136219     0.5790373     0.5225632     0.4463311     0.3861134             0
             0    -0.5743238    -0.6104636     -0.638077    -0.6597698    -0.6849846    -0.7135493    -0.7400054    -0.7560895     -0.760913    -0.7365913    -0.6960759    -0.6351533    -0.5666026    -0.5007874      -0.43788    -0.3778412    -0.3201016    -0.2641202      -0.20947
    -0.1559208    -0.1035523    -0.0450169  1.504369E-02  7.631849E-02     0.1395687      0.205912     0.2768113     0.3542022     0.4407739     0.5279857     0.6129894     0.7115313     0.8082851     0.8948058      0.990491      1.092475      1.190292      1.254561       1.20974
      1.110234     0.9685735     0.8446481     0.7523198     0.6843269     0.6331791     0.5935538     0.5308576     0.4497499     0.3874345             0
             0    -0.5780032    -0.6163776    -0.6466638    -0.6713439    -0.7020098    -0.7421871    -0.7960699    -0.8684565    -0.9919534    -0.8488631    -0.7519235    -0.6633929    -0.5830017     -0.511494      -0.44533    -0.3832062    -0.3240115     -0.266941    -0.2114245
    -0.1571459    -0.1041298 -4.489721E-02  1.589596E-02  7.798801E-02      0.142219     0.2098265     0.2824726     0.3624516     0.4531572     0.5466655     0.6405631     0.7547414     0.8762414     0.9953389      1.146526      1.346976        1.6269        2.0419      1.651186
      1.333012      1.067477      0.892285     0.7784851     0.7003781     0.6439646     0.6013641     0.5351861     0.4514953     0.3881017             0
