 51            10 
             0  1.787751E-02  1.911419E-02  1.979875E-02  2.031388E-02  2.089531E-02  2.154457E-02  2.217134E-02  2.264971E-02  2.304844E-02  2.346288E-02  2.400016E-02     0.0247916  2.575325E-02  2.676874E-02  2.783454E-02  2.894687E-02  3.010174E-02  3.129501E-02  3.252234E-02
  3.377922E-02  3.506104E-02  3.636302E-02  3.768024E-02  3.900773E-02  4.034051E-02  4.167362E-02  4.300223E-02  4.432159E-02  4.562716E-02  4.675365E-02  4.770697E-02  4.864637E-02  4.941628E-02  5.002477E-02  5.062539E-02  5.121772E-02  5.180139E-02  5.237602E-02  5.294125E-02
  5.363563E-02  5.458118E-02  5.561931E-02  5.661294E-02  5.756034E-02  5.846007E-02  5.931094E-02  6.091296E-02     0.0638208     0.0660828             0
             0  1.774524E-02  1.898346E-02  1.967161E-02  2.018986E-02  2.077512E-02  2.142889E-02  2.206022E-02  2.254219E-02  2.294396E-02  2.336163E-02  2.390316E-02      0.024701  2.567063E-02  2.669474E-02  2.776974E-02  2.889181E-02  3.005692E-02  3.126084E-02  3.249915E-02
  3.376729E-02  3.506054E-02  3.637402E-02  3.770274E-02  3.904162E-02  4.038559E-02  4.172958E-02  4.306864E-02  4.439798E-02  4.571292E-02  4.684702E-02  4.780644E-02     0.0487515  4.952574E-02  5.013748E-02  5.074113E-02  5.133627E-02  5.192252E-02  5.249951E-02  5.306686E-02
  5.376362E-02  5.471192E-02     0.0557523  5.674734E-02  5.769536E-02  5.859498E-02  5.944508E-02  6.104442E-02     0.0639405  6.617761E-02             0
             0  1.568538E-02     0.0169441  1.768628E-02  1.825191E-02  1.889549E-02  1.961861E-02  2.032043E-02  2.085804E-02  2.130715E-02  2.177496E-02  2.238268E-02  2.328041E-02  2.437494E-02  2.553418E-02  2.675386E-02  2.802936E-02     0.0293557  3.072762E-02  3.213953E-02
  3.358563E-02  3.505984E-02  3.655588E-02  3.806719E-02  3.958713E-02  4.110897E-02  4.262602E-02  4.413169E-02  4.561958E-02  4.708351E-02  4.833839E-02  4.939455E-02  5.042909E-02  5.127154E-02  5.193431E-02  5.258539E-02  5.322431E-02  5.385062E-02  5.446394E-02  5.506389E-02
  5.579672E-02     0.0567858     0.0578584  5.887194E-02  5.982566E-02  6.071929E-02  6.155292E-02  6.310101E-02  6.579484E-02     0.0676286             0
             0     0.0140428  1.529383E-02  1.606523E-02  1.665959E-02  1.734133E-02  1.811264E-02  1.886588E-02  1.944535E-02  1.993073E-02     0.0204376  2.109764E-02  2.207593E-02  2.327342E-02  2.454599E-02  2.588872E-02  2.729615E-02  2.876236E-02  3.028109E-02  3.184569E-02
  3.344925E-02  3.508454E-02  3.674401E-02  3.841979E-02  4.010377E-02  4.178768E-02  4.346319E-02  4.512199E-02  4.675585E-02  4.835676E-02  4.972199E-02  5.086579E-02  5.198033E-02  5.288255E-02     0.0535893  5.428037E-02  5.495519E-02  5.561327E-02  5.625415E-02  5.687748E-02
  5.763431E-02  5.864623E-02  5.972923E-02  6.073868E-02  6.167537E-02  6.254073E-02  6.333669E-02  6.479428E-02  6.722937E-02  6.867088E-02             0
             0  1.293953E-02  1.416561E-02  1.494488E-02  1.555079E-02  1.625105E-02     0.0170487  1.783255E-02  1.843819E-02  1.894686E-02  1.947941E-02  2.017453E-02  2.120817E-02  2.247811E-02  2.383176E-02  2.526342E-02  2.676678E-02  2.833509E-02  2.996123E-02  3.163778E-02
  3.335711E-02  3.511128E-02  3.689202E-02  3.869071E-02  4.049836E-02  4.230572E-02  4.410331E-02  4.588147E-02  4.763038E-02  4.934022E-02  5.079367E-02  5.200745E-02  5.318546E-02  5.413445E-02  5.487506E-02  5.559626E-02  5.629733E-02  5.697765E-02     0.0576367  5.827412E-02
  5.904351E-02  6.006268E-02  6.113928E-02  6.212948E-02  6.303616E-02  6.386301E-02  6.461409E-02  6.597304E-02  6.817196E-02  6.931787E-02             0
             0  1.222045E-02  1.341675E-02  1.419257E-02  1.480021E-02  1.550708E-02  1.631727E-02  1.711814E-02     0.0177395     0.0182627  1.881178E-02  1.953005E-02  2.060127E-02     0.0219216     0.0233323  2.482682E-02  2.639796E-02  2.803818E-02  2.973972E-02  3.149466E-02
  3.329496E-02  3.513239E-02  3.699842E-02  3.888414E-02  4.078024E-02  4.267703E-02  4.456446E-02  4.643203E-02  4.826882E-02  5.006351E-02  5.158685E-02  5.285661E-02     0.0540856  5.507196E-02  5.583937E-02  5.658399E-02  5.730483E-02  5.800111E-02  5.867221E-02  5.931772E-02
  6.009233E-02  6.110903E-02  6.216949E-02  6.313278E-02  6.400454E-02  6.479099E-02  6.549839E-02     0.0667669     0.0687767  6.971648E-02             0
             0  1.184845E-02  1.302275E-02  1.379213E-02  1.439735E-02  1.510435E-02  1.591813E-02  1.672599E-02  1.735469E-02  1.788509E-02  1.844272E-02  1.917337E-02  2.026533E-02  2.161405E-02  2.305708E-02  2.458706E-02  2.619614E-02  2.787627E-02  2.961931E-02  3.141712E-02
  3.326155E-02  3.514431E-02     0.0370569  3.899041E-02  4.093554E-02  4.288258E-02  4.482136E-02  4.674114E-02  4.863055E-02  5.047749E-02  5.204518E-02  5.335122E-02  5.461384E-02  5.562513E-02  5.641039E-02  5.717045E-02  5.790401E-02  5.861003E-02  5.928775E-02  5.993669E-02
  6.071173E-02  6.172143E-02  6.276443E-02  6.370362E-02  6.454723E-02  6.530356E-02  6.598037E-02  6.718872E-02     0.0690861     0.0699149             0
             0  1.168685E-02  1.285015E-02     0.0136156     0.0142189  1.492504E-02  1.573952E-02  1.654984E-02  1.718148E-02  1.771492E-02     0.0182763  1.901249E-02  2.011394E-02  2.147576E-02  2.293365E-02  2.447983E-02  2.610612E-02     0.0278042     0.0295658  3.138271E-02
  3.324675E-02  3.514965E-02  3.708294E-02  3.903775E-02  4.100483E-02  4.297452E-02  4.493665E-02  4.688047E-02  4.879446E-02  5.066626E-02  5.225553E-02  5.357957E-02  5.485919E-02  5.588333E-02  5.667787E-02  5.744597E-02  5.818611E-02  5.889704E-02  5.957783E-02  6.022799E-02
  6.100227E-02  6.200667E-02  6.303882E-02  6.396425E-02  6.479271E-02  6.553351E-02  6.619507E-02  6.737422E-02  6.921985E-02  6.999967E-02             0
             0  1.159897E-02  1.275588E-02  1.351886E-02  1.412085E-02  1.482623E-02  1.564079E-02  1.645222E-02  1.708538E-02  1.762044E-02  1.818387E-02  1.892315E-02  2.002994E-02  2.139916E-02  2.286542E-02  2.442066E-02     0.0260565  2.776453E-02  2.953638E-02  3.136381E-02
  3.323863E-02  3.515259E-02  3.709726E-02  3.906379E-02  4.104299E-02  4.302522E-02  4.500035E-02  4.695762E-02  4.888548E-02  5.077146E-02  5.237322E-02  5.370778E-02  5.499752E-02  5.602941E-02  5.682963E-02  5.760268E-02  5.834689E-02     0.0590608  5.974338E-02  6.039405E-02
  6.116748E-02  6.216801E-02  6.319298E-02  6.410978E-02  6.492903E-02  6.566063E-02  6.631331E-02  6.747572E-02  6.929242E-02  7.004541E-02             0
             0     0.0115545  1.270805E-02  1.346967E-02     0.0140709  1.477578E-02  1.559026E-02  1.640216E-02  1.703604E-02  1.757191E-02  1.813638E-02  1.887727E-02  1.998685E-02  2.135992E-02  2.283051E-02  2.439043E-02  2.603118E-02     0.0277443  2.952138E-02  3.135418E-02
  3.323449E-02  3.515409E-02  3.710455E-02  3.907706E-02  4.106245E-02     0.0430511     0.0450329  4.699709E-02  4.893215E-02  5.082554E-02  5.243388E-02  5.377406E-02  5.506926E-02  5.610542E-02  5.690879E-02  5.768465E-02  5.843117E-02  5.914679E-02  5.983034E-02  6.048119E-02
  6.125394E-02      0.062252  6.327277E-02  6.418473E-02  6.499895E-02  6.572563E-02  6.637362E-02  6.752727E-02  6.932908E-02  7.006844E-02             0
