 51            10 
             0 -1.416314E-03  1.467478E-04  1.340001E-03  2.271662E-03  3.337714E-03   4.53552E-03  5.695922E-03  6.583288E-03   7.32368E-03  8.093968E-03  9.093401E-03  1.056721E-02  1.236017E-02  1.425547E-02  1.624637E-02     0.0183257  2.048589E-02  2.271903E-02  2.501689E-02
  2.737094E-02  2.977239E-02  3.221216E-02  3.468086E-02  3.716894E-02  3.966685E-02  4.216515E-02  4.465457E-02  4.712612E-02  4.957113E-02  5.168005E-02  5.346427E-02  5.522189E-02  5.666193E-02  5.779977E-02  5.892261E-02     0.0600297  6.112031E-02  6.219372E-02     0.0632493
  6.454569E-02  6.631026E-02  6.824645E-02     0.0700985  7.186333E-02  7.353837E-02  7.512155E-02  7.810106E-02  8.351267E-02  8.853304E-02             0
             0 -1.684219E-03 -1.131711E-04  1.087525E-03  2.025408E-03  3.099001E-03  4.305711E-03  5.475122E-03  6.369583E-03  7.116002E-03  7.892666E-03  8.900505E-03  1.038698E-02  1.219575E-02  1.410813E-02  1.611728E-02  1.821594E-02  2.039643E-02     0.0226507  2.497037E-02
  2.734676E-02     0.0297709  3.223353E-02  3.472507E-02  3.723577E-02  3.975589E-02  4.227579E-02      0.044786  4.727733E-02  4.974094E-02  5.186497E-02  5.366129E-02  5.543014E-02  5.687876E-02  5.802304E-02  5.915189E-02  6.026453E-02  6.136024E-02  6.243831E-02  6.349809E-02
  6.479916E-02  6.656912E-02  6.850971E-02  7.036449E-02  7.213047E-02  7.380521E-02     0.0753868  7.836079E-02  8.374871E-02  8.872051E-02             0
             0  -5.85719E-03 -4.169052E-03 -2.856452E-03 -1.824199E-03 -6.353984E-04  7.081825E-04  2.016806E-03  3.021237E-03  3.861257E-03  4.737135E-03   5.87596E-03  7.560269E-03  9.616566E-03  1.179687E-02  1.409303E-02  1.649616E-02  1.899671E-02  2.158455E-02  2.424901E-02
  2.697892E-02  2.976266E-02  3.258811E-02  3.544264E-02  3.831331E-02  4.118711E-02  4.405108E-02  4.689251E-02      0.049699     0.0524587  5.482265E-02  5.681106E-02  5.875751E-02  6.034138E-02  6.158681E-02  6.280962E-02  6.400889E-02  6.518382E-02  6.633364E-02  6.745769E-02
  6.882978E-02  7.067975E-02  7.268299E-02  7.457305E-02  7.634878E-02  7.800996E-02  7.955714E-02  8.242594E-02  8.740545E-02  9.158807E-02             0
             0 -9.195544E-03 -7.463827E-03  -6.09045E-03 -5.001451E-03 -3.737732E-03 -2.299371E-03 -8.892596E-04  1.979837E-04  1.109845E-03  2.063196E-03  3.305912E-03   5.15039E-03  7.411673E-03   9.81788E-03  1.235946E-02  1.502583E-02  1.780558E-02  2.068654E-02  2.365592E-02
  2.670036E-02  2.980593E-02  3.295808E-02  3.614144E-02     0.0393402  4.253824E-02  4.571933E-02  4.886724E-02  5.196596E-02  5.499987E-02  5.758472E-02  5.974849E-02  6.185489E-02  6.355818E-02  6.489138E-02  6.619389E-02  6.746465E-02  6.870266E-02     0.0699071  7.107727E-02
  7.249648E-02  7.439066E-02  7.641274E-02  7.829246E-02  8.003183E-02  8.163415E-02  8.310372E-02     0.0857872  9.024234E-02  9.365062E-02             0
             0 -1.144417E-02 -9.725115E-03 -8.335732E-03 -7.224934E-03 -5.925895E-03 -4.436485E-03 -2.966315E-03 -1.827384E-03 -8.693536E-04  1.350439E-04  1.447684E-03  3.402806E-03  5.809327E-03   8.37829E-03  1.109853E-02  1.395769E-02  1.694256E-02  2.003929E-02  2.323352E-02
  2.651046E-02  2.985483E-02     0.0332507  3.668119E-02  4.012879E-02  4.357542E-02  4.700257E-02  5.039131E-02  5.372246E-02  5.697668E-02  5.974007E-02  6.204555E-02  6.428046E-02  6.607834E-02  6.747996E-02  6.884325E-02  7.016676E-02     0.0714493  7.268989E-02     0.0738878
  7.533127E-02  7.723816E-02  7.924467E-02     0.0810826  8.275847E-02  8.428025E-02  8.565669E-02     0.0881367  9.211065E-02  9.493212E-02             0
             0 -1.291322E-02 -1.123179E-02 -9.850732E-03 -8.738458E-03 -7.428407E-03 -5.915919E-03 -4.412996E-03 -3.243244E-03 -2.256436E-03 -1.219072E-03  1.400132E-04  2.170955E-03  4.679571E-03  7.364339E-03  1.021213E-02     0.0132087  1.633919E-02  1.958839E-02  2.294095E-02
  2.638136E-02  2.989378E-02  3.346185E-02  3.706821E-02  4.069474E-02     0.0443226     0.0479322  5.150306E-02  5.501376E-02  5.844195E-02  6.134919E-02  6.377015E-02  6.611041E-02  6.798562E-02  6.944262E-02  7.085417E-02  7.221829E-02  7.353334E-02  7.479808E-02  7.601172E-02
  7.746447E-02  7.936354E-02  8.133323E-02  8.311218E-02  8.471292E-02  8.614895E-02  8.743357E-02  8.972499E-02  9.331141E-02  9.572211E-02             0
             0 -1.367463E-02 -1.202738E-02 -1.066128E-02 -9.555954E-03 -8.247953E-03 -6.730444E-03 -5.214974E-03 -4.031134E-03 -3.030142E-03 -1.975619E-03 -5.913918E-04  1.482173E-03  4.049487E-03  6.801032E-03  9.721867E-03  1.279627E-02  1.600828E-02  1.934198E-02  2.278162E-02
  2.631149E-02  2.991578E-02  3.357821E-02  3.728154E-02  4.100773E-02  4.473803E-02  4.845272E-02  5.213099E-02  5.575065E-02  5.928794E-02  6.228866E-02     0.0647867  6.719896E-02  6.912788E-02  7.062346E-02  7.206837E-02  7.345983E-02  7.479554E-02  7.607386E-02  7.729383E-02
  7.874567E-02  8.062652E-02  8.255496E-02  8.427913E-02  8.581753E-02  8.718814E-02  8.840734E-02     0.0905717  9.392655E-02  9.611551E-02             0
             0 -1.400567E-02 -1.237657E-02 -1.101967E-02 -9.919492E-03 -8.614736E-03 -7.097378E-03 -5.578079E-03 -4.388804E-03 -3.381878E-03 -2.319786E-03 -9.240896E-04  1.169424E-03  3.764376E-03  6.547122E-03  9.501698E-03  1.261165E-02  1.586054E-02     0.0192322  2.271074E-02
  2.628046E-02  2.992562E-02  3.363007E-02  3.737669E-02  4.114762E-02  4.492422E-02     0.0486869  5.241489E-02  5.608589E-02  5.967572E-02  6.272277E-02  6.525998E-02  6.770988E-02     0.0696677     0.0711844  7.264777E-02  7.405432E-02  7.540113E-02  7.668601E-02  7.790785E-02
  7.935642E-02  8.122266E-02  8.312409E-02  8.481587E-02  8.631986E-02  8.765617E-02  8.884239E-02  9.094468E-02  9.419262E-02  9.628362E-02             0
             0 -1.418578E-02 -1.256749E-02    -0.0112164 -1.011971E-02 -8.817539E-03 -7.301157E-03 -5.780475E-03  -4.58856E-03 -3.578508E-03 -2.512228E-03 -1.110014E-03  9.949997E-04  3.605826E-03  6.406318E-03  9.379901E-03  1.250972E-02  1.577911E-02  1.917175E-02  2.267174E-02
     0.0262634  2.993104E-02  3.365861E-02  3.742909E-02  4.122473E-02  4.502701E-02  4.881645E-02  5.257235E-02  5.627245E-02  5.989247E-02  6.296661E-02  6.552714E-02  6.799996E-02     0.0699759  7.150611E-02  7.298151E-02  7.439809E-02  7.575223E-02  7.704116E-02  7.826347E-02
  7.970853E-02  8.156332E-02  8.344609E-02  8.511694E-02  8.659969E-02  8.791547E-02  8.908237E-02  9.114891E-02  9.433702E-02  9.637433E-02             0
             0 -1.427694E-02 -1.266441E-02 -1.131656E-02 -1.022189E-02 -8.921352E-03 -7.405865E-03 -5.884847E-03 -4.691784E-03 -3.680211E-03 -2.611759E-03 -1.206073E-03   9.05109E-04  3.524352E-03  6.334139E-03  9.317583E-03  1.245764E-02  1.573754E-02  1.914093E-02  2.265187E-02
     0.0262547     0.0299338  3.367316E-02     0.0374558  4.126407E-02     0.0450795  4.888269E-02  5.265301E-02  5.636824E-02  6.000411E-02  6.309269E-02  6.566582E-02  6.815132E-02  7.013759E-02  7.167572E-02  7.315846E-02  7.458136E-02     0.0759403  7.723179E-02     0.0784538
  7.989568E-02  8.174242E-02  8.361372E-02  8.527256E-02  8.674357E-02  8.804826E-02  8.920491E-02  9.125269E-02  9.440999E-02       0.09642             0
