 51            10 
             0  3.906471E-02  3.925395E-02  3.937127E-02  3.945681E-02  3.954951E-02  3.964918E-02  3.974229E-02  3.981186E-02  3.986911E-02  3.992791E-02  4.000332E-02  4.011276E-02  4.024345E-02  4.037944E-02  4.052036E-02  4.066583E-02  4.081548E-02  4.096889E-02  4.112565E-02
  4.128533E-02  4.144748E-02  4.161166E-02  4.177741E-02  4.194427E-02  4.211177E-02  4.227946E-02  4.244687E-02  4.261354E-02  4.277901E-02  4.292236E-02  4.304409E-02  4.316451E-02     0.0432636  4.334214E-02  4.341989E-02  4.349681E-02  4.357285E-02  4.364796E-02  4.372208E-02
  4.381346E-02  4.393853E-02  4.407683E-02  4.421015E-02  4.433817E-02  4.446058E-02     0.0445771  4.479782E-02  4.520458E-02  4.556603E-02             0
             0  3.906103E-02  3.925046E-02  3.936791E-02  3.945357E-02     0.0395464  3.964622E-02  3.973948E-02  3.980916E-02     0.0398665     0.0399254  4.000093E-02  4.011055E-02  4.024147E-02     0.0403777  4.051886E-02  4.066461E-02  4.081452E-02  4.096822E-02  4.112526E-02
  4.128523E-02  4.144768E-02  4.161215E-02     0.0417782  4.194535E-02  4.211314E-02     0.0422811  4.244878E-02  4.261571E-02  4.278143E-02  4.292499E-02  4.304689E-02  4.316746E-02  4.326668E-02  4.334531E-02  4.342316E-02  4.350017E-02  4.357629E-02  4.365147E-02  4.372567E-02
  4.381713E-02  4.394232E-02  4.408073E-02  4.421414E-02  4.434223E-02  4.446469E-02  4.458125E-02  4.480203E-02  4.520876E-02  4.556992E-02             0
             0  3.900454E-02  3.919676E-02  3.931639E-02  3.940377E-02     0.0394986  3.960067E-02  3.969613E-02     0.0397675  3.982626E-02  3.988664E-02  3.996409E-02  4.007656E-02  4.021097E-02  4.035088E-02  4.049592E-02  4.064571E-02  4.079983E-02  4.095785E-02  4.111932E-02
  4.128379E-02  4.145078E-02  4.161981E-02     0.0417904  4.196205E-02  4.213426E-02  4.230655E-02  4.247841E-02  4.264936E-02  4.281892E-02  4.296564E-02  4.309013E-02  4.321316E-02     0.0433143  4.339441E-02  4.347366E-02  4.355201E-02     0.0436294  4.370578E-02  4.378111E-02
  4.387389E-02  4.400075E-02  4.414078E-02  4.427554E-02  4.440473E-02  4.452804E-02  4.464521E-02  4.486677E-02  4.527291E-02  4.562926E-02             0
             0      0.038964  3.915807E-02     0.0392792  3.936777E-02  3.946397E-02  3.956762E-02  3.966463E-02  3.973721E-02  3.979697E-02  3.985841E-02  3.993724E-02  4.005177E-02  4.018869E-02  4.033129E-02  4.047918E-02  4.063195E-02  4.078917E-02  4.095039E-02  4.111515E-02
  4.128297E-02  4.145336E-02     0.0416258  4.179979E-02  4.197482E-02  4.215036E-02  4.232588E-02  4.250088E-02  4.267485E-02  4.284726E-02  4.299635E-02  4.312275E-02  4.324757E-02  4.335011E-02  4.343129E-02  4.351155E-02  4.359085E-02  4.366914E-02  4.374636E-02  4.382247E-02
  4.391615E-02  4.404411E-02  4.418518E-02  4.432076E-02  4.445055E-02  4.457427E-02  4.469167E-02  4.491337E-02  4.531814E-02  4.567007E-02             0
             0  3.893883E-02  3.913397E-02  3.925597E-02  3.934523E-02  3.944227E-02  3.954687E-02  3.964483E-02  3.971814E-02  3.977853E-02  3.984062E-02  3.992031E-02  4.003611E-02  4.017461E-02  4.031891E-02  4.046859E-02  4.062325E-02  4.078244E-02  4.094571E-02  4.111258E-02
  4.128254E-02     0.0414551  4.162974E-02  4.180592E-02  4.198312E-02     0.0421608  4.233843E-02  4.251546E-02  4.269137E-02  4.286564E-02  4.301624E-02  4.314387E-02  4.326984E-02  4.337328E-02  4.345512E-02  4.353602E-02  4.361591E-02  4.369475E-02  4.377249E-02  4.384906E-02
  4.394328E-02  4.407189E-02  4.421353E-02  4.434953E-02  4.447959E-02  4.460346E-02  4.472089E-02  4.494245E-02  4.534591E-02  4.569468E-02             0
             0  3.892332E-02  3.911906E-02  3.924157E-02  3.933125E-02  3.942878E-02  3.953396E-02  3.963249E-02  3.970625E-02  3.976702E-02  3.982951E-02  3.990973E-02  4.002633E-02  4.016581E-02  4.031116E-02  4.046196E-02     0.0406178  4.077824E-02  4.094279E-02  4.111097E-02
  4.128229E-02  4.145623E-02  4.163225E-02  4.180982E-02     0.0419884  4.216745E-02  4.234641E-02  4.252474E-02  4.270189E-02  4.287735E-02  4.302892E-02  4.315733E-02  4.328404E-02  4.338803E-02     0.0434703     0.0435516  4.363187E-02  4.371105E-02  4.378909E-02  4.386595E-02
  4.396049E-02  4.408946E-02  4.423142E-02  4.436763E-02  4.449781E-02  4.462171E-02     0.0447391  4.496046E-02     0.0453629  4.570957E-02             0
             0  3.891559E-02  3.911162E-02  3.923437E-02  3.932425E-02  3.942202E-02  3.952748E-02  3.962629E-02  3.970027E-02  3.976123E-02  3.982392E-02     0.0399044  4.002139E-02  4.016137E-02  4.030725E-02  4.045862E-02  4.061506E-02  4.077612E-02  4.094132E-02  4.111017E-02
  4.128217E-02     0.0414568  4.163352E-02     0.0418118  4.199109E-02  4.217083E-02  4.235047E-02  4.252946E-02  4.270726E-02  4.288332E-02  4.303539E-02  4.316421E-02  4.329129E-02  4.339558E-02  4.347807E-02  4.355957E-02  4.364001E-02  4.371937E-02  4.379756E-02  4.387457E-02
  4.396925E-02     0.0440984     0.0442405  4.437679E-02  4.450701E-02     0.0446309  4.474825E-02  4.496947E-02  4.537132E-02     0.0457169             0
             0  3.891229E-02  3.910843E-02  3.923129E-02  3.932125E-02  3.941912E-02     0.0395247  3.962363E-02  3.969771E-02  3.975875E-02  3.982152E-02  3.990211E-02  4.001927E-02  4.015946E-02  4.030557E-02  4.045719E-02  4.061388E-02  4.077521E-02  4.094069E-02  4.110983E-02
  4.128212E-02  4.145705E-02  4.163408E-02  4.181266E-02  4.199225E-02  4.217229E-02  4.235222E-02     0.0425315  4.270958E-02     0.0428859  4.303819E-02  4.316719E-02  4.329443E-02  4.339884E-02  4.348142E-02  4.356301E-02  4.364354E-02  4.372296E-02  4.380123E-02  4.387829E-02
  4.397304E-02  4.410226E-02  4.424442E-02  4.438074E-02  4.451096E-02  4.463485E-02  4.475218E-02  4.497332E-02  4.537492E-02  4.572001E-02             0
             0     0.0389105  3.910671E-02  3.922962E-02  3.931963E-02  3.941755E-02  3.952319E-02  3.962219E-02  3.969632E-02     0.0397574  3.982022E-02  3.990088E-02  4.001813E-02  4.015843E-02  4.030466E-02  4.045641E-02  4.061325E-02  4.077472E-02  4.094035E-02  4.110964E-02
     0.0412821  4.145719E-02  4.163438E-02  4.181312E-02  4.199287E-02  4.217308E-02  4.235317E-02  4.253261E-02  4.271083E-02     0.0428873  4.303971E-02     0.0431688  4.329613E-02  4.340061E-02  4.348325E-02  4.356488E-02  4.364546E-02  4.372492E-02  4.380322E-02  4.388031E-02
     0.0439751  4.410436E-02  4.424654E-02  4.438287E-02  4.451311E-02  4.463699E-02     0.0447543     0.0449754  4.537685E-02  4.572169E-02             0
             0     0.0389096  3.910585E-02  3.922878E-02  3.931881E-02  3.941676E-02  3.952244E-02  3.962146E-02  3.969562E-02  3.975672E-02  3.981956E-02  3.990025E-02  4.001755E-02  4.015791E-02     0.0403042  4.045602E-02  4.061292E-02  4.077447E-02  4.094017E-02  4.110955E-02
  4.128208E-02  4.145725E-02  4.163453E-02  4.181335E-02  4.199319E-02  4.217348E-02  4.235365E-02  4.253317E-02  4.271147E-02  4.288801E-02  4.304047E-02  4.316961E-02  4.329699E-02  4.340151E-02  4.348417E-02  4.356582E-02  4.364642E-02  4.372591E-02  4.380422E-02  4.388133E-02
  4.397614E-02  4.410541E-02  4.424761E-02  4.438395E-02  4.451419E-02  4.463806E-02  4.475537E-02  4.497645E-02  4.537782E-02  4.572254E-02             0
