 51            10 
             0 -5.550237E-03 -5.476936E-03 -5.341821E-03 -5.229933E-03 -5.098847E-03 -4.949723E-03 -4.804117E-03 -4.692295E-03 -4.598779E-03 -4.501297E-03  -4.37461E-03 -4.187427E-03 -3.959305E-03 -3.717933E-03 -3.464334E-03 -3.199599E-03 -2.924877E-03 -2.641374E-03 -2.350341E-03
 -2.053071E-03 -1.750901E-03 -1.445204E-03 -1.137394E-03 -8.288984E-04 -5.211334E-04  -2.15485E-04  8.670813E-05  3.841688E-04  6.756933E-04  9.246033E-04  1.133481E-03  1.337483E-03  1.503115E-03  1.633167E-03  1.760674E-03   1.88555E-03  2.007719E-03   2.12711E-03   2.24366E-03
  2.385728E-03   2.57686E-03  2.783203E-03   2.97726E-03  3.158941E-03  3.328255E-03  3.485298E-03  3.775191E-03  4.270543E-03  4.653019E-03             0
             0 -5.610187E-03 -5.536185E-03 -5.399502E-03 -5.286254E-03 -5.153504E-03 -5.002406E-03 -4.854799E-03 -4.741398E-03  -4.64654E-03 -4.547637E-03 -4.419073E-03  -4.22906E-03 -3.997397E-03 -3.752195E-03 -3.494495E-03  -3.22541E-03 -2.946118E-03 -2.657854E-03 -2.361902E-03
 -2.059595E-03 -1.752305E-03 -1.441451E-03  -1.12849E-03 -8.148943E-04  -5.02129E-04 -1.916268E-04  1.152268E-04  4.171091E-04  7.127737E-04  9.650253E-04  1.176569E-03  1.383027E-03  1.550521E-03   1.68196E-03   1.81075E-03  1.936804E-03  2.060044E-03  2.180399E-03  2.297805E-03
  2.440809E-03  2.632973E-03  2.840084E-03  3.034516E-03  3.216206E-03  3.385195E-03  3.541615E-03   3.82974E-03  4.318679E-03  4.688998E-03             0
             0 -6.546549E-03 -6.463618E-03 -6.303596E-03 -6.169841E-03 -6.011754E-03 -5.830394E-03 -5.651888E-03 -5.514015E-03 -5.398293E-03 -5.277239E-03 -5.119386E-03 -4.885035E-03 -4.597752E-03 -4.292204E-03 -3.969732E-03  -3.63182E-03 -3.280078E-03 -2.916224E-03 -2.542076E-03
 -2.159544E-03 -1.770623E-03 -1.377397E-03 -9.820416E-04  -5.86781E-04 -1.938541E-04  1.945218E-04  5.761809E-04   9.49037E-04  1.311113E-03  1.616887E-03   1.87106E-03  2.116672E-03  2.313736E-03  2.467143E-03  2.616174E-03  2.760713E-03  2.900662E-03  3.035938E-03  3.166477E-03
   3.32367E-03  3.531077E-03  3.748777E-03  3.947339E-03  4.127184E-03  4.288922E-03  4.433314E-03  4.689175E-03   5.06853E-03  5.241989E-03             0
             0 -7.315256E-03 -7.238341E-03 -7.066892E-03 -6.921355E-03 -6.747119E-03 -6.544877E-03 -6.343653E-03 -6.187063E-03 -6.055012E-03 -5.916262E-03 -5.734572E-03 -5.463258E-03 -5.128369E-03    -0.0047701 -4.390142E-03 -3.990396E-03 -3.572937E-03  -3.13998E-03 -2.693854E-03
 -2.236994E-03 -1.771944E-03 -1.301374E-03 -8.280964E-04  -3.55032E-04  1.148312E-04  5.784683E-04  1.032847E-03  1.474962E-03  1.901879E-03  2.259678E-03  2.554954E-03   2.83781E-03  3.062421E-03  3.235901E-03  3.402973E-03  3.563468E-03  3.717248E-03  3.864212E-03  4.004293E-03
  4.170748E-03  4.385639E-03  4.603941E-03  4.795849E-03  4.962645E-03  5.105897E-03  5.227367E-03  5.430466E-03  5.669429E-03  5.647206E-03             0
             0 -7.842695E-03 -7.781526E-03 -7.609197E-03 -7.460171E-03 -7.279094E-03 -7.066099E-03 -6.851594E-03 -6.683287E-03 -6.540633E-03 -6.390034E-03 -6.191967E-03 -5.894461E-03 -5.524832E-03 -5.127366E-03  -4.70419E-03 -4.257685E-03 -3.790396E-03 -3.304974E-03 -2.804136E-03
 -2.290656E-03 -1.767391E-03 -1.237319E-03 -7.035953E-04 -1.695267E-04  3.614405E-04  8.857269E-04  1.399621E-03  1.899291E-03  2.380818E-03  2.782835E-03  3.113116E-03  3.427553E-03  3.675209E-03  3.865214E-03  4.046781E-03  4.219648E-03  4.383608E-03  4.538519E-03  4.684305E-03
  4.855121E-03  5.070471E-03  5.281372E-03   5.45906E-03  5.606103E-03  5.725388E-03  5.819918E-03  5.965379E-03  6.074145E-03   5.90196E-03             0
             0 -8.191711E-03  -8.14927E-03 -7.981736E-03 -7.834067E-03 -7.651927E-03 -7.434763E-03 -7.213318E-03 -7.038089E-03 -6.888802E-03 -6.730454E-03 -6.521305E-03 -6.205409E-03 -5.810672E-03 -5.384503E-03 -4.929591E-03 -4.448852E-03  -3.94529E-03 -3.421908E-03 -2.881678E-03
 -2.327536E-03 -1.762436E-03 -1.189426E-03 -6.117259E-04 -3.273706E-05  5.439505E-04  1.114522E-03  1.674889E-03  2.220648E-03  2.747054E-03  3.186303E-03  3.546487E-03  3.888145E-03  4.155652E-03  4.359769E-03  4.553491E-03   4.73639E-03  4.908138E-03  5.068517E-03  5.217429E-03
  5.389271E-03  5.600302E-03  5.798607E-03  5.957731E-03  6.082012E-03  6.175941E-03  6.243831E-03  6.335445E-03  6.338201E-03  6.060169E-03             0
             0 -8.374168E-03 -8.345734E-03 -8.183793E-03 -8.039068E-03 -7.858616E-03 -7.641266E-03 -7.417453E-03 -7.239136E-03 -7.086586E-03  -6.92416E-03 -6.708907E-03 -6.382435E-03 -5.972892E-03 -5.529748E-03 -5.056223E-03 -4.555666E-03 -4.031392E-03 -3.486602E-03 -2.924363E-03
 -2.347636E-03 -1.759343E-03 -1.162468E-03 -5.601564E-04  4.426668E-05  6.472736E-04  1.245073E-03  1.833526E-03  2.408046E-03  2.963501E-03  3.427816E-03  3.808723E-03   4.16974E-03   4.45163E-03  4.666014E-03   4.86852E-03  5.058497E-03  5.235431E-03  5.398985E-03  5.549026E-03
  5.719781E-03  5.924486E-03  6.109775E-03  6.252123E-03  6.357649E-03  6.432189E-03  6.480962E-03  6.535967E-03  6.474807E-03  6.139315E-03             0
             0 -8.453786E-03 -8.432409E-03 -8.273685E-03 -8.130852E-03 -7.951796E-03 -7.735003E-03 -7.510589E-03 -7.331105E-03  -7.17719E-03 -7.012959E-03 -6.794902E-03  -6.46344E-03 -6.046856E-03 -5.595696E-03 -5.113482E-03 -4.603783E-03 -4.070056E-03 -3.515576E-03 -2.943437E-03
 -2.356589E-03 -1.757917E-03 -1.150353E-03 -5.369836E-04  7.893187E-05  6.939307E-04  1.304278E-03  1.905868E-03  2.494097E-03  3.063729E-03  3.540637E-03  3.932219E-03  4.303481E-03  4.593187E-03  4.813232E-03  5.020626E-03  5.214529E-03  5.394263E-03  5.559374E-03  5.709684E-03
  5.879232E-03  6.079417E-03   6.25654E-03  6.389141E-03   6.48438E-03  6.548757E-03  6.587868E-03  6.624916E-03  6.534139E-03  6.173199E-03             0
             0 -8.497179E-03 -8.479914E-03 -8.323177E-03 -8.181566E-03 -8.003493E-03 -7.787234E-03 -7.562659E-03 -7.382611E-03 -7.227977E-03 -7.062746E-03    -0.0068431 -6.508765E-03 -6.088129E-03 -5.632391E-03 -5.145259E-03 -4.630428E-03 -4.091428E-03  -3.53157E-03 -2.953954E-03
 -2.361518E-03 -1.757122E-03  -1.14366E-03   -5.2418E-04  9.810445E-05  7.197775E-04   1.33715E-03  1.946152E-03  2.542197E-03  3.120021E-03  3.604335E-03  4.002299E-03  4.379808E-03  4.674389E-03   4.89802E-03  5.108551E-03  5.304996E-03   5.48653E-03   5.65258E-03  5.802927E-03
  5.971452E-03  6.168366E-03  6.340029E-03  6.466428E-03  6.555351E-03  6.613649E-03  6.647096E-03  6.673784E-03  6.566402E-03  6.191497E-03             0
             0 -8.519163E-03 -8.504069E-03  -8.34842E-03 -8.207499E-03 -8.030009E-03 -7.814116E-03 -7.589536E-03 -7.409238E-03 -7.254249E-03 -7.088504E-03 -6.868022E-03 -6.532159E-03 -6.109379E-03  -5.65124E-03  -5.16155E-03 -4.644067E-03 -4.102353E-03 -3.539738E-03 -2.959321E-03
 -2.364032E-03 -1.756713E-03 -1.140241E-03 -5.176387E-04  1.079061E-04  7.330052E-04  1.353998E-03   1.96684E-03  2.566963E-03  3.149103E-03   3.63737E-03  4.038788E-03  4.419738E-03  4.717068E-03  4.942757E-03  5.155125E-03  5.353087E-03  5.535703E-03  5.702295E-03  5.852586E-03
   6.02037E-03  6.215191E-03  6.383621E-03   6.50651E-03  6.591959E-03  6.646981E-03   6.67742E-03  6.698669E-03  6.582724E-03  6.200716E-03             0
