 51            10 
             0    -0.1306098    -0.1284449    -0.1264617    -0.1248464    -0.1229445    -0.1207647    -0.1186231    -0.1169729    -0.1155907    -0.1141483    -0.1122728    -0.1095023    -0.1061341    -0.1030338    -0.1002868 -9.748803E-02 -9.116817E-02 -8.357624E-02 -7.576358E-02
 -6.743376E-02 -5.882755E-02 -4.999567E-02 -4.100776E-02 -3.198888E-02 -2.290505E-02 -1.375621E-02 -4.571315E-03  4.112689E-03  1.211693E-02  1.894456E-02  2.461012E-02  3.005933E-02     0.0344195  3.782367E-02  4.116332E-02  4.444887E-02  4.767753E-02  5.086249E-02  5.380869E-02
  5.716353E-02  6.177606E-02  6.659362E-02  7.087689E-02  7.485935E-02  7.850793E-02  8.178135E-02     0.0876243  9.529917E-02  9.582746E-02             0
             0    -0.1329757    -0.1308318    -0.1288506    -0.1272323    -0.1253216    -0.1231258    -0.1209621    -0.1192908    -0.1178884    -0.1164221    -0.1145114    -0.1116787     -0.108214    -0.1049987    -0.1021064 -9.909664E-02 -9.252051E-02 -8.465061E-02 -7.653791E-02
 -6.787132E-02 -5.890383E-02 -4.969825E-02 -4.033755E-02 -3.095191E-02 -2.151307E-02 -1.202743E-02 -2.517964E-03  6.458967E-03  1.473337E-02  2.179256E-02  2.765048E-02  3.328282E-02  3.778464E-02  4.129468E-02  4.473186E-02  4.810501E-02  5.141147E-02  5.466517E-02  5.766774E-02
  6.108452E-02  6.575289E-02  7.059161E-02  7.486302E-02  7.879621E-02  8.234466E-02     0.0854681  9.095729E-02  9.791417E-02  9.760017E-02             0
             0    -0.1707026     -0.169123    -0.1673491    -0.1658209    -0.1639358    -0.1616838    -0.1593845    -0.1575631    -0.1560095     -0.154359     -0.152174    -0.1488578    -0.1446748    -0.1406711    -0.1369457    -0.1329302    -0.1226194    -0.1099354 -9.671054E-02
 -8.250263E-02 -6.775662E-02 -5.259804E-02 -3.718388E-02 -2.174745E-02 -6.263252E-03   9.23209E-03  2.466934E-02  3.911762E-02  5.227545E-02  6.332336E-02     0.0723506  8.086491E-02  8.751073E-02  9.259705E-02  9.747509E-02     0.1021525     0.1066214      0.110897     0.1147252
     0.1189277     0.1243184     0.1293827     0.1333111      0.136365     0.1385634     0.1399706     0.1414361     0.1377935     0.1215886             0
             0    -0.2041951    -0.2043723    -0.2036609    -0.2028677    -0.2017198    -0.2001835    -0.1984728    -0.1970444    -0.1957884    -0.1944168    -0.1925555    -0.1896353    -0.1858061    -0.1820098    -0.1783856    -0.1743472    -0.1596466    -0.1408539    -0.1210736
 -9.977578E-02 -7.766787E-02 -5.494016E-02 -3.181249E-02 -8.610166E-03  1.472754E-02  3.815416E-02  6.155868E-02  8.349353E-02     0.1034556     0.1201272     0.1336335     0.1461961      0.155798     0.1630096     0.1697666     0.1760637     0.1818769     0.1872152     0.1917725
     0.1964779     0.2018032     0.2057178     0.2075805     0.2077159     0.2063465     0.2037912     0.1968312     0.1756528     0.1407375             0
             0    -0.2286248    -0.2312216    -0.2321037     -0.232459    -0.2325143    -0.2322046    -0.2315675    -0.2309029    -0.2302576    -0.2294988    -0.2284108    -0.2266049    -0.2241407    -0.2216625    -0.2194389    -0.2170415    -0.1978912    -0.1724385     -0.145626
    -0.1169124 -8.727372E-02 -5.690791E-02 -2.601124E-02   5.09806E-03  3.661984E-02     0.0685943     0.1009556     0.1317024     0.1601098     0.1841102     0.2036368     0.2217665       0.23547      0.245611     0.2549021     0.2632844     0.2706832      0.277077     0.2821144
     0.2867392      0.290506       0.29088     0.2879917     0.2823986     0.2747829     0.2659138     0.2465739     0.2048509     0.1535412             0
             0    -0.2455804    -0.2507808    -0.2535015    -0.2552189     -0.256728    -0.2579072    -0.2585551    -0.2587875    -0.2588508    -0.2587982    -0.2586043    -0.2581275    -0.2574529    -0.2569571    -0.2572414    -0.2582654    -0.2345978     -0.202141    -0.1682707
    -0.1324559 -9.587682E-02 -5.863642E-02 -2.078464E-02  1.750385E-02  5.670549E-02  9.710623E-02     0.1388748     0.1795646      0.218371     0.2522273     0.2803942     0.3070199      0.327315     0.3422732     0.3557655     0.3675363     0.3773281      0.384995      0.390131
     0.3935702     0.3927267     0.3849609     0.3727808     0.3573981     0.3402906     0.3227825      0.288006     0.2259435     0.1618338             0
             0    -0.2547775    -0.2619554    -0.2662216    -0.2691441    -0.2719972    -0.2745797    -0.2763993    -0.2773828    -0.2779904    -0.2784287    -0.2788034     -0.279126      -0.27965    -0.2807567    -0.2835556    -0.2885441    -0.2611222    -0.2229634    -0.1837429
    -0.1428672    -0.1015736 -5.979966E-02 -1.739463E-02  2.567051E-02  7.018549E-02      0.116773     0.1660101     0.2153537     0.2643382     0.3091488     0.3479691     0.3862772     0.4166838     0.4395374     0.4603155     0.4781488     0.4921331      0.501607     0.5060083
     0.5060462      0.494753     0.4717315     0.4450591     0.4167497     0.3888244     0.3626771     0.3141502     0.2376906     0.1660985             0
             0    -0.2588596    -0.2670622    -0.2721963    -0.2758376    -0.2795493    -0.2830942    -0.2857484    -0.2872303    -0.2881465    -0.2887905    -0.2893244    -0.2898044    -0.2907045     -0.292535    -0.2967564    -0.3042294     -0.274662    -0.2333763     -0.191359
    -0.1479335    -0.1043282 -6.036733E-02 -1.577475E-02  2.960537E-02  7.675138E-02     0.1265076     0.1797535     0.2340281     0.2893228      0.341669     0.3885804     0.4368611     0.4771521     0.5085151      0.537982     0.5637383     0.5835623     0.5953807     0.5979561
     0.5925637     0.5670995     0.5274423     0.4877627     0.4495457     0.4143033     0.3828682      0.326596     0.2429599     0.1679458             0
             0     -0.261103    -0.2699139    -0.2755896    -0.2797005    -0.2840099    -0.2882863    -0.2916497    -0.2935732    -0.2947267    -0.2954307    -0.2959039    -0.2962517    -0.2972057    -0.2993896    -0.3044794    -0.3135706    -0.2826492    -0.2394465    -0.1957603
    -0.1508433     -0.105905 -6.069375E-02 -1.485319E-02  3.185362E-02  8.052454E-02     0.1321505     0.1878225     0.2451826     0.3046252     0.3622579     0.4152502     0.4717223     0.5211302     0.5611532     0.6005465     0.6366018     0.6651793     0.6809798     0.6795523
     0.6655595     0.6224373     0.5662389      0.515582     0.4699209     0.4296194     0.3947452     0.3336767     0.2458699     0.1689489             0
             0    -0.2622457    -0.2713823      -0.27736    -0.2817444    -0.2864265    -0.2912157    -0.2951875    -0.2975918    -0.2990297    -0.2996056     -0.299798    -0.2998415    -0.3006983    -0.3030212    -0.3085795    -0.3185935    -0.2869115    -0.2426578    -0.1980745
    -0.1523668    -0.1067286 -6.086476E-02 -1.437372E-02  3.302671E-02  8.250096E-02     0.1351241      0.192113     0.2511895     0.3130288     0.3738857     0.4308271     0.4931028     0.5498197     0.5976591     0.6474636     0.6966022     0.7396616     0.7657743     0.7531642
     0.7244645     0.6609953     0.5904027     0.5317581     0.4812675     0.4379194      0.401076     0.3373638     0.2473564     0.1694561             0
