 51            10 
             0    -0.1701399    -0.1649918    -0.1608668    -0.1576074    -0.1538443    -0.1495786    -0.1454104    -0.1422033    -0.1395171    -0.1367121    -0.1330602    -0.1276506    -0.1210405    -0.1140383    -0.1066871 -9.903134E-02 -9.110717E-02 -8.295368E-02 -7.461011E-02
 -6.610241E-02 -5.739056E-02 -4.810427E-02 -3.882763E-02 -2.960671E-02 -2.049337E-02 -1.153372E-02 -2.764708E-03  5.776998E-03  1.405362E-02  2.103107E-02  2.682502E-02  3.241969E-02  3.690705E-02  4.040068E-02  4.379638E-02  4.709348E-02  5.029256E-02  5.339488E-02  5.640229E-02
  6.004551E-02  6.469534E-02  6.947149E-02  7.373511E-02  7.747964E-02  8.085384E-02  8.385581E-02  8.912914E-02  9.641731E-02  9.831122E-02             0
             0    -0.1748485      -0.16966    -0.1654419    -0.1621157    -0.1583145    -0.1539872    -0.1497401    -0.1464618    -0.1437093    -0.1408271    -0.1370627    -0.1314553    -0.1245668    -0.1172357    -0.1095452    -0.1016014 -9.335616E-02 -8.483857E-02 -7.609252E-02
 -6.715967E-02 -5.803233E-02 -4.847351E-02 -3.886246E-02 -2.927567E-02 -1.982868E-02 -1.058688E-02 -1.538958E-03  7.285802E-03  1.584064E-02  2.304212E-02  2.901006E-02  3.475733E-02  3.935027E-02  4.291219E-02  4.635188E-02  4.966671E-02  5.286585E-02  5.595617E-02  5.894461E-02
  6.256411E-02  6.722207E-02  7.203995E-02  7.637873E-02  8.020401E-02  8.361683E-02  8.660609E-02  9.178023E-02  9.853501E-02     0.0994153             0
             0    -0.2414741    -0.2361801    -0.2313624    -0.2273707    -0.2226001     -0.216934    -0.2111502    -0.2065632    -0.2026464    -0.1984799    -0.1929567    -0.1845612    -0.1740045    -0.1625538    -0.1503589    -0.1376144    -0.1242676    -0.1103885 -9.606981E-02
    -0.0813987 -6.638117E-02 -5.064702E-02 -3.482219E-02 -1.905038E-02 -3.542533E-03  1.156879E-02  2.627327E-02  4.048825E-02  5.409758E-02  6.536003E-02  7.454061E-02  8.320449E-02  8.996017E-02  9.510031E-02  9.995817E-02     0.1045261     0.1088146     0.1128317     0.1165858
     0.1209644     0.1262537     0.1311676     0.1350514     0.1379234     0.1399488     0.1411945     0.1423202     0.1381792     0.1236252             0
             0    -0.3094196    -0.3079337    -0.3048982    -0.3017879    -0.2974704    -0.2916667    -0.2851121    -0.2795781    -0.2746796    -0.2693001    -0.2619678    -0.2504249    -0.2353847    -0.2186852    -0.2006227    -0.1816105    -0.1616321    -0.1408382    -0.1193925
 -9.743568E-02 -7.497683E-02 -5.146219E-02 -2.774706E-02 -4.026765E-03     0.0193992  4.233196E-02  6.474329E-02     0.0864695     0.1072659     0.1243852     0.1382151     0.1510747     0.1608799     0.1681917     0.1749298     0.1810647     0.1866004     0.1915405      0.195893
     0.2006187     0.2055934     0.2089875     0.2104267      0.210119     0.2084002     0.2055435     0.1980847     0.1758787     0.1430039             0
             0    -0.3659062    -0.3730002    -0.3751785    -0.3753496    -0.3738707    -0.3700923     -0.364239    -0.3584957    -0.3530182    -0.3466345    -0.3375152     -0.322396    -0.3018443    -0.2786088    -0.2533298    -0.2268895    -0.1993645    -0.1710108    -0.1420475
    -0.1126238 -8.268799E-02 -5.143307E-02 -1.980373E-02  1.204854E-02      0.043835  7.538123E-02     0.1067222     0.1376583     0.1678028     0.1929878     0.2134619     0.2324883     0.2468331     0.2573599     0.2668185     0.2750993     0.2821621     0.2879812     0.2925557
     0.2967532     0.2995027     0.2983636     0.2939995     0.2871748     0.2786215      0.268994     0.2485936     0.2050314     0.1559678             0
             0    -0.4097239    -0.4294322    -0.4408015    -0.4474382    -0.4524015    -0.4542599    -0.4516491    -0.4468492    -0.4412746    -0.4339011    -0.4224583    -0.4020642    -0.3733015    -0.3408474    -0.3060783    -0.2706624    -0.2347185    -0.1985185    -0.1622169
    -0.1258473 -8.918028E-02 -5.106722E-02 -1.237231E-02  2.692956E-02  6.671844E-02     0.1070255     0.1481581     0.1901103     0.2325654      0.269519     0.3004656     0.3299624     0.3525349     0.3690782     0.3837143     0.3960285     0.4057499     0.4126845     0.4167702
     0.4184377     0.4144898     0.4023709     0.3859028     0.3672085     0.3476517     0.3282997     0.2911767     0.2261702     0.1643681             0
             0    -0.4357437    -0.4675876    -0.4899444    -0.5054741    -0.5208887    -0.5338336      -0.53938    -0.5379398    -0.5331387     -0.524394    -0.5088224    -0.4790913    -0.4376505    -0.3930394    -0.3474578    -0.3031262    -0.2597562    -0.2172952    -0.1755958
    -0.1344249 -9.329496E-02 -5.072523E-02  -7.40937E-03  3.690673E-02  8.236286E-02     0.1293383     0.1786384     0.2308476     0.2863348     0.3377214     0.3831857     0.4292266     0.4666932     0.4951195     0.5208507     0.5424185     0.5584155     0.5675783     0.5693154
      0.562984     0.5415461     0.5066097     0.4694259     0.4337415     0.4007348      0.371076     0.3184325     0.2379912     0.1686902             0
             0    -0.4477894    -0.4866643    -0.5165141    -0.5390038    -0.5641626    -0.5900688    -0.6085199    -0.6142324    -0.6118059    -0.6004102    -0.5773248    -0.5341119    -0.4789048    -0.4237298    -0.3702242     -0.320152    -0.2724439    -0.2265799    -0.1820979
    -0.1385432 -9.525045E-02 -5.054545E-02 -5.009473E-03  4.175239E-02  9.005044E-02     0.1405099     0.1943205     0.2526236     0.3166316     0.3787179     0.4363494     0.4984556     0.5531732     0.5973528     0.6401584     0.6785154     0.7080749     0.7230352     0.7184268
     0.6942333     0.6428606     0.5793595     0.5216309     0.4719567      0.429349     0.3931205     0.3315117     0.2433048     0.1705627             0
             0    -0.4545497    -0.4978398    -0.5328864    -0.5607176    -0.5944933     -0.634582    -0.6728328    -0.6955554    -0.7027047    -0.6815748    -0.6412695      -0.57791    -0.5080331    -0.4437777    -0.3843589    -0.3303841    -0.2799079    -0.2319647    -0.1858329
    -0.1408937 -9.636097E-02 -5.043927E-02 -3.636605E-03  4.453163E-02  9.448764E-02     0.1470243     0.2036064     0.2658115     0.3355969     0.4055519     0.4729686     0.5496143     0.6226501     0.6861842      0.754103     0.8235252      0.887171     0.9265535      0.897296
     0.8294247     0.7297771     0.6336627      0.557058     0.4963088     0.4468286     0.4062233      0.338985     0.2462426     0.1715798             0
             0    -0.4580397    -0.5037882    -0.5419735    -0.5733646    -0.6138207     -0.668064    -0.7368662    -0.8105935    -0.8984516    -0.7965285    -0.7051052    -0.6109999    -0.5266974    -0.4555269    -0.3922401    -0.3359305    -0.2838862    -0.2348047    -0.1877895
    -0.1421195    -0.0969383 -5.038287E-02 -2.919884E-03  4.598529E-02  9.681859E-02     0.1504708     0.2085737     0.2729866     0.3461936     0.4211468     0.4953322     0.5833251     0.6734046     0.7585039     0.8617822     0.9916851      1.163571      1.405192      1.175844
     0.9766482     0.7999808     0.6702021     0.5784897     0.5101699      0.456422     0.4132612     0.3428881     0.2477443      0.172094             0
