 51            10 
             0 -1.195745E-02 -1.159531E-02 -1.129708E-02 -1.105956E-02 -1.078391E-02 -1.047099E-02 -1.016552E-02 -9.930896E-03 -9.734659E-03 -9.530074E-03 -9.264162E-03 -8.871207E-03 -8.392224E-03 -7.885361E-03  -7.35279E-03 -6.796822E-03 -6.219899E-03 -5.624574E-03    -0.0050135
 -4.389416E-03 -3.755143E-03 -3.113593E-03 -2.467792E-03    -0.0018208 -1.175644E-03 -5.352822E-04  9.743644E-05  7.197972E-04  1.329246E-03   1.84914E-03     0.0022851  2.710549E-03  3.055685E-03  3.326521E-03  3.591889E-03  3.851615E-03  4.105537E-03  4.353509E-03  4.595403E-03
  4.890028E-03  5.285924E-03  5.712583E-03   6.11308E-03  6.487273E-03  6.835227E-03  7.157202E-03   7.75005E-03   8.75463E-03  9.562985E-03             0
             0 -1.209084E-02 -1.172489E-02 -1.142311E-02    -0.0111826 -1.090333E-02 -1.058613E-02 -1.027631E-02 -1.003826E-02 -9.839098E-03 -9.631419E-03 -9.361422E-03 -8.962298E-03 -8.475596E-03 -7.960379E-03 -7.418858E-03 -6.853397E-03 -6.266494E-03 -5.660772E-03 -5.038957E-03
 -4.403866E-03 -3.758409E-03 -3.105589E-03 -2.448531E-03 -1.790394E-03  -1.13431E-03 -4.833413E-04  1.595613E-04   7.91583E-04  1.410075E-03  1.937268E-03  2.379048E-03  2.809856E-03  3.159053E-03  3.432913E-03  3.701078E-03  3.963369E-03  4.219621E-03  4.469689E-03  4.713442E-03
  5.010097E-03  5.408225E-03  5.836529E-03  6.237811E-03  6.611988E-03  6.959196E-03  7.279772E-03  7.868684E-03  8.859103E-03   9.64122E-03             0
             0 -1.417443E-02 -1.375358E-02    -0.0133988    -0.0131134 -1.277907E-02 -1.239615E-02 -1.201918E-02 -1.172789E-02 -1.148333E-02 -1.122743E-02 -1.089364E-02 -1.039789E-02 -9.789892E-03 -9.143003E-03 -8.460095E-03 -7.744344E-03 -6.999196E-03 -6.228335E-03  -5.43565E-03
 -4.625219E-03 -3.801299E-03 -2.968348E-03 -2.131071E-03  -1.29429E-03 -4.628443E-04  3.584815E-04  1.165018E-03  1.952272E-03  2.715986E-03  3.360178E-03  3.895112E-03  4.411438E-03   4.82518E-03  5.146965E-03   5.45926E-03   5.76182E-03  6.054437E-03   6.33694E-03  6.609195E-03
  6.936585E-03  7.367584E-03   7.81845E-03  8.228117E-03   8.59757E-03  8.928207E-03  9.221763E-03  9.738698E-03  1.048683E-02  1.084346E-02             0
             0 -1.589056E-02 -1.545489E-02 -1.507401E-02 -1.476309E-02 -1.439395E-02 -1.396586E-02 -1.353957E-02 -1.320755E-02 -1.292739E-02 -1.263286E-02 -1.224698E-02 -1.167035E-02 -1.095802E-02 -1.019549E-02 -9.386395E-03 -8.534862E-03 -7.645375E-03 -6.722713E-03 -5.771891E-03
 -4.798132E-03  -3.80688E-03 -2.803857E-03 -1.795185E-03 -7.872199E-04  2.135473E-04  1.200552E-03  2.167216E-03   3.10701E-03  4.013554E-03  4.772337E-03  5.397786E-03  5.996091E-03  6.470416E-03  6.836311E-03  7.188208E-03  7.525738E-03  7.848607E-03     0.0081566  8.449576E-03
  8.796949E-03  9.243745E-03  9.695031E-03  1.008905E-02  1.042874E-02  1.071765E-02  1.095975E-02  1.135868E-02  1.179513E-02  1.172575E-02             0
             0 -1.707148E-02 -1.665251E-02    -0.0162698 -1.595198E-02 -1.556873E-02 -1.511787E-02 -1.466298E-02 -1.430551E-02 -1.400224E-02 -1.368178E-02 -1.325995E-02 -1.262565E-02 -1.183664E-02 -1.098744E-02 -1.008276E-02 -9.127794E-03 -8.128121E-03 -7.089493E-03 -6.017779E-03
 -4.918936E-03 -3.799059E-03 -2.664518E-03 -1.522171E-03 -3.792158E-04  7.568693E-04  1.878318E-03  2.977065E-03  4.044756E-03  5.072812E-03  5.930101E-03  6.633576E-03   7.30229E-03  7.827966E-03  8.230647E-03   8.61476E-03  8.979714E-03  9.325052E-03   9.65046E-03  9.955779E-03
  1.031231E-02  1.075917E-02  1.119268E-02  1.155368E-02  1.184806E-02  1.208241E-02  1.226352E-02  1.253253E-02     0.0126784  1.228101E-02             0
             0 -1.785481E-02 -1.746658E-02    -0.0170955    -0.0167819 -1.639765E-02 -1.593884E-02 -1.546945E-02    -0.0150971 -1.477939E-02    -0.0144419 -1.399558E-02 -1.332034E-02 -1.247518E-02 -1.156174E-02 -1.058605E-02 -9.554626E-03 -8.474079E-03  -7.35097E-03 -6.191708E-03
 -5.002578E-03 -3.789841E-03 -2.559957E-03 -1.319898E-03 -7.701744E-05  1.160942E-03  2.385755E-03  3.588585E-03  4.759857E-03  5.889175E-03  6.830826E-03  7.602265E-03  8.333004E-03  8.903986E-03  9.338873E-03  9.750683E-03  1.013841E-02  1.050129E-02  1.083881E-02  1.115076E-02
  1.150883E-02  1.194444E-02  1.234746E-02     0.0126645     0.0129057  1.308141E-02  1.320141E-02  1.334775E-02  1.325574E-02  1.262607E-02             0
             0 -1.826513E-02 -1.790322E-02    -0.0175459 -1.724016E-02 -1.686117E-02    -0.0164034 -1.592977E-02 -1.555103E-02 -1.522626E-02 -1.487975E-02 -1.441969E-02 -1.372034E-02 -1.284127E-02 -1.188902E-02 -1.087099E-02 -9.794708E-03 -8.667522E-03 -7.496405E-03  -6.28795E-03
 -5.048443E-03 -3.784023E-03 -2.500952E-03 -1.205992E-03  9.372713E-05  1.390672E-03  2.676758E-03  3.943138E-03  5.179948E-03  6.376045E-03  7.375934E-03   8.19595E-03  8.972491E-03  9.577795E-03  1.003729E-02  1.047019E-02  1.087488E-02  1.125004E-02  1.159481E-02  1.190886E-02
  1.226332E-02  1.268204E-02  1.305209E-02  1.332785E-02  1.352389E-02  1.365371E-02     0.0137291      0.013791  1.355482E-02  1.279876E-02             0
             0 -1.844434E-02 -1.809627E-02 -1.774697E-02    -0.0174463 -1.707145E-02 -1.661601E-02 -1.614186E-02 -1.576088E-02 -1.543322E-02 -1.508266E-02 -1.461613E-02 -1.390505E-02 -1.300943E-02 -1.203849E-02 -1.100042E-02 -9.903258E-03 -8.754651E-03 -7.561713E-03 -6.331061E-03
 -5.068928E-03 -3.781338E-03 -2.474407E-03 -1.154736E-03  1.707222E-04  1.494621E-03  2.809058E-03  4.105335E-03  5.373655E-03  6.602766E-03  7.632489E-03  8.478203E-03  9.279877E-03  9.904765E-03  1.037864E-02     0.0108241  1.123894E-02  1.162128E-02  1.196981E-02  1.228404E-02
  1.263448E-02  1.304019E-02  1.338837E-02     0.0136392  1.380983E-02  1.391518E-02  1.396777E-02  1.398795E-02     0.0136848  1.287271E-02             0
             0 -1.854206E-02 -1.820219E-02 -1.785789E-02 -1.756052E-02 -1.718859E-02 -1.673518E-02 -1.626133E-02 -1.587941E-02 -1.555026E-02 -1.519742E-02 -1.472711E-02 -1.400908E-02 -1.310371E-02 -1.212195E-02 -1.107244E-02 -9.963489E-03  -8.80289E-03  -7.59781E-03 -6.354861E-03
 -5.080223E-03 -3.779842E-03 -2.459734E-03 -1.126396E-03  2.133419E-04  1.552263E-03  2.882606E-03  4.195806E-03  5.482177E-03  6.730512E-03  7.777998E-03  8.639358E-03  9.456775E-03  1.009438E-02  1.057785E-02  1.103193E-02  1.145392E-02  1.184135E-02  1.219238E-02  1.250621E-02
     0.0128529  1.324842E-02  1.358126E-02  1.381578E-02  1.397053E-02  1.406109E-02  1.410022E-02  1.409625E-02     0.0137555  1.291265E-02             0
             0 -1.859159E-02 -1.825609E-02 -1.791454E-02 -1.761905E-02 -1.724887E-02 -1.679683E-02 -1.632347E-02 -1.594125E-02 -1.561139E-02 -1.525735E-02 -1.478496E-02 -1.406308E-02 -1.315245E-02 -1.216494E-02 -1.110943E-02 -9.994361E-03 -8.827576E-03 -7.616262E-03 -6.367017E-03
 -5.085988E-03 -3.779074E-03 -2.452237E-03  -1.11191E-03   2.35142E-04  1.581782E-03  2.920333E-03   4.24232E-03  5.538141E-03  6.796661E-03  7.853725E-03  8.723686E-03  9.549998E-03  1.019507E-02  1.068438E-02  1.114396E-02  1.157075E-02  1.196178E-02  1.231456E-02  1.262768E-02
  1.297115E-02  1.335945E-02  1.368273E-02  1.390776E-02  1.405365E-02  1.413617E-02  1.416812E-02  1.415143E-02  1.379127E-02  1.293277E-02             0
