 51            10 
             0    -0.1700612    -0.1649157    -0.1607939     -0.157536    -0.1537726    -0.1495064     -0.145338    -0.1421311    -0.1394453    -0.1366409    -0.1329904    -0.1275838    -0.1209787    -0.1139827    -0.1066374 -9.898615E-02 -9.106933E-02 -8.293146E-02 -7.462604E-02
 -6.623507E-02 -5.800918E-02     -0.049768 -3.986031E-02 -3.021134E-02 -2.081939E-02 -1.168854E-02 -2.831429E-03  5.730157E-03  1.396641E-02  2.085675E-02  2.653902E-02  3.197841E-02  3.629126E-02  3.961547E-02  4.280597E-02  4.585435E-02  4.875126E-02  5.148609E-02  5.404685E-02
     0.0570137     0.0613208  6.594662E-02  7.059377E-02      0.075297  7.928041E-02       0.08266  8.837836E-02  9.586278E-02  9.775797E-02             0
             0    -0.1746372    -0.1694483     -0.165251     -0.161935    -0.1581161    -0.1537758    -0.1495197    -0.1462356    -0.1434792    -0.1405945      -0.13683    -0.1312335    -0.1243679    -0.1170744    -0.1094164     -0.101461    -0.0932185 -8.472495E-02 -7.603529E-02
 -6.723513E-02 -5.854313E-02 -4.919547E-02 -3.901191E-02    -0.0292315 -1.968195E-02 -1.035134E-02 -1.249004E-03  7.597102E-03  1.614798E-02  2.333344E-02  2.928136E-02  3.500182E-02  3.956602E-02  4.310303E-02  4.652075E-02  4.981513E-02  5.298238E-02  5.601519E-02  5.889729E-02
     0.0622664  6.698713E-02  7.178886E-02  7.622913E-02  8.020342E-02  8.363651E-02  8.662444E-02  9.177708E-02  9.849302E-02  9.940603E-02             0
             0    -0.2411627    -0.2358498    -0.2310446      -0.22706      -0.22226    -0.2165695    -0.2107675    -0.2061688    -0.2022441    -0.1980721    -0.1925475    -0.1841684      -0.17365    -0.1622634    -0.1501263    -0.1373685    -0.1240307    -0.1101935 -9.596767E-02
 -8.151234E-02 -6.720525E-02 -5.180746E-02 -3.503135E-02 -1.893478E-02 -3.252737E-03  1.201065E-02  2.681111E-02  4.106821E-02  5.467855E-02  6.592161E-02  7.507567E-02  8.370269E-02     0.0904182  9.552354E-02     0.1003511     0.1048926     0.1091415     0.1130888     0.1167163
     0.1208016     0.1261454     0.1310587     0.1350077     0.1379867     0.1400081     0.1412345     0.1423113     0.1380834     0.1235981             0
             0    -0.3089108    -0.3073132    -0.3042212    -0.3010884    -0.2967046    -0.2908379    -0.2842363    -0.2786752    -0.2737601     -0.268371     -0.261039    -0.2495325    -0.2345809    -0.2180129    -0.2000856    -0.1810898    -0.1611532    -0.1404426    -0.1191483
 -9.751587E-02 -7.610709E-02    -0.0530711 -2.790998E-02 -3.677706E-03  2.004058E-02  4.324266E-02  6.584729E-02  8.769231E-02     0.1085494      0.125692      0.139525     0.1523681     0.1621402     0.1694175     0.1761222     0.1822285     0.1877182     0.1925762     0.1967846
     0.2011933     0.2061359     0.2095145      0.210857     0.2104775     0.2086676     0.2057335     0.1981467     0.1757531     0.1429624             0
             0    -0.3651007    -0.3718185    -0.3737126    -0.3737425    -0.3720653    -0.3680886    -0.3620941    -0.3562803     -0.350767    -0.3443718    -0.3352734    -0.3202695     -0.299968    -0.2770489    -0.2521168    -0.2258124    -0.1984324    -0.1702575    -0.1415428
    -0.1125743 -8.403113E-02 -5.337788E-02 -1.979317E-02  1.278419E-02     0.0450244  7.702568E-02     0.1087524     0.1400078     0.1704264     0.1958351     0.2164871     0.2356642     0.2500961     0.2606688     0.2701565     0.2784611     0.2855104     0.2912579     0.2956842
     0.2995693     0.3019668     0.3006283     0.2956738     0.2882903     0.2794044     0.2695471     0.2488245     0.2049067     0.1559175             0
             0    -0.4085522     -0.427361    -0.4379065    -0.4440602    -0.4484168    -0.4496368    -0.4465702    -0.4415637    -0.4359054    -0.4285392    -0.4172223     -0.397242    -0.3692266    -0.3375815    -0.3036583    -0.2686767    -0.2331051    -0.1972631    -0.1613597
    -0.1255995 -9.064465E-02 -5.323293E-02 -1.211869E-02  2.812702E-02  6.857129E-02     0.1096003     0.1514498     0.1941404     0.2374082     0.2751885      0.306914     0.3372268     0.3604556     0.3774793     0.3925326     0.4052072     0.4151552     0.4221409     0.4260994
     0.4274437     0.4220196     0.4088014     0.3903533     0.3698925     0.3494163      0.329494     0.2916612      0.226065     0.1643128             0
             0    -0.4342626    -0.4645523    -0.4852284    -0.4996034    -0.5134802     -0.524633    -0.5287783     -0.526709    -0.5216944    -0.5130616     -0.498014    -0.4696435    -0.4301973    -0.3874203    -0.3435423     -0.300126    -0.2574493    -0.2155672    -0.1744253
    -0.1339986 -9.480394E-02 -5.299814E-02 -6.954489E-03  3.847045E-02  8.476381E-02     0.1327341     0.1831466     0.2366867     0.2938954     0.3473318     0.3949946     0.4437051      0.483723      0.514266     0.5420667     0.5655349     0.5829327     0.5927424     0.5943305
      0.587225     0.5604796     0.5211096     0.4786739     0.4388154     0.4038197     0.3730462     0.3191648     0.2379073     0.1686327             0
             0    -0.4461412    -0.4830284    -0.5105119    -0.5312023    -0.5537668    -0.5763078    -0.5917693    -0.5960389     -0.593116    -0.5821037    -0.5603482    -0.5201027    -0.4685451    -0.4163121    -0.3652757    -0.3165064    -0.2697231    -0.2245834    -0.1807558
      -0.13802 -9.677376E-02 -5.286261E-02 -4.449461E-03  4.350645E-02  9.274389E-02     0.1443618     0.1995443     0.2596104     0.3260942     0.3914159     0.4528407     0.5200765     0.5803883     0.6297076     0.6781181      0.722124     0.7562934     0.7735423     0.7681831
      0.741048     0.6765739     0.6024916     0.5353822      0.478992     0.4334002     0.3956113     0.3323883      0.243233     0.1705044             0
             0    -0.4528006     -0.493812    -0.5259778    -0.5514656    -0.5816396    -0.6166218    -0.6497347    -0.6693972    -0.6744223    -0.6552987    -0.6179393    -0.5597188    -0.4952988    -0.4350177    -0.3786914    -0.3263121    -0.2769237     -0.229802    -0.1843864
     -0.140312 -9.789053E-02 -5.277976E-02  -3.01435E-03  4.639835E-02  9.735675E-02     0.1511562     0.2092831     0.2735568     0.3463924      0.420578     0.4932705     0.5776362     0.6600126     0.7329404     0.8122483     0.8945596     0.9703124      1.016579     0.9834825
     0.9060414     0.7803598     0.6650254     0.5746647     0.5048627     0.4515727     0.4090676     0.3399521      0.246178     0.1715209             0
             0    -0.4562359     -0.499536    -0.5345123     -0.563175    -0.5992306    -0.6467603    -0.7076147      -0.77066    -0.8196322    -0.7564756    -0.6756221     -0.589487    -0.5122941    -0.4459031    -0.3861385     -0.331612    -0.2807541    -0.2325504    -0.1862864
    -0.1415064 -9.847048E-02    -0.0527349 -2.264448E-03  4.791211E-02  9.978234E-02      0.154756     0.2145039     0.2811706     0.3577972     0.4376763     0.5182758     0.6162313     0.7194512     0.8189555     0.9417627       1.09726      1.299017      1.565251      1.316391
      1.089386     0.8675711      0.708307     0.5989132     0.5197281     0.4615936     0.4163141     0.3439055     0.2476837     0.1720349             0
