 51            10 
             0    -0.1699453    -0.1648045    -0.1606868    -0.1574309    -0.1536683    -0.1494025     -0.145235     -0.142029    -0.1393441    -0.1365411    -0.1328926    -0.1274901    -0.1208914    -0.1139029    -0.1065648 -9.892006E-02 -9.101214E-02 -8.288909E-02 -7.460815E-02
 -6.625222E-02 -5.819658E-02 -4.857775E-02 -3.596645E-02 -2.609572E-02 -1.745751E-02 -9.444644E-03  -1.82326E-03  5.486151E-03  1.249977E-02       0.01837  2.322146E-02  2.788454E-02  3.160683E-02  3.449479E-02  3.729106E-02  3.999409E-02  4.260267E-02  4.511597E-02  4.753352E-02
  5.043568E-02  5.424793E-02     0.0582246  6.182583E-02  6.505805E-02  6.792982E-02  7.045474E-02  7.484496E-02  8.078814E-02  8.154461E-02             0
             0     -0.174431    -0.1692454    -0.1650621    -0.1617518     -0.157925    -0.1535768    -0.1493152    -0.1460282    -0.1432701    -0.1403851    -0.1366225     -0.131035     -0.124188    -0.1169206    -0.1092842    -0.1013303 -9.309496E-02    -0.0846222 -7.597117E-02
 -6.723338E-02 -5.881578E-02 -4.859668E-02 -3.850005E-02 -2.872046E-02 -1.912252E-02 -9.741489E-03 -6.125692E-04  8.228295E-03  1.674399E-02  2.387827E-02  2.977225E-02  3.543117E-02  3.994043E-02  4.343352E-02  4.680932E-02  5.006532E-02  5.319955E-02  5.621065E-02  5.909828E-02
  6.255552E-02  6.709326E-02  7.180911E-02  7.606583E-02  7.986744E-02  8.320855E-02  8.611427E-02  9.111004E-02  9.758666E-02  9.852953E-02             0
             0    -0.2408608    -0.2355377    -0.2307401    -0.2267573    -0.2219417    -0.2162354    -0.2104216    -0.2058161    -0.2018875    -0.1977138    -0.1921912    -0.1838261    -0.1733389    -0.1619971    -0.1498989    -0.1371479    -0.1238249    -0.1100238 -9.586135E-02
 -8.150553E-02 -6.764235E-02 -5.085378E-02 -3.419187E-02 -1.805863E-02 -2.255165E-03  1.313472E-02  2.802256E-02  4.231336E-02  5.590539E-02  6.709525E-02  7.618412E-02  8.472977E-02  9.136765E-02  9.640838E-02     0.1011715     0.1056506      0.109841     0.1137401     0.1173475
     0.1214963     0.1265759     0.1312975     0.1349908     0.1377329     0.1395934     0.1406731     0.1414772     0.1368341     0.1225071             0
             0    -0.3084379    -0.3067571    -0.3036216    -0.3004637    -0.2960352    -0.2901236    -0.2834892    -0.2779106     -0.272986    -0.2675934    -0.2602663    -0.2487907    -0.2339088    -0.2174365    -0.1996021    -0.1806449    -0.1607529     -0.140112    -0.1189202
 -9.743116E-02 -7.665708E-02 -5.147948E-02 -2.638108E-02 -1.985132E-03  2.202943E-02  4.554399E-02  6.840993E-02  9.043972E-02     0.1114024     0.1285744     0.1423952     0.1551901     0.1648947     0.1721062     0.1787364     0.1847616     0.1901641     0.1949337     0.1990681
     0.2034509     0.2079961     0.2109443     0.2118739     0.2111163     0.2089663     0.2057173     0.1975582     0.1743228     0.1416913             0
             0    -0.3643821    -0.3708084    -0.3724899    -0.3723934    -0.3705659    -0.3664404    -0.3603418    -0.3544785    -0.3489425    -0.3425443    -0.3334693    -0.3185603    -0.2984512    -0.2757716    -0.2510834    -0.2249224    -0.1976729    -0.1696433    -0.1410993
    -0.1123324 -8.460905E-02 -5.101101E-02 -1.738361E-02  1.554488E-02  4.833246E-02  8.093007E-02     0.1132125      0.144945     0.1757492     0.2014123     0.2222237     0.2414947     0.2559463     0.2665043     0.2759486     0.2841824     0.2911299     0.2967432     0.3010076
     0.3046775     0.3065087     0.3043159     0.2986948     0.2907008     0.2811484     0.2706758     0.2488649     0.2034711     0.1545382             0
             0    -0.4075369    -0.4256433    -0.4355734    -0.4413186    -0.4452004    -0.4459302    -0.4425155    -0.4373546    -0.4316386    -0.4242875    -0.4130819    -0.3934349    -0.3659911    -0.3349716    -0.3016556    -0.2670664    -0.2318096     -0.196254    -0.1606305
    -0.1251522    -0.0911924 -5.010926E-02 -8.838295E-03  3.195812E-02  7.322702E-02     0.1151869     0.1579683     0.2015443     0.2456278     0.2840424     0.3162398     0.3469293     0.3703734     0.3875116     0.4026193     0.4152852      0.425146     0.4319446     0.4355877
     0.4363216     0.4301856     0.4154499     0.3960197     0.3746713     0.3530554     0.3320979     0.2924924     0.2247056     0.1628708             0
             0    -0.4329993    -0.4620747    -0.4814945    -0.4949169    -0.5075771    -0.5173164    -0.5203179    -0.5177147    -0.5125248     -0.504012    -0.4894442    -0.4622101    -0.4243172    -0.3829775    -0.3403434    -0.2977149    -0.2556106    -0.2141884    -0.1734455
    -0.1333798 -9.530703E-02 -4.936126E-02 -3.083836E-03  4.303399E-02  9.035935E-02     0.1395257     0.1911887      0.245986      0.304433     0.3589082     0.4073987     0.4568353      0.497342     0.5282049     0.5562485     0.5798675     0.5972658     0.6068237     0.6077585
     0.5991103     0.5717018     0.5301138     0.4865232     0.4456698     0.4090733     0.3768686       0.32061     0.2366231     0.1671613             0
             0    -0.4447446    -0.4800792    -0.5057929    -0.5250062    -0.5454811    -0.5652116    -0.5778275    -0.5804552    -0.5769708    -0.5664605    -0.5462912    -0.5088987    -0.4603389     -0.410458     -0.361248    -0.3135858    -0.2675607    -0.2229952    -0.1796392
    -0.1373104 -9.725054E-02 -4.897691E-02 -2.932257E-04  4.842577E-02  9.880008E-02     0.1517517      0.208355     0.2698841     0.3378498     0.4044567     0.4669416     0.5351667     0.5962472     0.6461849     0.6952589     0.7399911      0.774803      0.792096     0.7851478
     0.7542828     0.6890095     0.6124423     0.5442435     0.4869764     0.4395236     0.4000778     0.3341466     0.2419887     0.1690209             0
             0    -0.4513235    -0.4905555    -0.5205645    -0.5441227    -0.5713129    -0.6016388    -0.6286318    -0.6435981    -0.6469554     -0.629439     -0.596722     -0.544644    -0.4851038    -0.4280933    -0.3740834    -0.3230542    -0.2745553    -0.2280841     -0.183187
    -0.1395482 -9.835101E-02 -4.875167E-02  1.305115E-03  5.152141E-02     0.1036779     0.1588925     0.2185425     0.2844047     0.3588746     0.4345065     0.5084261     0.5940199     0.6775551     0.7517048     0.8328814     0.9182559      0.998682       1.04988      1.009512
     0.9213502     0.7930882     0.6752882     0.5839996     0.5135269     0.4582203     0.4139186     0.3418937     0.2449575      0.170031             0
             0    -0.4547153    -0.4961037    -0.5286742    -0.5550739    -0.5873498    -0.6280304    -0.6771021    -0.7288654    -0.7784489    -0.7146209    -0.6449981    -0.5706801    -0.5005836    -0.4382707    -0.3811766    -0.3281585      -0.27827    -0.2307612     -0.185042
    -0.1407134 -9.892206E-02 -4.863247E-02  2.140149E-03  5.314156E-02     0.1062422     0.1626744     0.2240004      0.292324     0.3706697     0.4520897     0.5340301      0.633437     0.7383689     0.8402505     0.9679893      1.134894      1.365437      1.722872      1.380094
      1.111664     0.8802268     0.7185552     0.6083972     0.5287552     0.4685241     0.4213712     0.3459442     0.2464758     0.1705418             0
