 51            10 
             0    -0.1699971     -0.164854    -0.1607346    -0.1574778    -0.1537146    -0.1494484    -0.1452802    -0.1420737    -0.1393883    -0.1365846    -0.1329351    -0.1275309    -0.1209296    -0.1139381     -0.106597 -9.894953E-02 -9.103812E-02 -8.291019E-02 -7.462383E-02
 -6.626327E-02    -0.0579489 -4.846676E-02 -3.900203E-02    -0.0296178 -2.036904E-02 -1.130261E-02 -2.459893E-03  6.120689E-03  1.440253E-02  2.135721E-02  2.711471E-02  3.265589E-02  3.708386E-02     0.0405215  4.385195E-02     0.0470732  5.018375E-02  5.318263E-02  5.606946E-02
  5.953813E-02  6.410256E-02  6.887694E-02  7.321336E-02  7.711671E-02  8.059228E-02  8.365384E-02  8.898729E-02  9.626556E-02  9.819988E-02             0
             0    -0.1745157     -0.169328    -0.1651401     -0.161828    -0.1580028    -0.1536568    -0.1493966    -0.1461101    -0.1433522     -0.140467    -0.1367033    -0.1311123    -0.1242587    -0.1169825    -0.1093389    -0.1013827 -9.314374E-02    -0.0846635 -7.600132E-02
 -6.724878E-02 -5.854854E-02 -4.879305E-02    -0.0389178 -2.915221E-02 -1.956131E-02 -1.018135E-02 -1.042465E-03  7.822502E-03  1.637669E-02  2.355546E-02  2.949291E-02  3.519892E-02  3.974878E-02  4.327426E-02     0.0466817  4.996801E-02  5.313074E-02  5.616824E-02  5.908031E-02
  6.256768E-02  6.716695E-02  7.196585E-02  7.632163E-02  8.022953E-02  8.366056E-02     0.0866448  9.178068E-02  9.846681E-02  9.940425E-02             0
             0     -0.240984    -0.2356632    -0.2308631    -0.2268799    -0.2220684    -0.2163667    -0.2105562    -0.2059524    -0.2020246    -0.1978509    -0.1923269    -0.1839564     -0.173458    -0.1621012      -0.14999    -0.1372338    -0.1239039    -0.1100899 -9.590916E-02
 -8.153047E-02 -6.720544E-02 -5.112658E-02    -0.0348489 -1.876693E-02  -3.00758E-03  1.234564E-02     0.0272142  4.150968E-02  5.513215E-02  6.636941E-02  7.551021E-02  8.411686E-02     0.0908109  9.589828E-02     0.1007089     0.1052354     0.1094727     0.1134175     0.1170695
     0.1212747     0.1264564     0.1313163     0.1351599     0.1380616     0.1400659     0.1412759     0.1423155     0.1380209     0.1235836             0
             0    -0.3086252    -0.3069717    -0.3038507    -0.3007021    -0.2962877    -0.2903904    -0.2837662    -0.2781927    -0.2732705    -0.2678783    -0.2605485    -0.2490614    -0.2341552    -0.2176507    -0.1997854    -0.1808107    -0.1609007    -0.1402352     -0.119014
 -9.749452E-02 -7.604519E-02 -5.195602E-02 -2.751475E-02 -3.279032E-03     0.0205835  4.395428E-02     0.0667006  8.864716E-02      0.109569     0.1267436       0.14059     0.1534324     0.1631926     0.1704557     0.1771437     0.1832315     0.1887006       0.19354     0.1977469
     0.2022243     0.2069267     0.2101052     0.2112711     0.2107791     0.2088954     0.2059014     0.1982147      0.175675     0.1429388             0
             0    -0.3646578    -0.3711829    -0.3729356    -0.3728841    -0.3711073    -0.3670312    -0.3609668     -0.355119    -0.3495897    -0.3431913    -0.3341068    -0.3191641    -0.2989891    -0.2762285    -0.2514594    -0.2252436    -0.1979456    -0.1698655    -0.1412713
    -0.1124621 -8.385472E-02    -0.0517584 -1.909644E-02  1.352552E-02  4.601107E-02     0.0783103     0.1103215     0.1418318     0.1724792     0.1980723     0.2188695     0.2381719     0.2526841     0.2633058      0.272826     0.2811444     0.2881817     0.2938871     0.2982435
     0.3020264     0.3040116     0.3021019     0.2967615     0.2891467     0.2800303     0.2700008     0.2490299     0.2048353     0.1558886             0
             0    -0.4079174    -0.4262631    -0.4363994    -0.4422878    -0.4463321    -0.4472279    -0.4439308    -0.4388215    -0.4331238    -0.4257655    -0.4145191    -0.3947556    -0.3671174    -0.3358852    -0.3023677    -0.2676365    -0.2322671    -0.1966126     -0.160904
    -0.1253634 -9.033042E-02 -5.111995E-02 -1.109478E-02  2.925602E-02  7.007833E-02     0.1115923     0.1539668     0.1972196     0.2411112     0.2795151     0.3118229     0.3427474     0.3664777     0.3838753     0.3992523     0.4121716      0.422242     0.4291826     0.4328861
     0.4335927     0.4272092     0.4123937     0.3929234     0.3718652     0.3507764     0.3304352     0.2920647      0.226013     0.1642811             0
             0    -0.4334664    -0.4629558    -0.4827965    -0.4965508    -0.5096304    -0.5198605     -0.523274    -0.5208742    -0.5157526    -0.5071858    -0.4924279    -0.4647796    -0.4263496    -0.3845176    -0.3414684    -0.2985606    -0.2562545    -0.2146741    -0.1738069
    -0.1336566 -9.438273E-02 -5.054419E-02  -5.68992E-03  3.989699E-02  8.669101E-02     0.1353375     0.1865586     0.2410883     0.2995777      0.354524     0.4038067     0.4545036     0.4964623     0.5286472     0.5580789     0.5829933     0.6013774     0.6113788     0.6120766
     0.6023995     0.5725496     0.5288514      0.483746     0.4424529      0.406149     0.3745657     0.3197573     0.2378739     0.1685998             0
             0    -0.4452581     -0.481122    -0.5074291     -0.527158    -0.5483664    -0.5691277    -0.5829307    -0.5864208    -0.5833384    -0.5724412    -0.5514225    -0.5128357    -0.4631849    -0.4124838    -0.3626597    -0.3146069    -0.2683156    -0.2235527    -0.1800483
    -0.1376215 -9.629779E-02 -5.024156E-02 -3.064054E-03  4.508575E-02  9.489331E-02     0.1473024     0.2034788     0.2648459     0.3331576     0.4008603      0.465101     0.5362296      0.600965     0.6545262     0.7078138     0.7569682      0.795585     0.8146985     0.8061828
     0.7707278     0.6974413     0.6147233     0.5427223     0.4839743     0.4364333      0.397516     0.3330897     0.2432096     0.1704711             0
             0     -0.451865    -0.4917035    -0.5224369    -0.5466727    -0.5749401    -0.6071261     -0.637306    -0.6563789    -0.6637814    -0.6422348    -0.6054233    -0.5501465    -0.4886756     -0.430493    -0.3756967    -0.3241915    -0.2753808    -0.2286859     -0.183625
    -0.1398796 -9.738243E-02 -5.006253E-02 -1.558614E-03  4.806758E-02  9.963907E-02     0.1543029     0.2135476     0.2793427     0.3544256     0.4317343     0.5083871     0.5987601     0.6889065     0.7702773     0.8609778     0.9581791      1.051461      1.111493      1.062775
      0.958771     0.8114074     0.6816006     0.5838842     0.5108736     0.4551081     0.4112331     0.3407217     0.2461608     0.1714875             0
             0    -0.4552718    -0.4973119    -0.5306918    -0.5578935     -0.591586     -0.635353    -0.6929255    -0.7682747    -0.8943363    -0.7540448    -0.6608472    -0.5780132    -0.5047531    -0.4409243    -0.3829139    -0.3293633    -0.2791351    -0.2313875    -0.1854957
    -0.1410558 -9.794535E-02 -4.996727E-02 -7.716017E-04  4.962916E-02     0.1021361     0.1580153     0.2189527     0.2872748     0.3664203     0.4499503     0.5354205     0.6413366     0.7561318     0.8699872      1.016081      1.211623      1.486879       1.89753      1.503021
      1.180507     0.9094595     0.7285382      0.609458     0.5264107     0.4654376      0.418633     0.3447129     0.2476698     0.1720013             0
