 51            10 
             0    -0.1727049    -0.1676513    -0.1637037     -0.160505    -0.1567481    -0.1525458    -0.1484906    -0.1453993    -0.1428261     -0.140156     -0.136702    -0.1316355    -0.1254205    -0.1185777    -0.1107954    -0.1023563    -0.0941402 -8.566257E-02 -7.689967E-02
 -6.819131E-02 -5.956201E-02 -5.064623E-02 -4.150707E-02    -0.0326144 -2.356246E-02    -0.0144187 -5.707665E-03  2.984691E-03     0.0116087  1.867436E-02  2.441736E-02  2.983482E-02  3.406193E-02  3.728033E-02     0.0405431  4.384058E-02  4.695247E-02     0.0498722  5.281486E-02
  5.651563E-02  6.114261E-02  6.602985E-02  7.050724E-02  7.419001E-02  7.793515E-02     0.0816678  8.778404E-02  9.550507E-02  9.620045E-02             0
             0    -0.1764536    -0.1713363    -0.1673071    -0.1640422    -0.1602072    -0.1559005    -0.1517253    -0.1485313    -0.1458666    -0.1430956    -0.1395041    -0.1342231    -0.1277397    -0.1206135    -0.1125674    -0.1038952 -9.542536E-02 -8.665472E-02 -7.756734E-02
 -6.850137E-02 -5.948638E-02 -5.017726E-02 -4.065615E-02 -3.138864E-02 -2.198499E-02 -1.252566E-02 -3.515891E-03   5.47041E-03  1.437154E-02  2.167435E-02  2.762033E-02  3.323867E-02  3.762547E-02  4.096125E-02  4.432946E-02  4.771638E-02  5.090271E-02  5.388508E-02  5.688181E-02
  6.063144E-02  6.530861E-02  7.023243E-02  7.471238E-02  7.838394E-02  8.203767E-02  8.554443E-02     0.0911982  9.816784E-02  9.863394E-02             0
             0     -0.243764    -0.2386791    -0.2341848     -0.230348    -0.2256225    -0.2200668    -0.2144441     -0.210013    -0.2062471    -0.2022623    -0.1970126    -0.1891192    -0.1791738    -0.1680113    -0.1552049     -0.141242    -0.1275251    -0.1132365    -0.0983642
 -8.347777E-02    -0.0686442 -5.331213E-02 -3.763144E-02 -2.238642E-02 -6.957261E-03  8.503907E-03     0.0231428  3.761545E-02  5.179043E-02  6.323896E-02  7.241935E-02  8.093212E-02     0.0874269  9.227611E-02     0.0970697     0.1017879     0.1061187     0.1100589     0.1138894
     0.1185269     0.1239859     0.1291815     0.1333919     0.1363342     0.1385975      0.140232     0.1417804     0.1382193     0.1228396             0
             0    -0.3131786    -0.3125685     -0.310341    -0.3078077     -0.303986    -0.2986991    -0.2926031    -0.2874016    -0.2827767    -0.2776852    -0.2707424    -0.2598446    -0.2455095    -0.2289547    -0.2096477    -0.1884292    -0.1676363    -0.1460243    -0.1235876
    -0.1011876 -7.891221E-02 -5.591105E-02 -3.237895E-02 -9.463112E-03  1.379367E-02  3.717319E-02  5.938011E-02      0.081383      0.102921     0.1202302     0.1339981     0.1465968     0.1560179     0.1629246     0.1695943     0.1759902      0.181672     0.1866341     0.1912144
     0.1964495     0.2019559     0.2060607     0.2082579     0.2086221     0.2072029     0.2044538     0.1973429      0.176279     0.1422025             0
             0    -0.3718961    -0.3817817    -0.3862842    -0.3883986    -0.3889424    -0.3870544    -0.3825837    -0.3776263    -0.3726634    -0.3666864    -0.3579625    -0.3432517    -0.3228216    -0.2986993    -0.2705037    -0.2397521    -0.2102068    -0.1800528    -0.1492258
    -0.1188349 -8.888651E-02 -5.812231E-02 -2.667375E-02  4.053303E-03  3.546901E-02  6.737771E-02  9.809726E-02      0.129019     0.1597309     0.1847232     0.2047107     0.2229948     0.2365393     0.2463348     0.2555886     0.2642064     0.2715429     0.2775715     0.2826653
      0.287854     0.2919466     0.2925211     0.2898798     0.2850162     0.2771039     0.2672663     0.2473187      0.205659     0.1551682             0
             0    -0.4184779    -0.4448003    -0.4621854    -0.4743292    -0.4856306    -0.4936326    -0.4953906    -0.4927215    -0.4882112    -0.4812398    -0.4695476    -0.4476421    -0.4159878    -0.3790675    -0.3372784    -0.2932707    -0.2527211     -0.212831     -0.173195
    -0.1349654 -9.785982E-02 -6.007391E-02 -2.152467E-02  1.629802E-02  5.537501E-02  9.568992E-02     0.1353683     0.1764659     0.2185723     0.2540532     0.2831688      0.310405     0.3308608     0.3456503     0.3594476      0.371937     0.3819847     0.3894302     0.3946092
     0.3982904       0.39763     0.3896379     0.3770423     0.3628608     0.3449346     0.3251989     0.2890488     0.2269025     0.1635762             0
             0    -0.4468362    -0.4901006    -0.5245013    -0.5521972    -0.5833121    -0.6134903     -0.632718    -0.6378312    -0.6355963    -0.6263843    -0.6069669    -0.5677345    -0.5138557    -0.4562022    -0.3960935    -0.3367532     -0.285092    -0.2365538    -0.1898722
    -0.1458845    -0.1038413 -6.139478E-02 -1.818511E-02  2.436257E-02  6.874704E-02     0.1152407     0.1620701     0.2121894     0.2656652     0.3132194     0.3542008     0.3947138     0.4269482      0.451056     0.4740924      0.494957     0.5109479     0.5209935     0.5248631
     0.5225958      0.508719     0.4828061     0.4532689     0.4259089     0.3962349     0.3662971     0.3154691     0.2387441     0.1679044             0
             0    -0.4601449    -0.5136321    -0.5604492    -0.6014513     -0.652997    -0.7122839    -0.7628078    -0.7863491    -0.7906523    -0.7750636    -0.7374436     -0.667345    -0.5846972     -0.506237    -0.4310997     -0.360908    -0.3022024    -0.2486621    -0.1981741
    -0.1512319    -0.1067451    -0.0620418 -1.658977E-02  2.824919E-02  7.526474E-02     0.1249286     0.1756186      0.230966      0.291655     0.3478968     0.3985601     0.4517006     0.4974266     0.5338624     0.5712569     0.6073415     0.6359824     0.6521096      0.651009
     0.6335621     0.5954177     0.5464283     0.4998418     0.4615426     0.4236388     0.3872806     0.3280741     0.2440581     0.1697801             0
             0    -0.4676687    -0.5277179    -0.5834814    -0.6352477    -0.7060084    -0.7995636    -0.9020047    -0.9726004     -1.003955    -0.9614666    -0.8770075    -0.7554266    -0.6388736    -0.5409662    -0.4538656    -0.3759051    -0.3125019    -0.2558027    -0.2030017
    -0.1543137    -0.1084108 -6.241461E-02 -1.568234E-02  3.047018E-02  7.901174E-02     0.1305485     0.1835843     0.2422395      0.307752     0.3703073     0.4286948     0.4932449     0.5534084     0.6052411      0.664322     0.7290248      0.789696     0.8301701     0.8072054
     0.7495788     0.6699228     0.5937072     0.5311387     0.4840654     0.4403085     0.3996936     0.3352547     0.2469935     0.1707989             0
             0     -0.471572    -0.5353344    -0.5966666    -0.6559271    -0.7423812    -0.8722408     -1.059117     -1.274675     -1.529658     -1.263648     -1.034385    -0.8287153    -0.6761386    -0.5623763    -0.4670305    -0.3842338    -0.3180815    -0.2596118    -0.2055512
    -0.1559312    -0.1092822 -6.261021E-02 -1.521027E-02  3.162917E-02  8.097507E-02     0.1335117     0.1878251     0.2483374     0.3166813     0.3832208     0.4469394     0.5204333     0.5942069     0.6635488     0.7539972     0.8751043      1.037974      1.273183      1.064944
     0.8804889     0.7310693     0.6256739     0.5499902     0.4968187     0.4494349     0.4063404     0.3389975     0.2484932      0.171314             0
