 51            10 
             0    -0.1698773    -0.1647397    -0.1606241    -0.1573694    -0.1536077    -0.1493429    -0.1451762    -0.1419711     -0.139287    -0.1364849    -0.1328377    -0.1274375     -0.120842    -0.1138571    -0.1065227 -9.888149E-02    -0.0909778 -8.286014E-02 -7.458299E-02
 -6.619961E-02 -5.768976E-02    -0.0480075 -3.841058E-02 -2.894427E-02 -1.965061E-02 -1.056962E-02 -1.739582E-03  6.803076E-03  1.502409E-02     0.0219084  2.759658E-02  3.306133E-02  3.742122E-02  4.080266E-02  4.407558E-02  4.723822E-02  5.028917E-02  5.322731E-02     0.0560519
  5.944011E-02  6.388387E-02  6.850788E-02     0.0726842  7.642381E-02  7.974146E-02  8.265537E-02  8.771804E-02  9.457906E-02  9.647416E-02             0
             0    -0.1743301    -0.1691476    -0.1649693     -0.161661    -0.1578329    -0.1534832    -0.1492207    -0.1459333    -0.1431754    -0.1402909    -0.1365298    -0.1309462    -0.1241064    -0.1168481    -0.1092194     -0.101269 -9.303816E-02 -8.457346E-02 -7.593188E-02
 -6.717525E-02 -5.829876E-02 -4.824276E-02    -0.0382685 -2.843329E-02 -1.877998E-02  -9.35033E-03  -1.84928E-04  8.676931E-03  1.719764E-02  2.432388E-02  3.020452E-02  3.584528E-02      0.040337  4.381556E-02  4.717697E-02  5.041929E-02  5.354098E-02  5.654094E-02  5.941851E-02
  6.286218E-02  6.736191E-02  7.201844E-02  7.619793E-02  7.991324E-02  8.318108E-02  8.602276E-02  9.090347E-02     0.0972031  9.819082E-02             0
             0    -0.2407151    -0.2353908    -0.2305961    -0.2266138    -0.2217948    -0.2160845     -0.210268    -0.2056613    -0.2017323    -0.1975591    -0.1920384    -0.1836794    -0.1732042     -0.161878    -0.1497936    -0.1370496    -0.1237352    -0.1099479 -9.580082E-02
    -0.0814123 -6.678671E-02 -5.017954E-02    -0.0336917 -1.743776E-02 -1.511193E-03  1.399231E-02  2.897394E-02  4.333166E-02  5.696142E-02       0.06816  7.724251E-02  8.576999E-02  9.238498E-02  9.740432E-02     0.1021438     0.1065978     0.1107623      0.114635     0.1182154
     0.1223272     0.1273302     0.1319371     0.1354981     0.1380947       0.13982     0.1407743      0.141346     0.1363298     0.1220833             0
             0    -0.3082215    -0.3065141    -0.3033642    -0.3001968    -0.2957548    -0.2898295    -0.2831855    -0.2776025     -0.272676    -0.2672837    -0.2599601    -0.2484971    -0.2336408    -0.2172016    -0.1993991    -0.1804622    -0.1605906    -0.1399756    -0.1188087
 -9.726581E-02 -7.532331E-02 -5.027871E-02 -2.535737E-02 -6.956563E-04  2.359131E-02  4.736752E-02  7.046776E-02  9.269142E-02     0.1138001     0.1310559     0.1449203     0.1577319     0.1674295     0.1746255     0.1812312     0.1872238     0.1925866     0.1973101     0.2013924
     0.2057014     0.2101114     0.2128449     0.2135413     0.2125145     0.2100868     0.2065657     0.1978915     0.1738412     0.1411988             0
             0    -0.3640714    -0.3703983    -0.3720084    -0.3718657    -0.3699874    -0.3658126    -0.3596806    -0.3538022    -0.3482603    -0.3418632    -0.3327988    -0.3179253    -0.2978838     -0.275287    -0.2506808     -0.224579    -0.1973814    -0.1694045    -0.1409045
    -0.1120661 -8.276042E-02    -0.0492102 -1.572796E-02  1.765005E-02  5.090421E-02  8.396367E-02     0.1166792     0.1487928     0.1799078     0.2057691     0.2266982     0.2460336     0.2604962     0.2710427     0.2804579      0.288648     0.2955402     0.3010894     0.3052832
     0.3088586     0.3105425     0.3080604     0.3021278     0.2937156       0.28368     0.2727116     0.2499494     0.2031241     0.1540114             0
             0    -0.4071166    -0.4249809    -0.4347037    -0.4403024    -0.4440197    -0.4445822    -0.4410492    -0.4358368     -0.430103    -0.4227605    -0.4115981     -0.392071    -0.3648249    -0.3340214    -0.3009087    -0.2664679    -0.2313288     -0.195875    -0.1603293
    -0.1247738    -0.0888673 -4.775054E-02 -6.589711E-03     0.0348299  7.675227E-02     0.1193679     0.1627696     0.2068852      0.251378      0.289991     0.3222337     0.3528352     0.3761044      0.393064     0.4079734     0.4204457     0.4301439     0.4368343     0.4404373
     0.4412081     0.4352858     0.4205756     0.4010878     0.3793502     0.3571053     0.3354291       0.29439     0.2245225     0.1623287             0
             0    -0.4324893    -0.4611455    -0.4801421    -0.4932258    -0.5054591    -0.5146976    -0.5172709    -0.5144511    -0.5091883    -0.5007366    -0.4863751    -0.4595747    -0.4222303    -0.3813912    -0.3391752    -0.2968353    -0.2549398    -0.2136798     -0.173053
    -0.1329157 -9.266545E-02 -4.663838E-02 -4.529101E-04     0.0463967  9.449017E-02     0.1444212     0.1967818     0.2521149     0.3108012     0.3650619     0.4129831     0.4613801     0.5006098     0.5302808     0.5570519      0.579471     0.5959547      0.605112     0.6062993
     0.5986673     0.5735775     0.5339577     0.4916815     0.4510903     0.4140379     0.3810598      0.323074     0.2365567      0.166614             0
             0    -0.4441867    -0.4789854    -0.5041023    -0.5227888    -0.5425107    -0.5611609    -0.5724636    -0.5740739    -0.5701151    -0.5600669    -0.5409052    -0.5048364    -0.4574178    -0.4083772    -0.3597875    -0.3125275    -0.2667769    -0.2224133    -0.1791973
    -0.1368024 -9.445626E-02    -0.0460804  2.518223E-03  5.201865E-02     0.1032114     0.1569686     0.2142773     0.2762668     0.3442088     0.4100246     0.4710285     0.5366353     0.5942996     0.6407981     0.6858279     0.7262813     0.7573903     0.7729065     0.7675455
     0.7412289     0.6837283     0.6130757     0.5483873     0.4923647     0.4447963     0.4046398     0.3368824     0.2419792     0.1684717             0
             0    -0.4507368    -0.4893547    -0.5186348    -0.5414981    -0.5675678    -0.5958709    -0.6190957    -0.6290146    -0.6283209    -0.6148435    -0.5871652    -0.5388704    -0.4814236    -0.4256294    -0.3724168    -0.3218774    -0.2736997     -0.227457    -0.1827153
    -0.1390144 -9.546947E-02 -4.575656E-02  4.218474E-03  5.524365E-02     0.1082455     0.1642845     0.2246324     0.2908791     0.3650853      0.439379     0.5108799     0.5920333     0.6692552      0.736423     0.8083042     0.8820404     0.9496439     0.9912915      0.960058
     0.8877776     0.7782455      0.672123     0.5868946     0.5186794     0.4636003     0.4186701     0.3447833     0.2449806      0.169481             0
             0     -0.454113    -0.4948418     -0.526597    -0.5521705    -0.5829474    -0.6201266    -0.6587711    -0.6852021    -0.6946715    -0.6709461    -0.6266477    -0.5627754    -0.4962571    -0.4355434    -0.3793829    -0.3269129     -0.277374    -0.2301093    -0.1845541
    -0.1401659     -0.095995 -4.558614E-02  5.106229E-03  5.693049E-02     0.1108898     0.1681544     0.2301691     0.2988224     0.3767329     0.4564027     0.5351534     0.6284281     0.7238418     0.8140358     0.9236875      1.061969      1.244563      1.499425      1.257771
      1.046888     0.8546922     0.7118648     0.6102071     0.5336617     0.4739245     0.4262108     0.3489132     0.2465159     0.1699914             0
