 51            10 
             0    -0.1696262    -0.1641445    -0.1594118    -0.1561508    -0.1527921    -0.1487306    -0.1445885    -0.1413162    -0.1385281    -0.1355653    -0.1316352    -0.1256281    -0.1184632    -0.1109314    -0.1037288 -9.695607E-02    -0.0894894 -8.144542E-02 -7.289985E-02
 -6.389099E-02 -5.441773E-02 -4.529227E-02 -3.656067E-02 -2.747266E-02 -1.877416E-02 -1.056936E-02 -2.305012E-03  5.918328E-03  1.401602E-02  2.093093E-02  2.672629E-02  3.237882E-02  3.696656E-02  4.057108E-02  4.388815E-02  4.691517E-02  4.986931E-02  5.274625E-02  5.554183E-02
  5.892967E-02  6.343673E-02  6.821407E-02  7.261678E-02  7.665603E-02  8.014877E-02  8.310337E-02  8.833989E-02  9.562755E-02  9.731471E-02             0
             0    -0.1752433    -0.1700768    -0.1657855    -0.1624555    -0.1587934    -0.1545076    -0.1502896    -0.1470361    -0.1443056    -0.1414454    -0.1377003    -0.1320505    -0.1251591    -0.1176479    -0.1098052    -0.1021292 -9.391761E-02 -8.534446E-02 -7.646794E-02
 -6.733743E-02 -5.782457E-02 -4.832018E-02 -3.902996E-02 -2.939167E-02 -1.999955E-02 -1.104294E-02 -2.109681E-03  6.694497E-03  1.528683E-02  2.251477E-02  2.850043E-02  3.427573E-02  3.893371E-02  4.260313E-02  4.602373E-02  4.918028E-02  5.227097E-02  5.527974E-02  5.820155E-02
  6.173719E-02  6.638508E-02  7.123543E-02  7.563866E-02  7.961182E-02  8.310764E-02  8.612355E-02  9.141473E-02  9.826495E-02     0.0989695             0
             0    -0.2420477    -0.2368187    -0.2319474    -0.2279937    -0.2234164     -0.217826    -0.2121003      -0.20756     -0.203683    -0.1995553    -0.1940672    -0.1856129     -0.175058    -0.1633124     -0.150878    -0.1385386    -0.1252294    -0.1112512 -9.671817E-02
 -8.172715E-02 -6.608234E-02 -5.044284E-02 -3.514583E-02 -1.929031E-02 -3.876565E-03  1.076996E-02  2.529147E-02  3.947767E-02  5.315309E-02  6.446467E-02  7.367995E-02  8.239371E-02  8.925176E-02     0.0945539  9.939637E-02     0.1037572     0.1079143     0.1118433     0.1155357
     0.1198456     0.1251692     0.1301831     0.1341808     0.1372167     0.1393382     0.1406424      0.141918     0.1380308     0.1231652             0
             0     -0.310386    -0.3091597    -0.3062608     -0.303393    -0.2993724    -0.2937619    -0.2873552    -0.2819203    -0.2770959    -0.2717802    -0.2644977    -0.2528508    -0.2377803    -0.2205656    -0.2020824    -0.1835607    -0.1635385    -0.1425183    -0.1206897
 -9.820933E-02 -7.477864E-02 -5.136659E-02 -2.842799E-02 -4.586984E-03  1.866815E-02  4.086145E-02  6.294902E-02  8.457679E-02     0.1054166     0.1225623     0.1364066     0.1493066     0.1592371     0.1667646     0.1734766     0.1793337     0.1847103     0.1895653     0.1938832
     0.1986005     0.2037145      0.207372     0.2090497     0.2089499     0.2073828     0.2046889     0.1974887     0.1758075     0.1425184             0
             0    -0.3674818    -0.3753871    -0.3783079    -0.3793347    -0.3784842    -0.3752931    -0.3698668    -0.3643591     -0.359025    -0.3527315     -0.343637     -0.328232    -0.3074356    -0.2831712    -0.2570195    -0.2309093    -0.2030077    -0.1740977    -0.1444238
    -0.1141608 -8.283411E-02 -5.163142E-02 -2.100741E-02  1.099502E-02  4.248334E-02  7.292525E-02     0.1036848      0.134307     0.1643012     0.1893154     0.2096259     0.2285305      0.242916     0.2536478     0.2629873     0.2708356     0.2776716     0.2834086      0.288012
     0.2923562     0.2954989     0.2950285     0.2912429     0.2848149     0.2766204     0.2674325     0.2476086     0.2049808     0.1554683             0
             0    -0.4120617    -0.4336779    -0.4471909     -0.456149    -0.4627863    -0.4664847    -0.4652073    -0.4610485    -0.4557774    -0.4484771    -0.4368205    -0.4153829    -0.3854445    -0.3506252    -0.3138302    -0.2780676    -0.2409656    -0.2035599    -0.1660043
    -0.1283529 -8.982532E-02 -5.165965E-02 -1.415663E-02  2.530673E-02  6.461398E-02     0.1033595       0.14349     0.1846686     0.2264382     0.2626232      0.292826     0.3216015      0.343781     0.3602817     0.3744058     0.3858181       0.39506     0.4018627     0.4061172
     0.4083432     0.4054963     0.3951265     0.3801587     0.3624537     0.3438115     0.3254912     0.2896186     0.2260961     0.1638608             0
             0    -0.4387295    -0.4738619    -0.5005721    -0.5209565     -0.540504    -0.5585706    -0.5681764    -0.5686164     -0.564522     -0.555601    -0.5387501    -0.5053561    -0.4598662    -0.4100499    -0.3602484    -0.3143204    -0.2686623    -0.2241759    -0.1806222
    -0.1377403 -9.436797E-02 -5.163747E-02 -9.625803E-03  3.484542E-02  7.964154E-02     0.1246376     0.1724657     0.2232841       0.27723     0.3267604     0.3703031     0.4142317     0.4500877      0.477596     0.5015498     0.5207654     0.5353634      0.544099     0.5463794
     0.5418294     0.5235536     0.4929361     0.4592305     0.4257447     0.3946121     0.3668331     0.3163278     0.2378809     0.1681792             0
             0    -0.4511258    -0.4942088    -0.5301971    -0.5598255    -0.5919868    -0.6275678    -0.6547437    -0.6646192    -0.6635192    -0.6514208    -0.6248692    -0.5733052    -0.5097786     -0.446274    -0.3864626    -0.3337554    -0.2829407    -0.2345074     -0.187802
     -0.142289 -9.655047E-02 -5.162325E-02 -7.443381E-03  3.946675E-02  8.700286E-02     0.1352463     0.1872921     0.2437803     0.3055894      0.364878     0.4194402     0.4778608     0.5292864     0.5710846     0.6097267     0.6427126     0.6684977     0.6819909      0.679043
     0.6596738     0.6155711     0.5599423     0.5079291     0.4616294     0.4216969     0.3879713     0.3290976      0.243173     0.1700502             0
             0    -0.4580983    -0.5062163    -0.5487556    -0.5856019    -0.6291721    -0.6840445    -0.7370823    -0.7661884    -0.7733456    -0.7528895    -0.7069482    -0.6290789    -0.5459615    -0.4704498    -0.4029748     -0.345577    -0.2914184    -0.2405415    -0.1919485
    -0.1448969 -9.779637E-02 -5.161466E-02 -6.197157E-03  4.211428E-02  9.124523E-02     0.1414193     0.1960465     0.2561471     0.3232558     0.3896732     0.4530348     0.5244672     0.5922558      0.651358     0.7111157     0.7691042     0.8222675     0.8549956     0.8326544
     0.7780582     0.6932598     0.6093721     0.5406964     0.4843291     0.4381399      0.400481     0.3363797     0.2460972     0.1710664             0
             0    -0.4617032    -0.5126427    -0.5591953    -0.6009062    -0.6534065    -0.7270639    -0.8156545    -0.8870257    -0.9287503    -0.8736727    -0.7853717    -0.6716262    -0.5695528    -0.4848516    -0.4122777    -0.3520403    -0.2959661     -0.243739    -0.1941284
    -0.1462611 -9.844621E-02 -5.161012E-02 -5.547268E-03  4.349807E-02  9.347161E-02     0.1446807     0.2007207     0.2628584     0.3330926     0.4040169      0.473433     0.5549538     0.6378202     0.7159227     0.8047314     0.9105037      1.048177      1.234476      1.060458
     0.9030271     0.7549935     0.6422786     0.5603856     0.4971781      0.447123     0.4071798      0.340178     0.2475915     0.1715801             0
