 51            10 
             0 -5.220468E-02 -5.349043E-02 -5.264974E-02 -5.176807E-02 -5.063162E-02 -4.927926E-02 -4.792779E-02    -0.0468789 -4.599722E-02 -4.507443E-02 -4.387127E-02 -4.208698E-02 -3.990518E-02 -3.759241E-02 -3.516096E-02 -3.262339E-02    -0.0299919    -0.0272775 -2.448838E-02
    -0.0216266 -1.868285E-02 -1.563491E-02 -1.254691E-02 -9.461486E-03 -6.408667E-03 -3.411061E-03 -4.867652E-04  2.349021E-03  5.083144E-03  7.376479E-03  9.273614E-03  1.109842E-02  1.255612E-02  1.368766E-02  1.478389E-02  1.584419E-02  1.686806E-02  1.785512E-02  1.880506E-02
  1.994587E-02  2.144486E-02  2.300887E-02     0.0244258  2.569899E-02  2.683301E-02  2.783342E-02  2.957978E-02  3.197601E-02  3.204693E-02             0
             0    -0.0534825 -5.482503E-02 -5.397746E-02 -5.308281E-02 -5.192586E-02 -5.054528E-02 -4.916186E-02 -4.808596E-02 -4.718036E-02 -4.623127E-02 -4.499225E-02 -4.315144E-02 -4.089576E-02 -3.850067E-02 -3.597958E-02 -3.334601E-02 -3.061269E-02 -2.779118E-02 -2.489051E-02
 -2.191394E-02 -1.885338E-02 -1.568695E-02 -1.247993E-02 -9.276547E-03 -6.108082E-03 -2.998251E-03  3.376488E-05  2.971658E-03  5.801136E-03  8.170989E-03  1.012872E-02  1.200871E-02  1.350754E-02  1.466931E-02  1.579299E-02  1.687792E-02  1.792357E-02  1.892954E-02  1.989555E-02
  2.105292E-02  2.256784E-02  2.413953E-02  2.555431E-02  2.681641E-02  2.793134E-02     0.0289058  3.058882E-02  3.279746E-02  3.256804E-02             0
             0 -7.310528E-02 -7.548676E-02 -7.461789E-02    -0.0735682 -7.212298E-02 -7.031903E-02 -6.844198E-02    -0.0669452 -6.566583E-02    -0.0643056 -6.250583E-02 -5.978225E-02 -5.637284E-02 -5.268791E-02 -4.875273E-02 -4.459435E-02 -4.023936E-02 -3.571245E-02 -3.103377E-02
 -2.621332E-02 -2.124179E-02 -1.608685E-02 -1.086111E-02 -5.643337E-03 -4.920444E-04  4.545328E-03  9.427199E-03  1.411504E-02  1.857216E-02  2.223969E-02  2.521783E-02  2.801795E-02  3.019377E-02  3.184696E-02  3.341037E-02     0.0348822  3.626112E-02  3.754637E-02  3.873774E-02
  4.011002E-02  4.178857E-02  4.334873E-02  4.457105E-02  4.548136E-02  4.610926E-02  4.648635E-02  4.680317E-02  4.540763E-02  4.014904E-02             0
             0 -9.289141E-02 -9.742046E-02 -9.719434E-02 -9.642732E-02 -9.509671E-02 -9.320781E-02 -9.105405E-02 -8.924104E-02 -8.764293E-02 -8.589707E-02 -8.353132E-02 -7.984136E-02 -7.507635E-02 -6.981182E-02 -6.410655E-02    -0.0580221 -5.161598E-02 -4.493742E-02 -3.802248E-02
 -3.088574E-02 -2.350746E-02    -0.0158305    -0.0080197 -1.867602E-04  7.585625E-03  1.522694E-02  2.266838E-02  2.983649E-02     0.0366501  4.222377E-02  4.670519E-02  5.085084E-02     0.0539943  5.633072E-02  5.848021E-02  6.043583E-02  6.219253E-02  6.374743E-02  6.509994E-02
     0.0665398     0.0680422     0.0690269  6.936168E-02  6.914319E-02  6.847198E-02  6.744457E-02  6.485216E-02  5.743163E-02  4.619301E-02             0
             0    -0.1091099    -0.1168053    -0.1180395    -0.1181448    -0.1175159     -0.116073    -0.1140112    -0.1120771    -0.1102763    -0.1082198    -0.1053314    -0.1006382    -0.0943608    -0.0872956 -7.958417E-02 -7.136165E-02 -6.274108E-02 -5.380616E-02 -4.460625E-02
 -3.514788E-02 -2.538067E-02 -1.519711E-02  -4.78738E-03  5.735338E-03  1.629644E-02  2.683179E-02  3.726759E-02  4.750478E-02  5.740668E-02  6.561774E-02  7.225161E-02     0.0783727  8.295069E-02     0.0862928  8.928414E-02  9.189866E-02  9.411651E-02  9.592564E-02  9.732281E-02
  9.856188E-02  9.927952E-02  9.873079E-02  9.708793E-02  9.463862E-02  9.164497E-02  8.832405E-02  8.136165E-02     0.0667813  5.023497E-02             0
             0    -0.1214858    -0.1330012    -0.1364664    -0.1380718    -0.1388365      -0.13851     -0.137008    -0.1351791    -0.1332888    -0.1309639    -0.1275209    -0.1216293    -0.1134823    -0.1042402 -9.421271E-02 -8.365589E-02 -7.275286E-02 -6.161453E-02 -5.028411E-02
 -3.873533E-02 -2.686074E-02 -1.447508E-02 -1.754256E-03  1.123022E-02  2.446022E-02  3.793282E-02     0.0516297  6.548636E-02  7.935729E-02  9.127296E-02     0.1011324      0.110398     0.1173783     0.1224443     0.1268931     0.1306325     0.1335869     0.1357069     0.1369768
     0.1375286     0.1363081     0.1325113     0.1271367     0.1209044     0.1143543     0.1078474  9.534939E-02  7.359201E-02  5.285503E-02             0
             0     -0.128705     -0.143422    -0.1491912    -0.1525331     -0.155131    -0.1565128    -0.1560839    -0.1546239    -0.1527709    -0.1502112    -0.1461509     -0.138832    -0.1285555    -0.1170386    -0.1048109 -9.223273E-02 -7.951368E-02 -6.674682E-02 -5.393427E-02
 -4.099544E-02 -2.775743E-02 -1.395837E-02  2.628372E-04  1.489517E-02  3.000096E-02  4.567748E-02  6.202624E-02  7.911758E-02  9.693807E-02     0.1130091     0.1268517     0.1404079     0.1510091     0.1588351     0.1657432     0.1714527     0.1756997     0.1782869     0.1791416
     0.1781499     0.1731219     0.1638479     0.1530289     0.1419793     0.1314362     0.1217456     0.1042916  7.741149E-02  5.420369E-02             0
             0    -0.1320144    -0.1484628    -0.1556461    -0.1601548    -0.1641298     -0.166986    -0.1676617    -0.1666585    -0.1649079    -0.1621569    -0.1575279    -0.1489444    -0.1370022    -0.1239062    -0.1102971 -9.654804E-02 -8.284166E-02 -6.923182E-02 -5.568001E-02
 -4.206584E-02 -2.817573E-02 -1.370408E-02  1.234903E-03  1.666781E-02     0.0327082  4.952202E-02  6.730329E-02  8.624694E-02     0.1065033     0.1253909     0.1421844     0.1592693     0.1732324     0.1838546     0.1934929     0.2015967     0.2075428     0.2107592      0.210966
     0.2078256     0.1982319     0.1835638      0.168189     0.1536059     0.1404271      0.128808     0.1085701  7.913002E-02  5.478814E-02             0
             0    -0.1338618    -0.1513589    -0.1594615    -0.1647754    -0.1697795    -0.1738684    -0.1756301    -0.1751553    -0.1735524    -0.1706043    -0.1653848    -0.1556265     -0.142345    -0.1281067     -0.113571    -0.0990778 -8.476776E-02 -7.065687E-02 -5.667455E-02
 -4.267262E-02 -2.841124E-02    -0.0135577  1.789893E-03  1.768212E-02  3.426567E-02  5.175257E-02  7.040241E-02     0.0905056     0.1123533     0.1331919     0.1521587     0.1720574     0.1889969     0.2023254     0.2149023     0.2259278     0.2342757     0.2385622     0.2376738
     0.2314704       0.21666      0.196995     0.1779574     0.1607998       0.14583     0.1329668     0.1110097     0.0800805     0.0551056             0
             0    -0.1348121     -0.152878    -0.1615067    -0.1673058    -0.1729792    -0.1779714    -0.1806981    -0.1808128    -0.1794173    -0.1762366    -0.1703958    -0.1596268    -0.1453871     -0.130421    -0.1153367     -0.100423    -0.0857823    -0.0714026 -5.719265E-02
 -4.298769E-02 -2.853302E-02 -1.348104E-02  2.079237E-03  1.821176E-02  3.508192E-02  5.292837E-02  7.204999E-02  9.279771E-02     0.1155594     0.1375738     0.1579257     0.1797636     0.1990003       0.21466     0.2301549     0.2446859     0.2567888     0.2637271     0.2602107
     0.2492789     0.2288993     0.2051561     0.1835685     0.1647861     0.1487545      0.135184     0.1122817  8.056647E-02     0.0552661             0
