 51            10 
             0    -0.3489691    -0.3369294    -0.3273884    -0.3198691    -0.3112015    -0.3013963    -0.2918341    -0.2844864    -0.2783367    -0.2719195    -0.2635699      -0.25121    -0.2361108    -0.2201055     -0.203271    -0.1856892     -0.167446    -0.1486374    -0.1293745
    -0.1097663 -8.974773E-02 -6.681008E-02 -4.388272E-02 -2.105612E-02  1.582023E-03  2.394652E-02  4.595484E-02     0.0675275  8.858871E-02     0.1065073     0.1215059     0.1361185     0.1479544     0.1572333     0.1663166     0.1751993     0.1838766     0.1923445     0.2005995
     0.2106484     0.2241421      0.238675     0.2523125     0.2650535     0.2769037     0.2878748     0.3080934     0.3425558     0.3714287             0
             0    -0.3557501    -0.3436404    -0.3340084    -0.3264159     -0.317661    -0.3077421    -0.2980475    -0.2905835     -0.284328    -0.2777914    -0.2692745    -0.2566417    -0.2411746    -0.2247546    -0.2074737    -0.1894215     -0.170673    -0.1513171    -0.1314692
    -0.1112571 -9.065459E-02 -6.717457E-02 -4.367735E-02 -2.028815E-02  2.901498E-03  2.580302E-02  4.833042E-02  7.040022E-02  9.193178E-02     0.1102336     0.1255395     0.1404357     0.1524864     0.1619249     0.1711553      0.180172     0.1889703     0.1975463     0.2058967
     0.2160498     0.2296599     0.2442844     0.2579744     0.2707303     0.2825575     0.2934708      0.313514     0.3473169     0.3750559             0
             0    -0.4595349    -0.4468027    -0.4359667    -0.4271593    -0.4167001    -0.4045125    -0.3922817    -0.3826906    -0.3745593      -0.36597    -0.3546638    -0.3376572    -0.3164942    -0.2937252    -0.2695061    -0.2439979    -0.2173444    -0.1897094    -0.1612924
    -0.1323067    -0.1027377 -6.902374E-02 -3.533525E-02  -1.88952E-03  3.114092E-02  6.358224E-02     0.0952577     0.1259873     0.1555894     0.1803475     0.2007491     0.2202635     0.2357353      0.247672     0.2591546     0.2701722     0.2807162     0.2907808     0.3003629
     0.3117371     0.3264017      0.341281     0.3543555     0.3657246      0.375504     0.3838237     0.3978159     0.4151131     0.4196168             0
             0    -0.5620131    -0.5539761    -0.5451551     -0.537264    -0.5270761    -0.5142999    -0.5006335    -0.4894643    -0.4797606    -0.4692817    -0.4552141     -0.433511    -0.4057829    -0.3753914    -0.3426672    -0.3079515    -0.2715419    -0.2337347    -0.1948424
    -0.1551632    -0.1146405 -6.827644E-02 -2.193036E-02  2.413741E-02     0.0697129     0.1145553     0.1583852      0.200876     0.2416509     0.2754582     0.3030114     0.3289489     0.3490644     0.3642968     0.3786266     0.3920188     0.4044473     0.4158961     0.4263603
     0.4382175     0.4523047     0.4647923     0.4740279     0.4804351     0.4844515     0.4864997     0.4874305     0.4772637     0.4541824             0
             0    -0.6450523    -0.6478644    -0.6454073    -0.6415255    -0.6346837    -0.6241079    -0.6109433    -0.5992135     -0.588535    -0.5765404    -0.5599052    -0.5332531    -0.4980713    -0.4588556    -0.4163815    -0.3713791    -0.3244208     -0.275977    -0.2264532
    -0.1761641    -0.1249056 -6.611734E-02 -7.258395E-03  5.153723E-02     0.1101764     0.1684971     0.2262311     0.2829622     0.3380861     0.3841908     0.4218213     0.4570568     0.4839686     0.5039894     0.5223503     0.5389197     0.5535954     0.5663131     0.5770533
     0.5880418     0.5985458     0.6039972     0.6041921     0.6004548     0.5939588     0.5856587     0.5669059     0.5243307     0.4769021             0
             0    -0.7081513    -0.7266184    -0.7351152    -0.7389611    -0.7396179    -0.7353444    -0.7255723    -0.7146401    -0.7036117    -0.6902405    -0.6706349    -0.6374799    -0.5922745    -0.5416371    -0.4872935    -0.4306097    -0.3724728    -0.3134494    -0.2539041
    -0.1940159    -0.1332898    -0.0636231  6.278534E-03  7.661512E-02     0.1476449     0.2195528     0.2923893     0.3659784     0.4397829      0.503601      0.556895     0.6076865     0.6467361     0.6755916     0.7015252     0.7240103     0.7425892     0.7569441     0.7669654
      0.774243     0.7745324      0.763451     0.7452377     0.7233301     0.7001145     0.6770833     0.6330579     0.5580395     0.4914666             0
             0    -0.7449844    -0.7780876    -0.7991081    -0.8130393    -0.8251434       -0.8325    -0.8308778     -0.823108    -0.8126646    -0.7977503    -0.7737732    -0.7307227      -0.67177    -0.6074321    -0.5406109    -0.4730446     -0.405544    -0.3384212    -0.2717413
    -0.2053806    -0.1384885 -6.183128E-02  1.522377E-02  9.326755E-02     0.1730095     0.2551753     0.3404837     0.4295793     0.5228783     0.6080683     0.6826994     0.7576348     0.8182846     0.8643209     0.9062716     0.9421827     0.9699281     0.9876428     0.9944637
     0.9905029     0.9650754     0.9204793      0.871518     0.8240899      0.780756      0.742302      0.675029     0.5767468     0.4989111             0
             0     -0.761896    -0.8033227    -0.8325987    -0.8540697    -0.8762288    -0.8961962    -0.9062451    -0.9043825    -0.8956631    -0.8785888    -0.8481529    -0.7926309    -0.7200885    -0.6446466    -0.5691557    -0.4948591    -0.4220506     -0.350624    -0.2803274
    -0.2107921    -0.1409369    -0.0609483  1.952903E-02     0.1013192     0.1854152      0.272917     0.3650726     0.4633111     0.5692389     0.6701047     0.7624189     0.8605437     0.9459696      1.014591      1.081017      1.141081      1.188401      1.214631      1.212722
      1.183803      1.115018      1.028819     0.9497344      0.881501     0.8239358     0.7757238     0.6950923       0.58513     0.5021278             0
             0    -0.7713475    -0.8179469    -0.8528346    -0.8799211    -0.9105951    -0.9434846    -0.9694663     -0.978693    -0.9743227    -0.9526554    -0.9108213     -0.838917    -0.7529002    -0.6683488     -0.586592    -0.5078242    -0.4316839    -0.3576587    -0.2852362
    -0.2138683    -0.1423215 -6.043968E-02  2.198626E-02     0.1059272     0.1925591     0.2832351     0.3795849     0.4836544     0.5981041     0.7104378     0.8168982     0.9359106      1.047548      1.143832      1.246154      1.350667      1.446687      1.507766      1.471373
      1.381142      1.242868      1.109208       1.00257     0.9179307      0.850221     0.7955317     0.7065345     0.5897582     0.5038726             0
             0    -0.7762133    -0.8256707    -0.8638926      -0.89462    -0.9316024    -0.9763638     -1.022939     -1.054201     -1.063384     -1.028037    -0.9640087    -0.8712775    -0.7731019    -0.6819321    -0.5961893    -0.5147949      -0.43679    -0.3613539    -0.2877997
    -0.2154686    -0.1430394 -6.017319E-02  2.326721E-02     0.1083339     0.1963063     0.2886844     0.3873307     0.4946902     0.6141701     0.7337615     0.8499733       0.98524      1.121215      1.248264         1.401      1.591594      1.840878         2.186      1.869295
      1.594337      1.345788       1.16308      1.034437     0.9386048     0.8646122     0.8061506     0.7125033      0.592122     0.5047541             0
