 51            10 
             0    -0.3492846    -0.3363619    -0.3253567    -0.3178041    -0.3100525    -0.3007009    -0.2911813    -0.2836691    -0.2772723    -0.2704782    -0.2614695    -0.2477054    -0.2312907    -0.2140239     -0.197489    -0.1818862    -0.1646081    -0.1459012    -0.1259225
    -0.1047427 -8.234052E-02 -6.062957E-02 -3.969752E-02 -1.773797E-02  3.457414E-03  2.366005E-02  4.424085E-02     0.0649759  8.567823E-02     0.1036319     0.1188719     0.1339427      0.146357     0.1562125     0.1653803     0.1738537     0.1822335     0.1905076     0.1986645
     0.2086994     0.2223738     0.2373827     0.2517553     0.2655041     0.2779353     0.2890244      0.309841     0.3460248     0.3766966             0
             0    -0.3567147    -0.3446579    -0.3347927    -0.3271786    -0.3188289    -0.3090838    -0.2995199     -0.292158    -0.2859871    -0.2795309    -0.2710867    -0.2583668    -0.2428769    -0.2259955     -0.208385    -0.1910808    -0.1724492    -0.1528804    -0.1325122
    -0.1114468 -8.937106E-02 -6.718341E-02 -4.533266E-02 -2.248588E-02 -3.752365E-05  2.159011E-02  4.340135E-02  6.516393E-02  8.669647E-02      0.105095     0.1205335     0.1356483      0.148036     0.1579068     0.1672174     0.1759229     0.1845636     0.1930959     0.2015064
     0.2118449     0.2257837     0.2408881     0.2551923     0.2687367     0.2813011     0.2927738     0.3141856      0.349885     0.3794614             0
             0    -0.4608831    -0.4483091    -0.4372822    -0.4285237    -0.4185896    -0.4066607    -0.3946333    -0.3851973    -0.3771926    -0.3687217    -0.3575225    -0.3404001    -0.3191974      -0.29574    -0.2710224    -0.2464989    -0.2199651    -0.1920081    -0.1628556
     -0.132682    -0.1010677 -6.932766E-02 -3.811015E-02  -5.55599E-03  2.630659E-02  5.684433E-02  8.742115E-02     0.1176431     0.1471871      0.172047     0.1926167     0.2124264      0.228357     0.2408752     0.2525108     0.2632065     0.2736336     0.2837349     0.2934915
       0.30523     0.3205125     0.3362304     0.3502817     0.3627611     0.3735829     0.3827704     0.3986569     0.4188163     0.4247218             0
             0    -0.5642915    -0.5569243    -0.5483487    -0.5408762    -0.5314689    -0.5192237    -0.5059683    -0.4950734    -0.4855719    -0.4752623    -0.4613242     -0.439396    -0.4114672    -0.3799082    -0.3462586    -0.3126036    -0.2761318    -0.2377233    -0.1977198
    -0.1563838    -0.1131447 -6.978477E-02 -2.713424E-02  1.737113E-02  6.096875E-02     0.1027934     0.1446782     0.1860155     0.2262604     0.2598428     0.2873462     0.3134483     0.3340247     0.3499283     0.3644323     0.3774508     0.3898051     0.4014137     0.4122473
     0.4247955     0.4400879     0.4542009     0.4652436     0.4735154      0.479298     0.4829451     0.4869596      0.481555     0.4599079             0
             0    -0.6488587    -0.6538048    -0.6530149    -0.6507268    -0.6454869    -0.6363471    -0.6242309    -0.6130814    -0.6027535    -0.5909718    -0.5743793    -0.5470448    -0.5109537    -0.4693746    -0.4248318    -0.3803695    -0.3326277     -0.282882    -0.2315578
    -0.1789481    -0.1242347 -6.953123E-02 -1.568233E-02  4.070913E-02  9.627967E-02     0.1500663     0.2044865     0.2587807      0.312171     0.3570232     0.3937783     0.4284723     0.4554364     0.4759491     0.4942532     0.5101777     0.5246992     0.5376732     0.5490441
       0.56125     0.5740427     0.5826702      0.586334     0.5859762      0.582659      0.577325     0.5637658     0.5286111     0.4830101             0
             0    -0.7139155    -0.7374251     -0.750918    -0.7593046    -0.7641048    -0.7641587    -0.7575191    -0.7480886    -0.7377576    -0.7245224    -0.7043445    -0.6686653    -0.6199681    -0.5638185    -0.5045552    -0.4466832     -0.386088    -0.3243999    -0.2619306
    -0.1988147    -0.1338148 -6.913653E-02 -5.425553E-03  6.164909E-02     0.1283839     0.1939718     0.2616409     0.3307782     0.4006393     0.4610434     0.5115302     0.5598962     0.5976439     0.6261408     0.6510782     0.6719613     0.6898621     0.7043905     0.7153901
     0.7248412     0.7296461     0.7249405     0.7134618     0.6977629     0.6801727     0.6622965     0.6265748     0.5620175        0.4978             0
             0    -0.7524315    -0.7942267    -0.8255068    -0.8492709    -0.8714075    -0.8907185    -0.8986279    -0.8953158    -0.8865176    -0.8710584    -0.8438431    -0.7920037    -0.7222661    -0.6457676    -0.5688041    -0.4970293    -0.4246627    -0.3531663    -0.2823301
    -0.2118674    -0.1400224 -6.887104E-02  1.238897E-03     0.0754076     0.1498869     0.2242401     0.3026327     0.3851112     0.4717222      0.550386     0.6190616     0.6880288     0.7443281     0.7877416     0.8259933     0.8574447     0.8826126     0.8997998     0.9082022
     0.9086076     0.8927238     0.8607802     0.8240225     0.7869665     0.7524142     0.7216334     0.6658404      0.580426     0.5053513             0
             0    -0.7702565    -0.8227977    -0.8665673     -0.902754    -0.9418072    -0.9845715     -1.015975     -1.025262     -1.020447     -1.000718    -0.9604965    -0.8842853    -0.7903105    -0.6953616    -0.6048622    -0.5238733    -0.4444557    -0.3675245    -0.2923158
    -0.2181754    -0.1430016 -6.874741E-02  4.427978E-03  8.203732E-02     0.1603645     0.2392473     0.3234812     0.4137568     0.5111123     0.6030351     0.6866292     0.7751564     0.8524179     0.9150449     0.9730249      1.022952       1.06312      1.086697      1.088131
      1.068731      1.018273     0.9527726     0.8913923     0.8370509     0.7905873     0.7517202     0.6844833      0.588649     0.5086125             0
             0    -0.7802614    -0.8396043    -0.8921856    -0.9380632    -0.9924034     -1.060978      -1.12694     -1.161899     -1.168096     -1.137198     -1.071063    -0.9596602    -0.8394288    -0.7283397    -0.6275055    -0.5401589    -0.4561817    -0.3758945    -0.2980738
    -0.2217877    -0.1447015 -6.867847E-02  6.243672E-03  8.582617E-02     0.1663883     0.2479576      0.335757     0.4309862     0.5355617     0.6371417     0.7326125     0.8386483     0.9378728      1.023693      1.109942        1.1933      1.270042      1.319292      1.294866
      1.228442      1.123583      1.020232     0.9364797     0.8685808     0.8136624     0.7694555     0.6950803     0.5931816     0.5103811             0
             0    -0.7854272      -0.84858    -0.9065565    -0.9589607     -1.025257     -1.118946     -1.232382     -1.323729     -1.375993     -1.298944     -1.176281      -1.01695    -0.8713534    -0.7479339     -0.640236    -0.5490476     -0.462463    -0.3803248     -0.301098
    -0.2236758    -0.1455879 -6.864316E-02  7.188846E-03  8.780354E-02     0.1695449     0.2525522     0.3422996     0.4403173     0.5491428     0.6568162     0.7604423     0.8800258      0.999449      1.110687      1.235754      1.382894      1.572342       1.82625      1.599703
      1.396141      1.206853      1.064942     0.9634675     0.8863692      0.826233     0.7789285     0.7005962     0.5954942     0.5112743             0
