 51            10 
             0    -0.1603976    -0.1659062    -0.1630464    -0.1598197    -0.1555119    -0.1502807    -0.1449891    -0.1408581    -0.1373757    -0.1337227    -0.1289511    -0.1218594    -0.1131666    -0.1039295 -9.419055E-02 -8.399129E-02 -7.337069E-02 -6.236324E-02 -5.099487E-02
 -3.927528E-02 -2.718693E-02 -1.468615E-02 -1.949129E-03  1.089305E-02  2.373875E-02  3.650581E-02     0.0491253     0.0615376  7.369015E-02  8.405535E-02     0.0927468     0.1012292     0.1081115     0.1135133     0.1188073     0.1239903     0.1290596     0.1340123     0.1388463
     0.1447378     0.1526631     0.1612192     0.1692672     0.1768035     0.1838277     0.1903412     0.2023526     0.2225845     0.2318654             0
             0    -0.1635185    -0.1692217    -0.1663604    -0.1631086     -0.158754    -0.1534545    -0.1480838    -0.1438853    -0.1403431    -0.1366241    -0.1317624    -0.1245286    -0.1156501    -0.1062056 -9.624008E-02 -8.579691E-02 -7.491614E-02 -6.363358E-02 -5.197761E-02
 -3.996171E-02 -2.757278E-02    -0.0147699 -1.729323E-03  1.141468E-02     0.0245574  3.761371E-02  5.051177E-02  6.318908E-02  7.559012E-02  8.615577E-02  9.500676E-02     0.1036354     0.1106276     0.1161107     0.1214792     0.1267299     0.1318597     0.1368661     0.1417467
     0.1476879     0.1556651      0.164255     0.1723128     0.1798368     0.1868287     0.1932925     0.2051745      0.224989     0.2335497             0
             0    -0.2123799     -0.221405    -0.2186323     -0.215024    -0.2099303    -0.2035189    -0.1968477    -0.1915433    -0.1870214    -0.1822281    -0.1759055    -0.1663814    -0.1545235    -0.1417583    -0.1281579    -0.1137965 -9.874564E-02 -8.307192E-02 -6.683095E-02
 -5.005631E-02 -3.274299E-02 -1.484662E-02   3.36182E-03     0.0216704  3.990762E-02     0.0579274  7.559954E-02  9.280401E-02     0.1094282     0.1233744     0.1348946     0.1459435     0.1547303     0.1615248     0.1680771     0.1743809     0.1804313     0.1862249     0.1917594
     0.1983526     0.2069021     0.2156513     0.2234143     0.2302397     0.2361853     0.2413141      0.250066     0.2612398     0.2568111             0
             0    -0.2599388    -0.2745784    -0.2733295    -0.2703252    -0.2653913    -0.2586422     -0.251191    -0.2450518    -0.2397096    -0.2339416    -0.2262076    -0.2143075    -0.1991544    -0.1825704    -0.1646968    -0.1456794    -0.1256555    -0.1047449 -8.304016E-02
 -6.059132E-02 -3.738526E-02 -1.334995E-02  1.114646E-02  3.581996E-02  6.043812E-02  8.479322E-02     0.1086837      0.131902     0.1542289     0.1727825     0.1879375     0.2022466     0.2133895     0.2218571     0.2298574     0.2373731     0.2443915     0.2509046     0.2569093
     0.2637826     0.2720999     0.2797143     0.2856061     0.2899781     0.2930449     0.2950152     0.2971448     0.2941647     0.2747659             0
             0    -0.2978666     -0.319894    -0.3217713    -0.3205532    -0.3169792    -0.3110047    -0.3035804    -0.2970619    -0.2911925    -0.2846695    -0.2757083    -0.2615155    -0.2429563    -0.2223289    -0.1999349    -0.1760655    -0.1509706    -0.1248428 -9.780626E-02
 -6.990233E-02 -4.106911E-02 -1.115532E-02  1.943273E-02  5.040517E-02  8.153508E-02     0.1126124      0.143407     0.1736392     0.2029557     0.2274216     0.2473717     0.2660607     0.2803778     0.2910737      0.300948     0.3099468     0.3180287     0.3251685     0.3313581
     0.3379204     0.3447322     0.3492489     0.3510461     0.3507138     0.3488042     0.3457876     0.3382842     0.3189082     0.2865266             0
             0    -0.3262008    -0.3565297    -0.3628959       -0.3646     -0.363653    -0.3596976     -0.353198    -0.3467646     -0.340628    -0.3334938     -0.323346    -0.3066697    -0.2842685    -0.2591389    -0.2318929    -0.2030532    -0.1730115    -0.1420227    -0.1102084
 -7.755491E-02 -4.390061E-02 -8.959614E-03  2.690182E-02     0.0634738     0.1006304     0.1382653     0.1762333     0.2142901     0.2520255     0.2841963     0.3107598     0.3358106     0.3549334     0.3690597     0.3818269     0.3930646     0.4026344     0.4104465      0.416472
     0.4218175     0.4250312     0.4233479     0.4178587     0.4099784     0.4008212     0.3911766     0.3719241     0.3365082     0.2940481             0
             0    -0.3424583    -0.3793984    -0.3901612    -0.3950701    -0.3974003    -0.3963994    -0.3916768    -0.3858039    -0.3796656     -0.372057    -0.3607509    -0.3414491    -0.3150947    -0.2856528    -0.2541278    -0.2212469    -0.1874711    -0.1530413    -0.1180164
 -8.229049E-02 -4.558592E-02 -7.481135E-03  3.173663E-02  7.197287E-02      0.113249     0.1556359     0.1991911     0.2438843     0.2894915     0.3296963     0.3637859     0.3967623     0.4224325     0.4414881     0.4586022     0.4732975     0.4851362     0.4937981     0.4991669
     0.5019301     0.4986202      0.487278     0.4719026     0.4550122     0.4381636     0.4222047     0.3928282     0.3462149     0.2978866             0
             0    -0.3498551      -0.39029     -0.403673    -0.4106609    -0.4153528    -0.4167857    -0.4138126    -0.4086309     -0.402621    -0.3946718     -0.382408    -0.3609775    -0.3317413    -0.2994704    -0.2653774    -0.2302379    -0.1944883    -0.1583157     -0.121716
 -8.451598E-02 -4.636663E-02 -6.768666E-03  3.404141E-02  7.604028E-02     0.1193429     0.1641413       0.21065     0.2590396      0.309335     0.3547538     0.3941405     0.4332586     0.4646049     0.4882932     0.5098517     0.5283853     0.5429181     0.5525832     0.5569687
     0.5563892     0.5457941     0.5255136     0.5022914     0.4790753     0.4573272     0.4376496      0.402701     0.3505512      0.299544             0
             0    -0.3539692     -0.396497    -0.4115573    -0.4199513    -0.4263645    -0.4297711    -0.4284601    -0.4240568    -0.4182478    -0.4099807    -0.3967915    -0.3734896    -0.3420316    -0.3077797    -0.2720068    -0.2354591    -0.1985203    -0.1613233     -0.123814
 -8.577289E-02 -4.680475E-02 -6.362279E-03  3.535067E-02      0.078356      0.122829     0.1690429      0.217323     0.2679941     0.3212974     0.3702456     0.4134262     0.4572808     0.4934576     0.5214343     0.5475436     0.5705055     0.5886092     0.5998414     0.6026459
     0.5975468     0.5790032     0.5507538     0.5214155     0.4937029     0.4686897     0.4466487     0.4082946     0.3529412     0.3004427             0
             0    -0.3560803    -0.3997352    -0.4157445    -0.4249728    -0.4324824    -0.4372974    -0.4374187    -0.4338584    -0.4283344    -0.4197226    -0.4056152    -0.3807741    -0.3477806    -0.3122988    -0.2755499    -0.2382175    -0.2006338    -0.1628914    -0.1249039
 -8.642402E-02 -4.703085E-02 -6.150611E-03  3.603112E-02  7.956142E-02     0.1246496     0.1716154     0.2208507     0.2727778     0.3277865     0.3788259     0.4243732     0.4714073      0.511196     0.5427356     0.5731853     0.6012298     0.6246493     0.6395468     0.6387262
     0.6269445      0.600233     0.5656871     0.5321988     0.5017032     0.4747823     0.4514123     0.4111991     0.3541606     0.3008966             0
