 51            10 
             0    -0.3515837    -0.3398405    -0.3307645    -0.3234402    -0.3148666    -0.3053063     -0.296108    -0.2891106    -0.2832935     -0.277265    -0.2694756    -0.2580684    -0.2441022    -0.2287477    -0.2113039    -0.1923974    -0.1736667    -0.1541626    -0.1338807
    -0.1136162 -9.342439E-02 -7.243478E-02 -5.077747E-02 -2.954496E-02 -7.743752E-03  1.448166E-02  3.588006E-02  5.749505E-02  7.921493E-02  9.727345E-02     0.1121343     0.1263459     0.1376052     0.1462741     0.1551701     0.1642637     0.1729528     0.1812169     0.1896723
     0.2004584       0.21425     0.2293523      0.243695     0.2560249     0.2693249     0.2831477     0.3070092     0.3441754     0.3758486             0
             0    -0.3577082     -0.345808    -0.3365597    -0.3291039     -0.320382    -0.3106253    -0.3012013    -0.2940108    -0.2880217    -0.2818037    -0.2737563    -0.2619485    -0.2474885    -0.2316277    -0.2137423     -0.194479     -0.175355     -0.155388    -0.1345836
    -0.1137213 -9.286518E-02 -7.120007E-02 -4.889608E-02 -2.702203E-02 -4.632958E-03  1.809982E-02  3.998769E-02  6.209454E-02  8.428288E-02     0.1027677     0.1180136     0.1326265      0.144219     0.1531374     0.1622582     0.1715405     0.1803892     0.1887927     0.1973743
     0.2082762     0.2222096     0.2374642     0.2518967     0.2643017     0.2774552     0.2907026     0.3134131     0.3492539     0.3792869             0
             0    -0.4622646    -0.4499694    -0.4397302    -0.4312007    -0.4209122     -0.409049    -0.3972528    -0.3880664     -0.380316    -0.3721704    -0.3615064    -0.3456079    -0.3257711    -0.3036778    -0.2784702    -0.2510882    -0.2238685    -0.1953697    -0.1656081
    -0.1357234    -0.1058379 -7.481617E-02 -4.293256E-02 -1.175069E-02  2.003377E-02  5.213849E-02  8.283274E-02     0.1135439     0.1440272       0.16906     0.1894368     0.2086681     0.2236507       0.23502     0.2464697      0.257948     0.2687082     0.2787392     0.2887733
     0.3012711     0.3167212     0.3327738     0.3471761     0.3588134     0.3702324     0.3810023     0.3980772     0.4186959     0.4246542             0
             0    -0.5667977    -0.5603319    -0.5529457    -0.5459917    -0.5366881    -0.5249023    -0.5121706    -0.5017068     -0.492593    -0.4827358    -0.4694971    -0.4491034    -0.4227796    -0.3927699    -0.3580465    -0.3200537    -0.2824261    -0.2431166     -0.202157
    -0.1611223    -0.1201704 -7.772588E-02 -3.413521E-02  8.491729E-03  5.195792E-02  9.587783E-02     0.1378615     0.1798044     0.2212704     0.2550541     0.2822938     0.3076584     0.3270589     0.3415529     0.3558763     0.3699509     0.3828351     0.3945148      0.405819
     0.4194294     0.4352776     0.4501373     0.4619978     0.4702267     0.4766617     0.4813948     0.4863819     0.4818929     0.4599352             0
             0    -0.6532885    -0.6609442    -0.6625557    -0.6617852    -0.6582463     -0.650882    -0.6401632    -0.6298804    -0.6201816    -0.6089902    -0.5931612    -0.5673332    -0.5324082    -0.4917512    -0.4445187    -0.3930883    -0.3430412    -0.2915422    -0.2385491
    -0.1860018    -0.1339543 -8.025352E-02 -2.516819E-02  2.880232E-02      0.084105     0.1403742     0.1946507     0.2494343     0.3040693     0.3488556     0.3849937     0.4184937     0.4438066     0.4624552     0.4805158     0.4978286     0.5131597     0.5264676     0.5386424
      0.552395     0.5665423     0.5767828     0.5821657     0.5833108     0.5808758     0.5758402     0.5629934     0.5292801     0.4831137             0
             0     -0.720848    -0.7506952    -0.7696393    -0.7823364    -0.7932111    -0.7990557    -0.7966015     -0.789302    -0.7801298    -0.7675129    -0.7475733    -0.7118833    -0.6616094    -0.6034334    -0.5375451    -0.4678633    -0.4025666    -0.3374843    -0.2721209
    -0.2084968    -0.1462817    -0.0825672 -1.733759E-02  4.676714E-02     0.1129877     0.1811931     0.2481312     0.3172212     0.3877957     0.4471859     0.4959964     0.5418974     0.5767733     0.6023343     0.6266938     0.6493913     0.6685246     0.6838731     0.6962873
      0.708152     0.7160303     0.7148024     0.7067626     0.6952772     0.6792052     0.6606081     0.6254174     0.5628933     0.4979598             0
             0    -0.7615297    -0.8142309    -0.8560538      -0.88963    -0.9270674    -0.9626011    -0.9834958    -0.9865703    -0.9804034    -0.9647425    -0.9343985    -0.8754011    -0.7951986    -0.7090413    -0.6183553    -0.5278469    -0.4473724    -0.3703981    -0.2952763
    -0.2236187     -0.154469 -8.417679E-02    -0.0123556  5.842742E-02     0.1321248      0.208991     0.2858905     0.3674653      0.453678     0.5295822     0.5945641     0.6585045      0.709346     0.7475235     0.7843851     0.8184155     0.8456057     0.8645176     0.8752511
     0.8792246     0.8694444     0.8441804     0.8133429     0.7840663     0.7520762     0.7195862     0.6642848     0.5813958     0.5055426             0
             0    -0.7805327    -0.8470117    -0.9055104     -0.956928     -1.021723     -1.096188     -1.158896      -1.18657     -1.189117     -1.164922     -1.110235     -1.009937    -0.8911827    -0.7770848    -0.6661592    -0.5609865    -0.4709427    -0.3871284    -0.3067634
    -0.2310042     -0.158438 -8.497345E-02 -9.992825E-03  6.401575E-02     0.1414029     0.2226897     0.3049359     0.3936991      0.489765     0.5774664     0.6555454     0.7365131     0.8055006     0.8602369     0.9163631     0.9707986      1.014944      1.042021      1.046148
      1.029869     0.9876528     0.9314858      0.877763      0.833761      0.790653     0.7494475     0.6827008     0.5896559     0.5088179             0
             0    -0.7912516    -0.8665702    -0.9370765     -1.002916     -1.093421     -1.213683     -1.345709     -1.436171     -1.474799     -1.414706     -1.297496     -1.128426    -0.9643208      -0.82416    -0.6971572    -0.5815088    -0.4850989    -0.3969758    -0.3134325
    -0.2352555    -0.1607133 -8.543461E-02 -8.653235E-03  6.720115E-02     0.1467239     0.2306163     0.3161024     0.4094004      0.512035     0.6082826     0.6967773     0.7930824     0.8814306     0.9567872      1.041927      1.134622      1.221563      1.281161      1.256124
      1.186216      1.088547     0.9959596     0.9208142     0.8650194     0.8140164     0.7670418     0.6931577     0.5942075     0.5105943             0
             0    -0.7968047    -0.8771234    -0.9550999     -1.030975     -1.142462     -1.311213     -1.555918     -1.839738     -2.176575     -1.818407     -1.508037     -1.226734     -1.014497    -0.8531148    -0.7150469    -0.5928866    -0.4927569    -0.4022227     -0.316951
     -0.237485    -0.1619031 -8.567723E-02 -7.957724E-03  6.886085E-02     0.1495079     0.2347892     0.3220369     0.4178762     0.5243588     0.6259887     0.7216574     0.8299616      0.936529      1.035298      1.162347      1.330357      1.553705      1.873142      1.600913
      1.361751      1.170937      1.039348     0.9466414       0.88266     0.8267704     0.7764388     0.6985973     0.5965294     0.5114915             0
