 51            10 
             0     -0.349148     -0.337095    -0.3275473    -0.3200251    -0.3113566    -0.3015509    -0.2919879    -0.2846392    -0.2784883    -0.2720695    -0.2637173    -0.2513523    -0.2362452    -0.2202305    -0.2033868    -0.1857961    -0.1675402    -0.1487123     -0.129432
    -0.1098816 -9.032978E-02 -6.785054E-02 -4.525967E-02 -2.268044E-02 -2.239306E-04  2.201451E-02  4.395017E-02  6.550349E-02  8.659706E-02     0.1045854     0.1196669      0.134382     0.1463168     0.1556808     0.1648546     0.1738327     0.1826106     0.1911851     0.1995541
     0.2097575     0.2235014     0.2383758     0.2524057     0.2655738     0.2778559     0.2892496     0.3102811     0.3462506     0.3766508             0
             0    -0.3559907    -0.3438702    -0.3342229    -0.3266294    -0.3178874    -0.3079824    -0.2982981    -0.2908403    -0.2845885     -0.278054     -0.269537    -0.2568967    -0.2414113    -0.2249655    -0.2076663    -0.1896142    -0.1708571     -0.151473    -0.1315833
    -0.1113854 -9.119644E-02 -6.841217E-02 -4.517128E-02 -2.199437E-02  9.800867E-04  2.368142E-02     0.0460532  6.803168E-02  8.954199E-02     0.1078816     0.1232498     0.1382309     0.1503635     0.1598695     0.1691658     0.1782439     0.1870966     0.1957181     0.2041068
     0.2143114     0.2281128      0.243055      0.257192      0.270478     0.2827662     0.2940966      0.314919     0.3501079     0.3791947             0
             0     -0.459861    -0.4471283    -0.4362828    -0.4274796     -0.417041    -0.4048755    -0.3926615    -0.3830804    -0.3749553    -0.3663695    -0.3550636    -0.3380457    -0.3168539    -0.2940438     -0.269793    -0.2442795    -0.2176098    -0.1899325    -0.1614568
    -0.1324982    -0.1035429 -7.089689E-02 -3.765846E-02 -4.607764E-03  2.801948E-02  6.007924E-02  9.144107E-02      0.121957      0.151457     0.1762194     0.1966776     0.2162924     0.2318752     0.2439101     0.2554962     0.2666186     0.2772654     0.2874286     0.2971059
      0.308608     0.3235881     0.3389615     0.3526575     0.3647473     0.3751853      0.384117     0.3992589     0.4185389      0.424271             0
             0    -0.5624931    -0.5545209    -0.5457368    -0.5378776    -0.5277385    -0.5150117    -0.5013819    -0.4902326    -0.4805403    -0.4700666    -0.4559965    -0.4342669    -0.4064763    -0.3759992    -0.3431979    -0.3084461    -0.2719924    -0.2341128    -0.1951361
    -0.1555095    -0.1158962 -7.125733E-02 -2.578636E-02  1.948354E-02  6.424833E-02     0.1083064     0.1514442     0.1933852     0.2337788     0.2674049     0.2948972     0.3208613     0.3410628     0.3563924      0.370843     0.3843747     0.3969572     0.4085711     0.4192105
     0.4313091      0.445887     0.4591631     0.4693119     0.4767989     0.4818847     0.4849657     0.4878539     0.4809225     0.4593058             0
             0    -0.6457562    -0.6488245     -0.646557     -0.642805     -0.636112    -0.6256815    -0.6126187     -0.600938    -0.5902823     -0.578292    -0.5616365     -0.534899    -0.4995443    -0.4601127    -0.4174297    -0.3722918    -0.3252086    -0.2766238    -0.2269641
    -0.1767424    -0.1267002 -7.038181E-02 -1.291381E-02  4.458256E-02     0.1018903     0.1588931      0.215411     0.2711067     0.3254328     0.3710788     0.4084782      0.443643     0.4706187     0.4907458     0.5092586     0.5260146     0.5409007     0.5538436     0.5648175
     0.5761104     0.5871347     0.5935765     0.5948843     0.5926253     0.5877547     0.5810946     0.5654848     0.5278271      0.482305             0
             0    -0.7091277    -0.7282292    -0.7372791     -0.741522    -0.7426307    -0.7388176    -0.7293736    -0.7185882    -0.7076149     -0.694229    -0.6745183    -0.6410546     -0.595331    -0.5441238    -0.4892488    -0.4321948    -0.3737606    -0.3144666     -0.254695
    -0.1948606      -0.13561 -6.907919E-02 -1.038837E-03     0.0675322     0.1367387     0.2068242     0.2779677     0.3501347     0.4229304     0.4863483     0.5396631     0.5908542     0.6305171     0.6599656      0.686539     0.7096407     0.7287381     0.7434483     0.7536247
     0.7608481     0.7606424     0.7496606     0.7318096     0.7112553     0.6900246     0.6692097     0.6295938     0.5612273      0.497029             0
             0     -0.746189    -0.7803976     -0.802549    -0.8173881    -0.8306406    -0.8393397    -0.8388549    -0.8316559    -0.8214085    -0.8063471    -0.7818474    -0.7376705    -0.6772715    -0.6116086    -0.5436824    -0.4753749    -0.4073361    -0.3397828    -0.2727736
    -0.2064324    -0.1411676 -6.805882E-02  6.845282E-03  8.283634E-02     0.1604602     0.2405317     0.3239721     0.4117047     0.5045226     0.5905063     0.6668961     0.7448853     0.8091942     0.8586112     0.9041455     0.9434224     0.9737371      0.992605     0.9987916
     0.9921221     0.9604327     0.9106071     0.8581902     0.8102741     0.7683991     0.7322666     0.6701382     0.5796907     0.5045472             0
             0    -0.7632234    -0.8060662    -0.8369375    -0.8598147    -0.8839794    -0.9067867    -0.9201913    -0.9208488    -0.9133067     -0.895106    -0.8621976    -0.8033179     -0.727796    -0.6501356    -0.5730025    -0.4976636    -0.4241428    -0.3521803    -0.2814906
    -0.2119507    -0.1437908    -0.0675419  1.065147E-02  9.025872E-02     0.1721094     0.2574196     0.3477063     0.4448165     0.5510185     0.6542895     0.7508796     0.8563823     0.9512909       1.02939      1.106898      1.178635      1.236028      1.267093      1.260986
      1.219868      1.130054      1.027919     0.9393637     0.8679304     0.8108642     0.7647753     0.6895182     0.5879517     0.5077943             0
             0    -0.7727491    -0.8209728    -0.8578082    -0.8867433    -0.9203743    -0.9584713    -0.9937555     -1.015208     -1.021644    -0.9892205    -0.9352064    -0.8539853    -0.7625947    -0.6748513    -0.5909848    -0.5109431    -0.4339671    -0.3593353    -0.2864785
    -0.2150899    -0.1452757 -6.724058E-02  1.282746E-02  9.451378E-02      0.178833     0.2672747     0.3617889     0.4649551     0.5803573     0.6966097     0.8099162      0.941265      1.070227      1.185548      1.313082      1.449009      1.579381      1.665043      1.605315
      1.472705      1.283916      1.118759     0.9957123     0.9050974     0.8369327     0.7841251     0.7005745     0.5925092     0.5095553             0
             0     -0.777655    -0.8288581    -0.8692573    -0.9021755    -0.9430746    -0.9966553     -1.068508      -1.16503     -1.329698     -1.138916      -1.00967    -0.8916383    -0.7844602    -0.6891268    -0.6009182    -0.5180967    -0.4391804    -0.3630967    -0.2890848
    -0.2167238    -0.1460461 -6.708159E-02  1.396308E-02  9.673885E-02     0.1823654     0.2724923     0.3693349     0.4759507     0.5968628     0.7215074     0.8466676     0.9988562      1.160799      1.319537       1.52104      1.788197      2.161269      2.714359      2.193649
      1.769616      1.415733      1.182251      1.030587     0.9264919     0.8513089     0.7945359     0.7063443     0.5948358     0.5104447             0
