 51            10 
             0  1.760112E-02  1.909571E-02  1.998428E-02     0.0206598  2.142562E-02  2.228276E-02  2.311144E-02     0.0237445  2.427241E-02  2.482138E-02  2.553336E-02     0.0265827  2.785853E-02  2.920652E-02  3.062196E-02  3.209981E-02  3.363477E-02  3.522127E-02  3.685354E-02
  3.852559E-02  4.023124E-02  4.196412E-02  4.371768E-02  4.548529E-02     0.0472603     0.0490361  5.080624E-02  5.256442E-02  5.430455E-02  5.580629E-02  5.707736E-02  5.833007E-02  5.935694E-02     0.0601686  6.096984E-02  6.176014E-02  6.253897E-02  6.330582E-02  6.406025E-02
  6.498717E-02  6.624965E-02  6.763618E-02  6.896372E-02  7.022998E-02  7.143304E-02  7.257131E-02  7.471564E-02     0.0786169  8.173459E-02             0
             0  1.742473E-02  1.892139E-02  1.981475E-02  2.049444E-02  2.126534E-02  2.212849E-02  2.296327E-02  2.360111E-02  2.413309E-02  2.468636E-02      0.025404  2.646187E-02  2.774834E-02  2.910782E-02  3.053554E-02  3.202638E-02  3.357498E-02  3.517567E-02  3.682259E-02
  3.850964E-02  4.023053E-02  4.197875E-02  4.374764E-02  4.553044E-02  4.732035E-02  4.911065E-02  5.089475E-02  5.266621E-02  5.441883E-02  5.593072E-02  5.720993E-02  5.847019E-02  5.950283E-02  6.031882E-02  6.112411E-02  6.191815E-02  6.270042E-02  6.347042E-02  6.422768E-02
  6.515777E-02  6.642391E-02  6.781344E-02  6.914286E-02  7.040995E-02  7.161287E-02  7.275012E-02  7.489087E-02  7.877646E-02  8.186097E-02             0
             0  1.467804E-02      0.016202  1.716739E-02  1.791024E-02  1.875889E-02     0.0197145  2.064325E-02  2.135527E-02  2.195035E-02  2.257048E-02  2.337635E-02     0.0245674  2.602039E-02  2.756001E-02  2.918061E-02  3.087599E-02  3.263954E-02  3.446421E-02  3.634257E-02
  3.826687E-02  4.022901E-02     0.0422206  4.423292E-02  4.625709E-02  4.828415E-02  5.030517E-02  5.231137E-02  5.429421E-02  5.624547E-02  5.791837E-02  5.932655E-02  6.070612E-02  6.182967E-02  6.271371E-02  6.358224E-02  6.443464E-02  6.527033E-02  6.608877E-02  6.688947E-02
  6.786766E-02  6.918819E-02  7.062068E-02  7.197477E-02  7.324948E-02  7.444442E-02  7.555974E-02  7.763218E-02  8.124822E-02  8.379511E-02             0
             0  1.248779E-02  1.400148E-02  1.500582E-02  1.578696E-02     0.0166865  1.770634E-02  1.870364E-02  1.947147E-02     0.0201149     0.0207871  2.166273E-02  2.296118E-02  2.455142E-02  2.624214E-02  2.802678E-02  2.989805E-02  3.184807E-02  3.386845E-02  3.595038E-02
     0.0380846  4.026148E-02  4.247096E-02  4.470253E-02  4.694539E-02  4.918851E-02  5.142079E-02  5.363112E-02  5.580857E-02  5.794243E-02  5.976246E-02  6.128747E-02  6.277368E-02  6.397694E-02  6.491959E-02  6.584144E-02     0.0667417  6.761973E-02  6.847493E-02  6.930681E-02
      0.070317  7.166798E-02  7.311434E-02  7.446301E-02  7.571501E-02  7.687229E-02     0.0779374  7.988924E-02  8.316039E-02  8.518444E-02             0
             0  1.101668E-02  1.249709E-02  1.351192E-02  1.430846E-02  1.523267E-02  1.628763E-02  1.732574E-02  1.812845E-02  1.880294E-02  1.950936E-02  2.043176E-02      0.021804  2.349083E-02  2.528965E-02  2.719285E-02  2.919202E-02  3.127815E-02  3.344173E-02  3.567291E-02
  3.796146E-02  4.029683E-02  4.266798E-02  4.506341E-02  4.747114E-02  4.987883E-02  5.227385E-02  5.464331E-02  5.697412E-02  5.925321E-02  6.119083E-02  6.280915E-02  6.437998E-02  6.564558E-02  6.663337E-02  6.759539E-02  6.853065E-02  6.943833E-02  7.031776E-02  7.116842E-02
  7.219536E-02  7.355601E-02  7.499386E-02  7.631686E-02  7.752888E-02  7.863481E-02     0.0796401  8.146047E-02  8.441683E-02  8.604687E-02             0
             0  1.005786E-02  1.149855E-02  1.250877E-02  1.330762E-02  1.424064E-02  1.531231E-02  1.637312E-02  1.719678E-02  1.789064E-02     0.0186191  1.957237E-02  2.099471E-02  2.274871E-02     0.0246236  2.661059E-02  2.870012E-02  3.088212E-02  3.314624E-02  3.548191E-02
  3.787842E-02  4.032478E-02  4.280964E-02  4.532108E-02  4.784672E-02  5.037364E-02  5.288842E-02  5.537708E-02  5.782505E-02  6.021724E-02  6.224804E-02  6.394098E-02  6.557976E-02  6.689519E-02  6.791872E-02  6.891194E-02  6.987357E-02  7.080253E-02  7.169801E-02  7.255946E-02
  7.359337E-02  7.495072E-02  7.636706E-02  7.765421E-02  7.881967E-02  7.987177E-02  8.081883E-02  8.251865E-02  8.522293E-02  8.657821E-02             0
             0  9.561827E-03  1.097319E-02  1.197482E-02  1.277043E-02  1.370363E-02  1.478009E-02  1.585021E-02  1.668366E-02  1.738712E-02  1.812698E-02  1.909675E-02  2.054673E-02     0.0223386  2.425658E-02  2.629085E-02  2.843097E-02  3.066617E-02  3.298561E-02  3.537844E-02
  3.783377E-02  4.034058E-02     0.0428875  4.546266E-02  4.805366E-02  5.064756E-02     0.0532308  5.578906E-02  5.830717E-02  6.076901E-02  6.285894E-02  6.460024E-02  6.628385E-02  6.763251E-02  6.867985E-02  6.969365E-02  7.067222E-02  7.161418E-02  7.251848E-02  7.338452E-02
  7.441898E-02  7.576703E-02  7.716009E-02     0.0784151  7.954305E-02  8.055501E-02     0.0814613  8.308092E-02  8.563535E-02  8.684269E-02             0
             0  9.346354E-03  1.074304E-02  1.173944E-02  1.253249E-02  1.346455E-02  1.454194E-02  1.561532E-02     0.0164527  1.716021E-02  1.790507E-02  1.888223E-02  2.034486E-02  2.215419E-02  2.409199E-02  2.614786E-02     0.0283109  3.057004E-02  3.291423E-02  3.533253E-02
  3.781401E-02  4.034765E-02  4.292216E-02  4.552572E-02  4.814599E-02  5.077009E-02  5.338446E-02  5.597476E-02  5.852564E-02  6.102062E-02  6.313932E-02     0.0649046  6.661089E-02  6.797667E-02  6.903637E-02  7.006091E-02  7.104825E-02  7.199674E-02  7.290515E-02     0.0737728
  7.480626E-02  7.614723E-02  7.752582E-02  7.876252E-02  7.987027E-02  8.086152E-02  8.174747E-02  8.332819E-02  8.581363E-02     0.0869557             0
             0  9.229171E-03  1.061734E-02  1.161044E-02  1.240175E-02  1.333279E-02  1.441028E-02  1.548516E-02  1.632455E-02  1.703423E-02  1.778182E-02  1.876309E-02  2.023286E-02  2.205205E-02  2.400099E-02  2.606894E-02  2.824474E-02  3.051713E-02  3.287498E-02     0.0353073
  3.780315E-02  4.035155E-02  4.294123E-02  4.556042E-02  4.819684E-02  5.083766E-02  5.346935E-02  5.607758E-02  5.864695E-02  6.116085E-02  6.329618E-02     0.0650755  6.679527E-02     0.0681714  6.923866E-02  7.026979E-02  7.126255E-02  7.221503E-02  7.312581E-02  7.399415E-02
  7.502648E-02  7.636229E-02  7.773133E-02  7.895649E-02  8.005197E-02  8.103096E-02  8.190508E-02  8.346349E-02  8.591037E-02  8.701666E-02             0
             0  9.169882E-03  1.055357E-02  1.154485E-02  1.233515E-02  1.326552E-02     0.0143429  1.541841E-02  1.625877E-02  1.696952E-02     0.0177185  1.870191E-02  2.017539E-02  2.199972E-02  2.395445E-02  2.602863E-02  2.821097E-02  3.049015E-02  3.285499E-02  3.529445E-02
  3.779763E-02  4.035354E-02  4.295094E-02     0.0455781  4.822277E-02  5.087214E-02  5.351273E-02     0.0561302  5.870916E-02  6.123292E-02  6.337703E-02  6.516385E-02     0.0668909  6.827271E-02  6.934418E-02  7.037905E-02     0.0713749  7.232965E-02  7.324173E-02  7.411031E-02
  7.514172E-02  7.647424E-02  7.783768E-02     0.0790564  8.014519E-02     0.0811176  8.198547E-02     0.0835322  8.595924E-02  8.704736E-02             0
