 51            10 
             0  4.505656E-02  4.529336E-02     0.0454425  4.555188E-02  4.567099E-02  4.579956E-02  4.592009E-02  4.601034E-02  4.608471E-02     0.0461612  4.625941E-02  4.640218E-02  4.657302E-02  4.675111E-02  4.693596E-02  4.712709E-02  4.732396E-02  4.752604E-02  4.773278E-02
  4.794361E-02  4.815792E-02  4.837514E-02  4.859464E-02  4.881582E-02  4.903806E-02  4.926073E-02  4.948324E-02  4.970495E-02  4.992527E-02     0.0501163  5.027864E-02  5.043932E-02  5.057165E-02  5.067658E-02  5.078052E-02     0.0508834  5.098515E-02     0.0510857      0.051185
  5.130747E-02  5.147526E-02  5.166103E-02  5.184035E-02     0.0520128  5.217797E-02  5.233548E-02  5.263446E-02  5.318994E-02  5.370421E-02             0
             0  4.505165E-02     0.0452887  4.543803E-02  4.554756E-02  4.566684E-02  4.579561E-02  4.591633E-02  4.600673E-02  4.608122E-02  4.615784E-02  4.625621E-02  4.639923E-02  4.657038E-02  4.674879E-02  4.693398E-02  4.712545E-02  4.732268E-02  4.752514E-02  4.773226E-02
  4.794347E-02  4.815818E-02  4.837579E-02  4.859569E-02  4.881725E-02  4.903987E-02  4.926292E-02  4.948578E-02  4.970784E-02     0.0499285  5.011981E-02  5.028237E-02  5.044326E-02  5.057576E-02  5.068082E-02  5.078488E-02  5.088787E-02  5.098973E-02  5.109039E-02  5.118978E-02
  5.131237E-02  5.148031E-02  5.166622E-02  5.184567E-02  5.201821E-02  5.218346E-02  5.234102E-02  5.264008E-02  5.319552E-02  5.370939E-02             0
             0  4.497632E-02  4.521708E-02  4.536933E-02  4.548116E-02  4.560309E-02  4.573486E-02  4.585851E-02  4.595117E-02  4.602756E-02  4.610614E-02  4.620709E-02     0.0463539  4.652969E-02  4.671301E-02  4.690337E-02  4.710024E-02  4.730307E-02     0.0475113  4.772432E-02
  4.794153E-02     0.0481623  4.838598E-02  4.861194E-02     0.0488395  4.906802E-02  4.929682E-02  4.952526E-02  4.975268E-02  4.997845E-02  5.017398E-02  5.033999E-02  5.050416E-02  5.063922E-02  5.074625E-02  5.085218E-02  5.095696E-02  5.106051E-02  5.116277E-02  5.126367E-02
  5.138802E-02  5.155818E-02  5.174626E-02  5.192751E-02  5.210152E-02  5.226788E-02  5.242626E-02  5.272637E-02  5.328103E-02  5.378849E-02             0
             0  4.492226E-02  4.516549E-02  4.531972E-02  4.543313E-02  4.555691E-02  4.569079E-02  4.581651E-02  4.591076E-02  4.598849E-02  4.606849E-02  4.617127E-02  4.632082E-02  4.649998E-02  4.668688E-02  4.688103E-02  4.708187E-02  4.728884E-02  4.750134E-02  4.771875E-02
  4.794043E-02  4.816572E-02  4.839395E-02  4.862444E-02  4.885651E-02  4.908945E-02  4.932258E-02  4.955521E-02  4.978665E-02  5.001622E-02     0.0502149  5.038346E-02  5.055002E-02  5.068695E-02     0.0507954  5.090269E-02  5.100873E-02  5.111348E-02  5.121685E-02  5.131879E-02
  5.144434E-02  5.161598E-02  5.180544E-02  5.198778E-02  5.216259E-02     0.0523295  5.248819E-02  5.278848E-02  5.334132E-02  5.384288E-02             0
             0     0.0448887  4.513335E-02  4.528874E-02  4.540309E-02  4.552796E-02  4.566311E-02     0.0457901  4.588534E-02     0.0459639  4.604477E-02  4.614869E-02  4.629995E-02     0.0464812  4.667036E-02     0.0468669  4.707027E-02  4.727987E-02  4.749509E-02     0.0477153
  4.793984E-02  4.816803E-02  4.839918E-02     0.0486326  4.886757E-02  4.910337E-02     0.0493393  4.957463E-02  4.980867E-02  5.004071E-02  5.024141E-02  5.041161E-02  5.057971E-02  5.071782E-02  5.082717E-02     0.0509353  5.104214E-02  5.114762E-02  5.125168E-02  5.135424E-02
  5.148051E-02      0.051653  5.184323E-02  5.202612E-02     0.0522013  5.236841E-02  5.252713E-02  5.282724E-02  5.337832E-02  5.387569E-02             0
             0  4.486801E-02  4.511347E-02  4.526955E-02  4.538444E-02  4.550998E-02  4.564589E-02  4.577364E-02  4.586948E-02  4.594855E-02  4.602996E-02  4.613458E-02  4.628689E-02  4.646946E-02  4.666002E-02  4.685806E-02      0.047063  4.727425E-02  4.749119E-02  4.771316E-02
     0.0479395  4.816952E-02  4.840253E-02  4.863779E-02     0.0488746  4.911223E-02  4.934993E-02  4.958699E-02  4.982269E-02  5.005631E-02     0.0502583  5.042955E-02  5.059863E-02  5.073749E-02     0.0508474  5.095606E-02     0.0510634  5.116933E-02     0.0512738  5.137675E-02
  5.150343E-02  5.167643E-02  5.186707E-02  5.205024E-02  5.222558E-02  5.239274E-02  5.255141E-02  5.285124E-02  5.340097E-02  5.389554E-02             0
             0     0.0448577  4.510354E-02  4.525994E-02  4.537511E-02  4.550096E-02  4.563725E-02  4.576537E-02  4.586151E-02  4.594083E-02     0.0460225  4.612747E-02  4.628031E-02  4.646353E-02  4.665481E-02  4.685361E-02  4.705934E-02  4.727143E-02  4.748923E-02  4.771209E-02
  4.793934E-02  4.817029E-02  4.840423E-02  4.864043E-02  4.887818E-02  4.911673E-02  4.935534E-02  4.959329E-02  4.982984E-02  5.006427E-02  5.026693E-02  5.043872E-02     0.0506083  5.074755E-02  5.085775E-02  5.096668E-02  5.107426E-02  5.118042E-02     0.0512851  5.138823E-02
  5.151512E-02  5.168834E-02  5.187917E-02  5.206246E-02  5.223784E-02  5.240499E-02  5.256361E-02  5.286325E-02     0.0534122  5.390531E-02             0
             0     0.0448533     0.0450993  4.525583E-02  4.537111E-02  4.549709E-02  4.563354E-02  4.576183E-02  4.585809E-02  4.593751E-02     0.0460193  4.612442E-02  4.627749E-02  4.646099E-02  4.665257E-02  4.685169E-02  4.705777E-02  4.727021E-02  4.748838E-02  4.771163E-02
  4.793927E-02  4.817062E-02  4.840497E-02  4.864157E-02  4.887972E-02  4.911867E-02  4.935768E-02  4.959601E-02  4.983293E-02  5.006771E-02  5.027066E-02  5.044268E-02  5.061248E-02  5.075189E-02  5.086222E-02  5.097127E-02  5.107896E-02  5.118522E-02  5.128999E-02  5.139319E-02
  5.152017E-02  5.169349E-02  5.188439E-02  5.206772E-02  5.224311E-02  5.241025E-02  5.256884E-02  5.286839E-02  5.341699E-02  5.390946E-02             0
             0  4.485092E-02      0.045097  4.525361E-02  4.536895E-02      0.045495  4.563154E-02  4.575991E-02  4.585624E-02  4.593572E-02  4.601756E-02  4.612277E-02  4.627595E-02  4.645962E-02  4.665136E-02  4.685066E-02  4.705692E-02  4.726956E-02  4.748793E-02  4.771138E-02
  4.793924E-02     0.0481708  4.840536E-02  4.864219E-02  4.888056E-02  4.911972E-02  4.935895E-02  4.959748E-02     0.0498346  5.006958E-02  5.027268E-02  5.044483E-02  5.061475E-02  5.075426E-02  5.086465E-02  5.097376E-02  5.108151E-02  5.118782E-02  5.129264E-02  5.139589E-02
  5.152291E-02  5.169628E-02  5.188722E-02  5.207057E-02  5.224597E-02     0.0524131  5.257167E-02  5.287116E-02  5.341957E-02     0.0539117             0
             0  4.484972E-02  4.509585E-02  4.525249E-02  4.536786E-02  4.549395E-02  4.563052E-02  4.575894E-02  4.585531E-02  4.593481E-02  4.601669E-02  4.612194E-02  4.627518E-02  4.645892E-02  4.665075E-02  4.685013E-02  4.705649E-02  4.726923E-02     0.0474877  4.771126E-02
  4.793922E-02  4.817089E-02  4.840556E-02     0.0486425  4.888098E-02  4.912025E-02  4.935958E-02  4.959823E-02  4.983545E-02  5.007052E-02  5.027371E-02  5.044592E-02     0.0506159  5.075545E-02  5.086588E-02  5.097502E-02     0.0510828  5.118914E-02  5.129398E-02  5.139725E-02
     0.0515243  5.169769E-02  5.188865E-02  5.207201E-02  5.224741E-02  5.241454E-02     0.0525731  5.287256E-02  5.342087E-02  5.391282E-02             0
