 51            10 
             0    -0.3490714    -0.3370238    -0.3274791     -0.319958    -0.3112897     -0.301484    -0.2919211    -0.2845728    -0.2784222    -0.2720041     -0.263653    -0.2512901    -0.2361866    -0.2201761    -0.2033364    -0.1857497    -0.1674996    -0.1486811    -0.1294118
    -0.1098711 -9.093685E-02 -7.480974E-02 -4.794277E-02 -2.340741E-02 -3.958255E-05  2.263258E-02  4.477524E-02  6.641988E-02  8.753927E-02      0.105514     0.1205672     0.1352414     0.1471341     0.1564609     0.1655946     0.1745298     0.1832621     0.1917879     0.2001044
     0.2102361     0.2238621     0.2385733     0.2524137     0.2653733     0.2774436     0.2886289     0.3092553     0.3443718     0.3695985             0
             0    -0.3558832    -0.3437669     -0.334127    -0.3265339    -0.3177848    -0.3078725    -0.2981827    -0.2907216    -0.2844677    -0.2779319    -0.2694147    -0.2567778    -0.2413011    -0.2248681    -0.2075778    -0.1895246     -0.170771    -0.1514007    -0.1315343
    -0.1113688 -9.183935E-02 -6.825411E-02 -4.443716E-02    -0.0211452  1.937609E-03     0.0247396  4.718962E-02  6.921408E-02  9.073523E-02     0.1090561     0.1243933     0.1393321     0.1514238     0.1608961     0.1701595      0.179207     0.1880326     0.1966316     0.2050018
     0.2151824     0.2288879     0.2436719     0.2575856     0.2706057     0.2826641     0.2937867     0.3142205      0.348718     0.3770658             0
             0    -0.4597144    -0.4469806    -0.4361396    -0.4273341    -0.4168845    -0.4047075    -0.3924848    -0.3828983    -0.3747698    -0.3661819    -0.3548755    -0.3378627    -0.3166848     -0.293895    -0.2696596    -0.2441473    -0.2174845     -0.189828     -0.161385
    -0.1324697    -0.1044509 -7.061717E-02 -3.651303E-02 -3.253059E-03  2.957634E-02  6.182738E-02  9.334643E-02     0.1239695     0.1535207     0.1782812     0.1987112     0.2182759     0.2338033     0.2457892     0.2573236     0.2683937     0.2789893     0.2891034     0.2987339
     0.3101739     0.3249961      0.340123     0.3535087     0.3652375     0.3753471     0.3839737      0.398542     0.4168326     0.4218792             0
             0    -0.5622735    -0.5542675    -0.5454648    -0.5375896    -0.5274256    -0.5146737    -0.5010251    -0.4898653     -0.480167    -0.4696903    -0.4556209    -0.4339038    -0.4061437     -0.375709    -0.3429458    -0.3082099    -0.2717766    -0.2339326    -0.1950028
    -0.1554285    -0.1170682 -7.066728E-02 -2.388027E-02  2.180442E-02  6.697507E-02     0.1114258       0.15491     0.1971262     0.2377105     0.2714274     0.2989503     0.3249013     0.3450599      0.360341     0.3747314     0.3881934     0.4006991     0.4122308     0.4227832
      0.434763     0.4490961     0.4619777     0.4716711     0.4786176     0.4831696     0.4857351     0.4876463     0.4791003     0.4566742             0
             0    -0.6454281    -0.6483676    -0.6460053     -0.642189    -0.6354215    -0.6249181     -0.611804    -0.6000983    -0.5894307    -0.5774376    -0.5607916    -0.5340957    -0.4988264    -0.4595019    -0.4169227    -0.3718496    -0.3248266    -0.2763113    -0.2267257
    -0.1765704    -0.1280826 -6.938805E-02 -1.011353E-02  4.805231E-02     0.1060262     0.1636885      0.220815      0.277029     0.3317546     0.3776308     0.4151465     0.4503476     0.4772921     0.4973666      0.515804     0.5324671     0.5472484     0.5600789     0.5709363
     0.5820779     0.5928437     0.5987874     0.5995408     0.5965412     0.5908576      0.583378     0.5661985     0.5260862     0.4795302             0
             0    -0.7086661    -0.7274511    -0.7362249    -0.7402712    -0.7411551    -0.7371126    -0.7275049    -0.7166461    -0.7056448    -0.6922653    -0.6726057    -0.6392941    -0.5938277    -0.5429034    -0.4882933    -0.4314201    -0.3731312     -0.313971    -0.2543198
    -0.1945774    -0.1371494 -6.769766E-02   2.58785E-03  7.206512E-02     0.1421839     0.2131817     0.2851731     0.3580532     0.4313563     0.4949783      0.548287     0.5992833     0.6386442     0.6677998     0.6940567     0.7168528     0.7356928     0.7502257     0.7603235
      0.767571     0.7676148     0.7565701     0.7385381     0.7173009     0.6950734     0.6731487     0.6313283     0.5596405     0.4941722             0
             0    -0.7456152    -0.7792732    -0.8008602    -0.8152497    -0.8279326    -0.8359672    -0.8349245    -0.8274488    -0.8171065     -0.802114    -0.7778648    -0.7342383    -0.6745548    -0.6095494     -0.542174    -0.4742309    -0.4064567    -0.3391167    -0.2722799
    -0.2060598    -0.1427971    -0.0664252     0.0109998  8.804315E-02     0.1667272     0.2478478     0.3322253     0.4206445     0.5137115     0.5993103     0.6748351     0.7513164     0.8138153      0.861559     0.9053188     0.9429284     0.9719696     0.9902643     0.9967613
     0.9914263     0.9628575     0.9156014        0.8649     0.8172082     0.7745899     0.7372903     0.6725862     0.5782257     0.5016524             0
             0    -0.7625891    -0.8047268    -0.8348023    -0.8569837    -0.8801582    -0.9015785    -0.9133893    -0.9128903    -0.9048076    -0.8871201    -0.8553423    -0.7980554    -0.7239899    -0.6474258    -0.5711101    -0.4962846    -0.4231146    -0.3514176    -0.2809325
    -0.2115314    -0.1454613 -6.578894E-02  1.505428E-02  9.578014E-02     0.1787549     0.2651635      0.356389      0.454071     0.5601494     0.6622387     0.7567176     0.8585706     0.9487843      1.022189      1.094209      1.160164      1.212569      1.241245      1.237202
      1.202108       1.12275      1.028482     0.9446279     0.8747589       0.81742     0.7702588     0.6923081     0.5865479     0.5048837             0
             0    -0.7720782    -0.8194933    -0.8553575    -0.8833795    -0.9155605    -0.9511623     -0.982183      -0.99815    -0.9991871    -0.9721357    -0.9235818    -0.8466293    -0.7578173    -0.6716409    -0.5888222    -0.5094083    -0.4328442     -0.358513    -0.2858815
    -0.2146429     -0.146969 -6.542017E-02  1.737019E-02     0.1002117     0.1856889     0.2752507      0.370688     0.4743154     0.5892589     0.7035804     0.8135028     0.9387456      1.059128       1.16502      1.280069       1.40045      1.513884       1.58782      1.539184
      1.427454      1.263739      1.114153     0.9992494     0.9115713     0.8436028     0.7898403     0.7035576     0.5911406     0.5066364             0
             0    -0.7769644    -0.8272985    -0.8666126    -0.8984511    -0.9374465    -0.9868944     -1.047394     -1.112451     -1.175134      -1.08631    -0.9885051    -0.8818366    -0.7788834    -0.6855766    -0.5985897    -0.5164713    -0.4380043    -0.3622415    -0.2884667
     -0.216262     -0.147751 -6.522625E-02  1.857812E-02     0.1025276     0.1893288     0.2805845     0.3783348     0.4853333     0.6055495     0.7277015     0.8484361     0.9922471      1.141329      1.284374      1.461744      1.691148      2.004897      2.482706      2.035317
      1.682987      1.381253      1.172884      1.032642     0.9326151     0.8579903     0.8003567     0.7094271     0.5934858     0.5075217             0
