 51            10 
             0    -0.3105029    -0.3015956    -0.2940532    -0.2880109    -0.2809688    -0.2729453    -0.2650847    -0.2590303    -0.2539565    -0.2486563    -0.2417532    -0.2315199    -0.2189932    -0.2073485    -0.1967243    -0.1855399    -0.1689453    -0.1506121    -0.1321226
    -0.1125054 -9.221409E-02 -7.130441E-02 -4.990641E-02 -2.828079E-02  -6.31504E-03  1.601558E-02  3.867386E-02  6.034372E-02  8.059613E-02     0.0981326     0.1128677     0.1272382     0.1389151     0.1481334     0.1572828     0.1663949     0.1754639     0.1845285     0.1930255
     0.2028361     0.2166775     0.2316633     0.2455284     0.2590123     0.2719769     0.2841864     0.3071285     0.3444961     0.3760696             0
             0    -0.3146773    -0.3057664    -0.2981976    -0.2921268    -0.2850431    -0.2769618    -0.2690334    -0.2629195    -0.2577914    -0.2524294    -0.2454384    -0.2350561    -0.2223092    -0.2104126    -0.1994806    -0.1878616    -0.1708219    -0.1520339    -0.1330543
    -0.1128804 -9.198525E-02 -7.044907E-02 -4.842857E-02 -2.619176E-02 -3.639312E-03  1.924053E-02  4.242762E-02  6.457532E-02  8.528249E-02     0.1032244     0.1183075     0.1330206     0.1449708     0.1543971     0.1637414      0.173031     0.1822607     0.1914715     0.2000932
     0.2100536     0.2240434     0.2391156     0.2530081     0.2664403     0.2792193     0.2911029     0.3132668     0.3493745     0.3791485             0
             0    -0.3807188    -0.3721364    -0.3644471    -0.3581629     -0.350705    -0.3420605    -0.3334484    -0.3267319    -0.3210563    -0.3150778    -0.3072255    -0.2954351    -0.2807456    -0.2668329    -0.2538419    -0.2398112    -0.2166178    -0.1902233    -0.1632457
    -0.1344287    -0.1045264 -7.370862E-02 -4.224326E-02 -1.055609E-02  2.144987E-02     0.0537433      0.086237     0.1170018     0.1454205     0.1696867     0.1898167     0.2091455     0.2245564     0.2365439     0.2482484     0.2596968      0.270876     0.2818291     0.2918888
     0.3032539     0.3186659     0.3344646     0.3482027     0.3606639     0.3717451     0.3813408     0.3979626     0.4187122     0.4245104             0
             0     -0.437455    -0.4310588    -0.4245957    -0.4191182     -0.412417    -0.4044401    -0.3963025    -0.3898531    -0.3843485     -0.378495    -0.3707373      -0.35894    -0.3440063    -0.3296423    -0.3160377    -0.3010952    -0.2710351    -0.2354484    -0.1986738
    -0.1592739    -0.1183775 -7.624657E-02 -3.324419E-02  1.006358E-02  5.382253E-02  9.798576E-02      0.142405     0.1843834     0.2229901     0.2556849     0.2825404     0.3079689     0.3278592     0.3430854     0.3576754       0.37164     0.3849428     0.3976189      0.408913
     0.4212099     0.4368455     0.4513564     0.4624554     0.4710282     0.4772543     0.4813714     0.4862041     0.4817463     0.4597233             0
             0    -0.4778893    -0.4747286    -0.4703423    -0.4663391    -0.4611539    -0.4546869     -0.447832    -0.4422711    -0.4374629    -0.4322938    -0.4253816    -0.4147652    -0.4012263    -0.3881704    -0.3759491    -0.3625988    -0.3258628    -0.2806087    -0.2336559
     -0.183509    -0.1316753 -7.843043E-02 -2.411265E-02  3.071086E-02  8.637565E-02     0.1429514     0.2003483     0.2550685     0.3058444     0.3490741     0.3845761     0.4180024     0.4437972     0.4632529     0.4815199     0.4985376     0.5141993     0.5284989     0.5406077
     0.5529513     0.5666609     0.5765169     0.5812268     0.5820042     0.5796625     0.5750494      0.562642     0.5289681     0.4828261             0
             0    -0.5055016    -0.5058841    -0.5039656    -0.5017765    -0.4985104    -0.4939862    -0.4887827    -0.4843576     -0.480437    -0.4761423    -0.4703251    -0.4613147     -0.449921    -0.4392454     -0.430075    -0.4209108    -0.3776218    -0.3224517    -0.2654996
    -0.2052572    -0.1435191 -8.043487E-02 -1.614966E-02  4.895702E-02     0.1155967      0.184172     0.2549089     0.3236704      0.389049     0.4460551     0.4936017     0.5388477     0.5738045     0.5999582     0.6240755     0.6458318     0.6648731     0.6810248     0.6933765
     0.7042125     0.7118017     0.7107273     0.7028666     0.6903273      0.675013     0.6585261     0.6247782     0.5624346      0.497607             0
             0    -0.5203115    -0.5233966    -0.5235698    -0.5230042     -0.521539    -0.5188839    -0.5152271    -0.5117834    -0.5085672    -0.5048997    -0.4997995     -0.491781     -0.481875    -0.4732145    -0.4672605    -0.4632038    -0.4146078    -0.3514994    -0.2870739
    -0.2197262    -0.1513351 -8.182858E-02    -0.0110828  6.079482E-02     0.1349408     0.2122135     0.2933903     0.3741816     0.4536144     0.5256652     0.5877931     0.6489828     0.6977087      0.734603     0.7686267     0.7986321      0.823396     0.8420521     0.8534757
     0.8597775     0.8533542     0.8317612     0.8043396     0.7742909     0.7442697     0.7159811     0.6633441      0.580841     0.5051496             0
             0    -0.5268528    -0.5313392    -0.5326886    -0.5330927    -0.5327816    -0.5314143    -0.5288682    -0.5260831    -0.5232708    -0.5198672    -0.5149624    -0.5071229    -0.4976718    -0.4899259    -0.4858131    -0.4849965     -0.433402    -0.3659691    -0.2976587
    -0.2267487    -0.1551096 -8.251704E-02 -8.679085E-03  6.646696E-02     0.1443132     0.2260178     0.3127661     0.4003687     0.4884561     0.5707831     0.6439039     0.7186005     0.7806789     0.8290524     0.8747843     0.9154601     0.9480925     0.9699256     0.9789301
     0.9779642     0.9525471     0.9086176     0.8636841     0.8202539      0.780315     0.7448249     0.6815788     0.5890547     0.5084062             0
             0    -0.5304395    -0.5357576     -0.537841     -0.538879    -0.5393715     -0.538984    -0.5373842    -0.5351857    -0.5326863    -0.5293574    -0.5243625    -0.5163295     -0.506925     -0.499623     -0.496639    -0.4979424    -0.4444652    -0.3743891    -0.3037664
    -0.2307772    -0.1572688 -8.291506E-02 -7.316046E-03  6.969973E-02     0.1496862     0.2339999      0.324111     0.4159634     0.5097228     0.5992367     0.6805931      0.766348     0.8407012     0.9007167     0.9597757      1.014267      1.058635      1.085813      1.089481
      1.077011      1.027952     0.9618399     0.9021482     0.8486794     0.8018935     0.7617269       0.69192     0.5935798     0.5101721             0
             0    -0.5322637    -0.5380272    -0.5405197    -0.5419267    -0.5429203    -0.5432197    -0.5424325    -0.5408747    -0.5387529    -0.5352504    -0.5298762    -0.5214283     -0.511881    -0.5047506     -0.502377    -0.5048923    -0.4503611    -0.3788386    -0.3069748
    -0.2328849    -0.1583963 -8.312425E-02 -6.608274E-03  7.138395E-02     0.1524965     0.2381995     0.3301333     0.4243454     0.5213758     0.6152641     0.7019579     0.7955309     0.8797033     0.9502036       1.02321      1.095209      1.158942      1.199902      1.188646
      1.156523      1.080248     0.9948533     0.9244348     0.8644605     0.8135558     0.7707143     0.6972945     0.5958878     0.5110639             0
