 51            10 
             0 -9.002437E-03 -6.968525E-03 -5.401328E-03 -4.174405E-03 -2.767659E-03 -1.184583E-03  3.509568E-04  1.526098E-03  2.507042E-03  3.528016E-03  4.853205E-03  6.808367E-03  9.188316E-03  1.170536E-02  1.435051E-02  1.711419E-02  1.998631E-02     0.0229563     0.0260132
  2.914562E-02  3.234184E-02  3.558975E-02     0.0388768  4.219028E-02  4.551746E-02  4.884572E-02  5.216273E-02  5.545647E-02  5.871542E-02  6.152688E-02  6.390578E-02  6.624956E-02     0.0681701  6.968776E-02  7.118557E-02  7.266252E-02  7.411762E-02  7.554997E-02  7.695866E-02
  7.868895E-02  8.104455E-02  8.362997E-02  8.610381E-02  8.846193E-02  9.070092E-02  9.281804E-02  9.680434E-02     0.1040587     0.1108509             0
             0 -9.359674E-03 -7.315116E-03 -5.737996E-03 -4.502778E-03  -3.08598E-03 -1.491033E-03  5.651898E-05  1.241118E-03  2.230097E-03  3.259571E-03  4.595966E-03  6.568015E-03  8.969039E-03  1.150885E-02  1.417834E-02  1.696779E-02  1.986697E-02  2.286514E-02  2.595111E-02
  2.911331E-02  3.233978E-02  3.561816E-02  3.893566E-02     0.0422793  4.563609E-02  4.899314E-02  5.233786E-02  5.565799E-02  5.894173E-02  6.177333E-02  6.416837E-02  6.652711E-02     0.0684591  6.998535E-02  7.149115E-02  7.297551E-02  7.443742E-02  7.587597E-02  7.729027E-02
     0.0790268  8.138959E-02  8.398087E-02  8.645834E-02  8.881801E-02  9.105661E-02     0.0931716  9.715053E-02     0.1043733     0.1111008             0
             0 -1.492406E-02 -1.272342E-02 -1.099712E-02 -9.636094E-03 -8.065709E-03 -6.288294E-03 -4.555152E-03 -3.223946E-03 -2.110181E-03 -9.484398E-04   5.62581E-04  2.798381E-03  5.529395E-03  8.426398E-03  1.147851E-02  1.467387E-02  1.799974E-02  2.144262E-02  2.498825E-02
  2.862175E-02  3.232762E-02     0.0360897  3.989113E-02  4.371468E-02  4.754296E-02  5.135873E-02  5.514501E-02  5.888531E-02  6.256378E-02  6.571523E-02  6.836637E-02  7.096188E-02  7.307418E-02  7.473528E-02  7.636636E-02  7.796623E-02  7.953376E-02  8.106797E-02  8.256796E-02
  8.439917E-02  8.686864E-02  8.954349E-02  9.206801E-02     0.0944407  9.666124E-02  9.873039E-02     0.1025692     0.1092476     0.1149232             0
             0 -1.937549E-02 -1.711677E-02 -1.530945E-02 -1.387278E-02 -1.220252E-02 -1.029876E-02 -8.430315E-03 -6.988709E-03 -5.779168E-03 -4.514143E-03 -2.864619E-03 -4.152879E-04  2.589008E-03  5.787175E-03  9.166467E-03  1.271278E-02  1.641088E-02  2.024453E-02  2.419667E-02
  2.824949E-02  3.238442E-02  3.658202E-02  4.082184E-02  4.508277E-02  4.934333E-02  5.358185E-02  5.777672E-02  6.190659E-02  6.595063E-02  6.939657E-02  7.228148E-02  7.509023E-02  7.736175E-02  7.913985E-02  8.087721E-02  8.257236E-02      0.084224  8.583102E-02  8.739252E-02
  8.928656E-02  9.181499E-02  9.451497E-02  9.702573E-02  9.934995E-02     0.1014921     0.1034578     0.1070496     0.1130291     0.1176725             0
             0 -2.237382E-02 -2.013201E-02 -1.830336E-02 -1.683764E-02    -0.0151203 -1.314848E-02 -1.119997E-02  -9.68946E-03  -8.41837E-03 -7.085291E-03 -5.342546E-03 -2.745707E-03  4.522159E-04  3.867367E-03  7.484843E-03  1.128818E-02  1.525974E-02  1.938104E-02  2.363295E-02
  2.799573E-02  3.244901E-02  3.697154E-02  4.154082E-02  4.613348E-02  5.072543E-02  5.529198E-02  5.980792E-02  6.424763E-02  6.858537E-02  7.226933E-02  7.534315E-02  7.832322E-02  8.072084E-02  8.259016E-02  8.440853E-02  8.617402E-02  8.788503E-02  8.954025E-02  9.113874E-02
  9.306512E-02     0.0956105  9.828974E-02     0.1007448     0.1029844     0.1050192     0.1068608     0.1101813     0.1155195     0.1193808             0
             0 -2.433266E-02 -2.214102E-02 -2.032349E-02    -0.0188558 -1.712378E-02    -0.0151212 -1.312903E-02 -1.157743E-02 -1.026798E-02  -8.89095E-03 -7.086285E-03 -4.388365E-03 -1.054329E-03  2.515212E-03  6.302744E-03  1.028927E-02  1.445496E-02  1.877954E-02  2.324254E-02
  2.782324E-02  3.250056E-02  3.725265E-02  4.205638E-02  4.688758E-02  5.172114E-02  5.653092E-02  6.128963E-02  6.596871E-02  7.053835E-02  7.441407E-02  7.764185E-02  8.076236E-02  8.326306E-02  8.520622E-02  8.708894E-02  8.890855E-02     0.0906629  9.235033E-02  9.396978E-02
  9.590853E-02  9.844351E-02     0.1010737     0.1034501     0.1055896     0.1075101     0.1092293     0.1122985     0.1171201     0.1204338             0
             0 -2.534793E-02 -2.320187E-02 -2.140428E-02 -1.994586E-02 -1.821658E-02 -1.620731E-02 -1.419841E-02 -1.262803E-02 -1.129967E-02 -9.899763E-03  -8.06158E-03 -5.306835E-03 -1.894542E-03  1.764027E-03  5.648942E-03  9.739231E-03  1.401361E-02  1.845085E-02  2.302992E-02
     0.0277299     0.0325297  3.740758E-02  4.234058E-02  4.730465E-02  5.227475E-02  5.722462E-02  6.212652E-02  6.695086E-02  7.166594E-02  7.566629E-02  7.899681E-02     0.0822133     0.0847856  8.678019E-02  8.870737E-02  9.056344E-02  9.234533E-02  9.405085E-02  9.567875E-02
     0.0976163      0.100127     0.1027022     0.1050056      0.107062     0.1088953     0.1105273     0.1134271       0.11794     0.1209582             0
             0 -2.578934E-02 -2.366748E-02 -2.188216E-02    -0.0204306 -1.870565E-02 -1.669658E-02 -1.468259E-02 -1.310496E-02 -1.176868E-02 -1.035869E-02 -8.505216E-03 -5.723874E-03 -2.274735E-03  1.425433E-03  5.355333E-03  9.493018E-03  1.381657E-02  1.830441E-02  2.293534E-02
  2.768845E-02  3.254273E-02  3.747664E-02  4.246735E-02  4.749105E-02  5.252288E-02  5.753674E-02  6.250492E-02  6.739768E-02     0.0721828  7.624491E-02  7.962765E-02  8.289432E-02  8.550515E-02  8.752789E-02  8.947967E-02  9.135586E-02  9.315254E-02  9.486682E-02  9.649721E-02
     0.0984304     0.1009216     0.1034608     0.1057211     0.1077316     0.1095191     0.1111072     0.1139243     0.1182947     0.1211823             0
             0    -0.0260295 -2.392204E-02 -2.214448E-02 -2.069758E-02 -1.897607E-02    -0.0169683 -1.495246E-02 -1.337132E-02 -1.203088E-02    -0.0106153 -8.753135E-03 -5.956462E-03 -2.486158E-03  1.237669E-03  5.192908E-03  9.357082E-03  1.370795E-02  1.822377E-02  2.288331E-02
  2.766566E-02  3.254991E-02  3.751464E-02  4.253716E-02     0.0475938  5.265986E-02  5.770939E-02  6.271478E-02  6.764633E-02  7.247171E-02  7.656993E-02  7.998375E-02  8.328097E-02  8.591595E-02     0.0879567  8.992454E-02  9.181409E-02  9.362054E-02  9.534022E-02  9.697123E-02
  9.889975E-02     0.1013757       0.10389     0.1061224     0.1081046     0.1098648     0.1114271     0.1141965     0.1184871     0.1213032             0
             0 -2.615104E-02 -2.405128E-02 -2.227804E-02 -2.083382E-02    -0.0191145 -1.710792E-02 -1.509164E-02 -1.350896E-02 -1.216649E-02 -1.074802E-02 -8.881223E-03 -6.076327E-03 -2.594802E-03  1.141416E-03  5.109805E-03  9.287632E-03  1.365252E-02  1.818266E-02  2.285679E-02
  2.765404E-02  3.255357E-02  3.753401E-02  4.257275E-02  4.764622E-02  5.272982E-02  5.779767E-02  6.282228E-02  6.777401E-02  7.262051E-02  7.673797E-02     0.0801686  8.348272E-02  8.613147E-02  8.818278E-02  9.016038E-02  9.205838E-02  9.387124E-02  9.559432E-02  9.722493E-02
  9.914921E-02     0.1016144     0.1041135     0.1063298     0.1082964     0.1100418     0.1115904     0.1143348     0.1185844     0.1213641             0
