 51            10 
             0    -0.3492382    -0.3371798    -0.3276283    -0.3201052    -0.3114379    -0.3016339    -0.2920721    -0.2847238     -0.278573     -0.272154    -0.2638009    -0.2514332    -0.2363211       -0.2203    -0.2034504    -0.1858548    -0.1675893    -0.1487405    -0.1294169
    -0.1097954    -0.0904577 -7.104133E-02 -4.746154E-02    -0.0242645 -1.449656E-03  2.097479E-02  4.298285E-02  6.452718E-02  8.553985E-02      0.103385     0.1182818     0.1327295     0.1443466     0.1533898     0.1621601     0.1706322     0.1787773     0.1865625     0.1939498
     0.2026343     0.2155658      0.229902      0.244916     0.2606784     0.2746266     0.2870798     0.3094231     0.3461786     0.3766208             0
             0    -0.3561291     -0.344008    -0.3343449    -0.3267513    -0.3180287     -0.308141    -0.2984698    -0.2910204    -0.2847745    -0.2782445      -0.26973    -0.2570845    -0.2415836     -0.225111    -0.2077938    -0.1897545    -0.1709968    -0.1515868    -0.1316364
    -0.1113293    -0.0911604 -6.934423E-02 -4.538724E-02 -2.218169E-02  6.857297E-04  2.325785E-02  4.552877E-02  6.744763E-02  8.893557E-02     0.1072796     0.1226643     0.1376735      0.149837     0.1593687     0.1686882     0.1777844     0.1866455     0.1952487     0.2035436
     0.2133884     0.2275402      0.242461     0.2568589     0.2703608     0.2826568      0.294001     0.3148823     0.3501729     0.3793572             0
             0    -0.4600542    -0.4473329    -0.4364776     -0.427679    -0.4172686    -0.4051292    -0.3929355    -0.3833674    -0.3752515    -0.3666725    -0.3553705    -0.3383448    -0.3171284     -0.294276    -0.2699941    -0.2444934    -0.2178189    -0.1901028    -0.1615411
    -0.1324304    -0.1035129 -7.226024E-02 -3.801091E-02 -4.934962E-03  2.752604E-02  5.939083E-02  9.060068E-02     0.1210254     0.1504888     0.1752545     0.1957342     0.2153876      0.231014     0.2430863      0.254708     0.2658613     0.2765302     0.2866886     0.2962813
     0.3074159      0.322811     0.3382404     0.3522277     0.3645557     0.3750262     0.3839933     0.3992305     0.4186735     0.4244706             0
             0    -0.5628076    -0.5549104    -0.5461625    -0.5383327    -0.5282489    -0.5155755    -0.5019862    -0.4908607    -0.4811836    -0.4707196    -0.4566523    -0.4349017    -0.4070544    -0.3764911    -0.3436126    -0.3088507    -0.2723694    -0.2344224    -0.1953214
    -0.1554919    -0.1159533 -7.326616E-02 -2.645406E-02  1.881235E-02     0.0633092     0.1070536     0.1499298     0.1916869     0.2319684     0.2655452     0.2930233     0.3190012      0.339236     0.3546003      0.369089     0.3826595     0.3952794     0.4069133     0.4175055
     0.4293041     0.4444128     0.4579559     0.4685003     0.4762822      0.481484      0.484665     0.4877432     0.4810951     0.4595367             0
             0    -0.6462646    -0.6495905    -0.6475108    -0.6438776    -0.6373338    -0.6270498    -0.6140919    -0.6024646    -0.5918369    -0.5798569    -0.5631893    -0.5363761    -0.5008572    -0.4612133    -0.4183194    -0.3730835    -0.3259001     -0.277182    -0.2273345
    -0.1768467    -0.1269174 -7.312011E-02 -1.401567E-02  4.341674E-02     0.1003099     0.1568136     0.2128675     0.2681651     0.3221525     0.3675413     0.4047483     0.4397578     0.4666442     0.4867232     0.5052103     0.5219647       0.53688     0.5498779     0.5608996
     0.5721244     0.5839176     0.5911406     0.5931321     0.5913364     0.5868006      0.580398     0.5651881     0.5280011     0.4825556             0
             0    -0.7098815    -0.7296028    -0.7392008    -0.7438102    -0.7453542      -0.74199    -0.7328668    -0.7222279    -0.7113143    -0.6979243    -0.6781264    -0.6443791    -0.5981564    -0.5463963    -0.4909862    -0.4336186    -0.3749244    -0.3153731    -0.2553141
    -0.1951323    -0.1360183 -7.251994E-02  -2.60449E-03  6.581665E-02     0.1344214     0.2037466     0.2740937     0.3454417     0.4173621     0.4799294      0.532463     0.5828456     0.6218556     0.6508217     0.6769808     0.6997737     0.7187231     0.7334958     0.7439716
     0.7518494     0.7531477     0.7443386     0.7280301     0.7084383     0.6880641     0.6678449     0.6290275     0.5613816     0.4972913             0
             0    -0.7471529    -0.7824334     -0.805705    -0.8213885    -0.8357264    -0.8456768    -0.8461846    -0.8394372    -0.8293403    -0.8141974    -0.7893174    -0.7441807     -0.682427    -0.6154982    -0.5464703     -0.477504    -0.4089797    -0.3410162    -0.2736124
    -0.2068473    -0.1417236 -7.198032E-02  4.941689E-03  8.070344E-02     0.1575554     0.2366035     0.3188607     0.4051952      0.496252     0.5801939     0.6544107     0.7297503      0.791481     0.8387203     0.8820943     0.9194582     0.9484726     0.9670893     0.9744278
     0.9710025     0.9436789     0.8996928     0.8510267      0.805201     0.7651222     0.7301153     0.6693151     0.5798231      0.504815             0
             0    -0.7643011    -0.8085148    -0.8409637    -0.8651424    -0.8911413    -0.9163469    -0.9319837    -0.9336935    -0.9263723    -0.9080244    -0.8741379    -0.8130463    -0.7349781     -0.655266    -0.5765177    -0.5002415    -0.4260725    -0.3535991    -0.2824494
    -0.2124421    -0.1444222 -7.169818E-02  8.578777E-03  8.791244E-02     0.1688954      0.253025     0.3418767     0.4371685     0.5408737     0.6409351     0.7337513     0.8340556     0.9230695     0.9955193      1.066535      1.131421      1.182897      1.211483      1.209552
      1.179352      1.101514       1.01098      0.929146     0.8610422     0.8066353     0.7621018     0.6885471     0.5880718     0.5080644             0
             0    -0.7738956    -0.8236908    -0.8624474    -0.8930731    -0.9292752    -0.9711301      -1.01035     -1.032604     -1.035879     -1.006692    -0.9519496    -0.8667992    -0.7714683    -0.6809151    -0.5950078    -0.5138179    -0.4360788    -0.3608689    -0.2875101
    -0.2156271    -0.1459513 -7.153178E-02  1.065649E-02  9.204211E-02     0.1754345     0.2625955     0.3555071     0.4565576        0.5689      0.680949      0.788951     0.9122769      1.030878      1.134945      1.247296      1.363382      1.470399      1.537716      1.498785
      1.401423      1.241762      1.096003     0.9829689     0.8968237     0.8320255     0.7810986      0.699511     0.5926217     0.5098265             0
             0    -0.7788389    -0.8317304    -0.8742707    -0.9091594    -0.9532404     -1.011871     -1.088129     -1.168262     -1.230149     -1.142223     -1.029437    -0.9069958    -0.7945626    -0.6957992    -0.6052496    -0.5211434    -0.4413944    -0.3646934    -0.2901559
    -0.2172855    -0.1467451 -7.144342E-02  1.174031E-02  9.420058E-02     0.1788678      0.267658     0.3628007     0.4671205     0.5846086     0.7043432     0.8229824     0.9645403      1.111045       1.25065      1.421112      1.634892      1.910003      2.270588      1.944007
      1.647133      1.359103      1.154604      1.016065     0.9173146     0.8459853     0.7913018     0.7052295     0.5949443     0.5107166             0
