 51            10 
             0    -0.3493457    -0.3372815    -0.3277249     -0.320201    -0.3115368    -0.3017361    -0.2921767    -0.2848297    -0.2786795    -0.2722606    -0.2639067    -0.2515356     -0.236417    -0.2203869    -0.2035292    -0.1859281    -0.1676492    -0.1487665    -0.1293543
    -0.1094548 -8.895078E-02 -6.693026E-02 -4.478985E-02 -2.261624E-02 -5.115466E-04  2.143432E-02  4.315145E-02  6.456875E-02  8.561037E-02     0.1036258     0.1187782     0.1336146     0.1456962     0.1552046     0.1645525      0.173739      0.182766     0.1916372     0.2003574
     0.2110752     0.2250694     0.2399553     0.2537507     0.2664026     0.2783534      0.289551     0.3103836     0.3463987     0.3770279             0
             0     -0.356355    -0.3442395    -0.3345391    -0.3269423    -0.3182694    -0.3084185    -0.2987744    -0.2913436    -0.2851115    -0.2785927    -0.2700863    -0.2574301    -0.2419002    -0.2253661    -0.2080055    -0.1900139    -0.1712632    -0.1518054    -0.1317289
    -0.1111147 -8.992633E-02 -6.758449E-02 -4.496885E-02 -2.223505E-02  3.639045E-04  2.269422E-02  4.480253E-02  6.663697E-02  8.810183E-02     0.1064578     0.1218704     0.1369281      0.149152     0.1587392      0.168109     0.1772548      0.186202       0.19497     0.2035781
     0.2141707      0.228147     0.2431642     0.2572543     0.2702762     0.2825071     0.2938568      0.314812     0.3502283     0.3795475             0
             0    -0.4603732    -0.4476819    -0.4368003    -0.4280065    -0.4176651    -0.4055802    -0.3934284    -0.3838889    -0.3757939    -0.3672318    -0.3559418    -0.3389008    -0.3176385    -0.2946907    -0.2703358    -0.2448918    -0.2182197     -0.190432     -0.161691
    -0.1321478    -0.1017866 -6.982048E-02 -3.751185E-02 -5.120057E-03  2.695327E-02     0.0584707  8.944686E-02     0.1197491     0.1491765     0.1739552     0.1944696     0.2141841     0.2298865     0.2420281     0.2537112      0.264922     0.2756885     0.2860318     0.2959742
     0.3079386     0.3231781     0.3386918     0.3524383     0.3643491     0.3747974     0.3838042     0.3991691     0.4188227     0.4247082             0
             0     -0.563349    -0.5556052    -0.5469245    -0.5391433    -0.5291809    -0.5166165    -0.5031101    -0.4920357    -0.4823926    -0.4719529    -0.4578975    -0.4361072    -0.4081499    -0.3774028     -0.344352    -0.3096142    -0.2730955    -0.2350226    -0.1956615
    -0.1552427    -0.1137568 -7.014588E-02     -0.026024  1.826773E-02  6.219031E-02     0.1054035     0.1478938     0.1894093     0.2295631     0.2630893     0.2905591     0.3165698     0.3368729     0.3523087      0.366866     0.3805004     0.3932313     0.4050742     0.4160509
     0.4287339     0.4438193     0.4574783     0.4680194     0.4756359     0.4809432     0.4842512     0.4875792     0.4812987     0.4598147             0
             0    -0.6471716    -0.6510047    -0.6492984    -0.6458768    -0.6396337     -0.629642    -0.6168953    -0.6053789    -0.5948123    -0.5828605    -0.5661788     -0.539222    -0.5033795    -0.4633053    -0.4199591    -0.3745925    -0.3272366    -0.2782657    -0.2280264
    -0.1767664    -0.1243961 -6.949856E-02 -1.383575E-02  4.230243E-02  9.837902E-02     0.1540769     0.2094642     0.2642319     0.3177897     0.3628479     0.3998046     0.4346182     0.4614106     0.4814534     0.4999267     0.5166767     0.5316631     0.5448619     0.5562826
     0.5684025     0.5806252     0.5882259     0.5909059     0.5896189     0.5855265     0.5794667     0.5647846     0.5282114     0.4828592             0
             0    -0.7112573    -0.7321867    -0.7428836    -0.7481663    -0.7505604    -0.7480803    -0.7395916    -0.7292471    -0.7184598    -0.7050738    -0.6851222    -0.6508329    -0.6036221    -0.5507721    -0.4942429    -0.4363482    -0.3771785    -0.3171347    -0.2564822
    -0.1953166    -0.1333095 -6.857057E-02 -2.769814E-03  6.403687E-02     0.1315326     0.1996709     0.2688852       0.33912     0.4098682     0.4712797     0.5227444     0.5720282     0.6101748     0.6385189     0.6641423     0.6864793     0.7051795     0.7199928     0.7308467
     0.7396472     0.7429141     0.7357095     0.7219912     0.7045552     0.6854283     0.6660209     0.6282695     0.5615696     0.4976103             0
             0    -0.7489316    -0.7862983    -0.8118193    -0.8290787    -0.8455157    -0.8578965    -0.8603056     -0.854419     -0.844623    -0.8293446    -0.8037789     -0.756833    -0.6924216    -0.6230294    -0.5517337    -0.4815969    -0.4121675    -0.3434153    -0.2752034
    -0.2072709    -0.1389422 -6.787156E-02  4.493002E-03  7.840279E-02     0.1538876     0.2313673     0.3119444     0.3963535     0.4850005     0.5661288     0.6373578     0.7090997     0.7674168     0.8118352     0.8524543     0.8872961     0.9144882     0.9323493        0.9401
     0.9382116     0.9180238      0.880132     0.8384789     0.7980626     0.7606802     0.7272255     0.6682141     0.5799841     0.5051414             0
             0    -0.7662987    -0.8131798    -0.8487979    -0.8754175    -0.9049306    -0.9346725    -0.9543357    -0.9579948     -0.951353    -0.9325069    -0.8968575    -0.8318079    -0.7488676    -0.6652085     -0.583167    -0.5052016    -0.4298173      -0.35636    -0.2842721
    -0.2129958    -0.1416161 -6.752344E-02  7.982543E-03  8.534243E-02     0.1648144     0.2471482     0.3339637     0.4267409     0.5270139     0.6226611      0.710342     0.8037423     0.8852597     0.9508354      1.014361      1.071706      1.117066      1.142702       1.14199
      1.116232      1.055984     0.9797877     0.9105207      0.851247     0.8008787      0.758501     0.6872474     0.5882173     0.5083938             0
             0    -0.7760257    -0.8288784    -0.8714941    -0.9052901     -0.946355    -0.9950755     -1.041194     -1.067557     -1.073684     -1.041834    -0.9831698    -0.8911588    -0.7885388    -0.6926567    -0.6026216    -0.5193508    -0.4401781    -0.3638539    -0.2894736
    -0.2162594    -0.1431338 -6.732219E-02  9.973027E-03      0.089313      0.171106     0.2563269     0.3469651     0.4450855     0.5532187     0.6595123     0.7603861     0.8733315     0.9794157      1.070913      1.168035      1.266901      1.357787      1.416022       1.38243
      1.298365      1.173604      1.053747     0.9591528     0.8849767     0.8253287      0.777016     0.6980867     0.5927576     0.5101576             0
             0    -0.7810408    -0.8372173    -0.8840567    -0.9226316    -0.9726442     -1.040289     -1.127199     -1.221611     -1.335375     -1.195763     -1.068884    -0.9357997    -0.8138679    -0.7086983    -0.6134458    -0.5270073    -0.4456927    -0.3678017    -0.2921958
    -0.2179603    -0.1439226 -6.721656E-02  1.101038E-02  9.138671E-02     0.1744062     0.2611753     0.3539076     0.4550458     0.5678254     0.6808689     0.7908513     0.9190222      1.047924      1.168256      1.312611      1.492206      1.727488      2.055399      1.755004
      1.495757      1.268172      1.103301     0.9884626     0.9041128     0.8387094     0.7869356     0.7037361      0.595075     0.5110485             0
