 51            10 
             0    -0.2601836    -0.2511452    -0.2439853    -0.2383431    -0.2318397    -0.2244833    -0.2173095    -0.2117971    -0.2071836    -0.2023695    -0.1961058    -0.1868337    -0.1755071    -0.1635008    -0.1508726    -0.1376842    -0.1239997    -0.1098913 -9.544223E-02
 -8.073436E-02 -6.571914E-02 -4.851529E-02 -3.131907E-02 -1.419836E-02  2.781023E-03  1.955515E-02     0.0360621  5.224222E-02  6.803866E-02      0.081478  9.272718E-02     0.1036868     0.1125637     0.1195229     0.1263354     0.1329973     0.1395052     0.1458559      0.152047
     0.1595833      0.169703     0.1806018     0.1908288     0.2003834     0.2092696     0.2174962     0.2326566     0.2584927     0.2801218             0
             0    -0.2652687    -0.2561778    -0.2489497    -0.2432527    -0.2366839    -0.2292422     -0.221969    -0.2163695    -0.2116766    -0.2067729    -0.2003837     -0.190907    -0.1793043     -0.166987    -0.1540241    -0.1404828    -0.1264193    -0.1119003 -9.701247E-02
 -8.185167E-02 -6.639836E-02 -4.878753E-02 -3.116371E-02 -1.362087E-02  3.772317E-03  2.094937E-02  3.784577E-02  5.439889E-02  7.054819E-02  8.427501E-02  9.575474E-02     0.1069271     0.1159653     0.1230442     0.1299669     0.1367294      0.143328     0.1497599     0.1560225
      0.163637      0.173844     0.1848115      0.195078     0.2046437     0.2135126     0.2216959     0.2367246     0.2620659     0.2828442             0
             0    -0.3431046    -0.3335467    -0.3254153     -0.318807    -0.3109598    -0.3018163    -0.2926408    -0.2854457    -0.2793459    -0.2729025    -0.2644212    -0.2516638    -0.2357887    -0.2187093    -0.2005422    -0.1814083    -0.1614155    -0.1406866    -0.1193713
    -0.0976296 -7.545067E-02 -5.016338E-02 -2.489511E-02  1.911526E-04  2.496594E-02  4.929883E-02  7.305725E-02  9.610614E-02     0.1183092     0.1368789     0.1521809     0.1668174     0.1784216     0.1873744     0.1959866     0.2042499     0.2121579     0.2197062     0.2268926
      0.235423     0.2464208     0.2575791     0.2673835     0.2759085      0.283241     0.2894785     0.2999674     0.3129259     0.3162731             0
             0    -0.4199615    -0.4139247    -0.4073045    -0.4013832    -0.3937393    -0.3841542    -0.3739018    -0.3655229    -0.3582437     -0.350383    -0.3398304    -0.3235503    -0.3027512    -0.2799543     -0.255408     -0.229368    -0.2020575    -0.1736988    -0.1445263
    -0.1147636 -8.436854E-02    -0.0495924 -1.482956E-02  1.972465E-02  5.390972E-02  8.754498E-02     0.1204208     0.1522922     0.1828763     0.2082342     0.2289009     0.2483556     0.2634433     0.2748682     0.2856161     0.2956606     0.3049821     0.3135687     0.3214167
     0.3303092     0.3408735     0.3502373     0.3571616      0.361964     0.3649729     0.3665053     0.3671954     0.3595504     0.3422036             0
             0    -0.4822399    -0.4843397    -0.4824923    -0.4795779    -0.4744434    -0.4665085    -0.4566323     -0.447833    -0.4398224    -0.4308248    -0.4183465    -0.3983545    -0.3719647    -0.3425495    -0.3106903    -0.2769349    -0.2417124    -0.2053758     -0.168229
    -0.1305082    -0.0920603 -4.796467E-02 -3.815731E-03      0.040286     0.0842706     0.1280166     0.1713226     0.2138765     0.2552249     0.2898079     0.3180343     0.3444641     0.3646502     0.3796672     0.3934391      0.405867     0.4168743     0.4264126     0.4344676
     0.4427081     0.4505842     0.4546691     0.4548108     0.4520027      0.447125      0.440894     0.4268172     0.3948593     0.3592474             0
             0    -0.5295635    -0.5434045    -0.5497724    -0.5526537    -0.5531431    -0.5499348    -0.5426029    -0.5344017    -0.5261288    -0.5160987    -0.5013923     -0.476523    -0.4426154    -0.4046336    -0.3638722    -0.3213553    -0.2777486    -0.2334768    -0.1888134
    -0.1438927 -9.834331E-02 -4.608767E-02  6.344646E-03  5.910369E-02     0.1123831     0.1663217     0.2209573     0.2761577       0.33152     0.3793914     0.4193685     0.4574682       0.48676     0.5084049     0.5278576     0.5447234     0.5586588     0.5694252     0.5769408
     0.5823973     0.5826102     0.5742921     0.5606237     0.5441839      0.526763     0.5094806     0.4764442     0.4201472     0.3701734             0
             0     -0.557188     -0.582006    -0.5977666    -0.6082119    -0.6172868     -0.622801    -0.6215815     -0.615752    -0.6079178    -0.5967304    -0.5787453    -0.5464543    -0.5022361    -0.4539789    -0.4038591    -0.3531803    -0.3025505     -0.252204    -0.2021893
    -0.1524138    -0.1022395 -4.474018E-02  1.305813E-02  7.159869E-02     0.1314137     0.1930475     0.2570392     0.3238725     0.3938596     0.4577641     0.5137482     0.5699607     0.6154568     0.6499905     0.6814592     0.7083971      0.729209      0.742496     0.7476105
     0.7446361     0.7255561     0.6920952     0.6553596     0.6197742     0.5872605     0.5584078     0.5079308     0.4341812     0.3757581             0
             0    -0.5698715    -0.6009321    -0.6228845    -0.6389845    -0.6556007    -0.6705729    -0.6781067    -0.6767077    -0.6701664    -0.6573589    -0.6345298    -0.5928851    -0.5384747    -0.4818894    -0.4252672    -0.3695406    -0.3149298    -0.2613553     -0.208628
    -0.1564714    -0.1040745 -4.407628E-02  1.628918E-02  7.764011E-02     0.1407214     0.2063581     0.2754866     0.3491788     0.4286399     0.5043044     0.5735543     0.6471633     0.7112463     0.7627227     0.8125532     0.8576099     0.8931063     0.9127815     0.9113467
     0.8896492     0.8380429     0.7733718     0.7140378     0.6628442     0.6196541     0.5834808     0.5229822     0.4404702     0.3781712             0
             0    -0.5769601    -0.6119002    -0.6380612    -0.6583729    -0.6813752    -0.7060391    -0.7255225    -0.7324404    -0.7291609    -0.7129087     -0.681531    -0.6275995    -0.5630832    -0.4996658    -0.4383442    -0.3792641    -0.3221545    -0.2666309    -0.2123092
    -0.1587779    -0.1051122 -4.369389E-02  1.813327E-02  8.109757E-02     0.1460812     0.2140992     0.2863741     0.3644407     0.4502949     0.5345626     0.6144249     0.7037036       0.78745     0.8596787     0.9364371      1.014839      1.086869      1.132687      1.105383
      1.037691     0.9339554     0.8336791     0.7536753     0.6901739     0.6393734     0.5983407     0.5315661     0.4439422     0.3794802             0
             0    -0.5806094    -0.6176929    -0.6463547    -0.6693971    -0.6971306    -0.7306985    -0.7656272     -0.789071    -0.7959569    -0.7694448    -0.7214214    -0.6518698    -0.5782344    -0.5098531    -0.4455419     -0.384492    -0.3259838    -0.2694021    -0.2142315
    -0.1599779    -0.1056502 -4.349356E-02  1.909459E-02  8.290341E-02     0.1488926     0.2181875     0.2921852       0.37272     0.4623478     0.5520602     0.6392379     0.7407105     0.8427146     0.9380228        1.0526      1.195579      1.382583      1.641482      1.403896
      1.197626      1.011165     0.8740942     0.7775819     0.7056836     0.6501697     0.6063071     0.5360439     0.4457155     0.3801414             0
