 51            10 
             0    -0.2602601    -0.2512158    -0.2440531    -0.2384097    -0.2319058     -0.224549    -0.2173746    -0.2118618    -0.2072477    -0.2024328     -0.196168    -0.1868937    -0.1755637    -0.1635536    -0.1509216    -0.1377294    -0.1240397    -0.1099239 -9.547004E-02
 -8.081277E-02 -6.661063E-02 -5.451271E-02 -3.435944E-02    -0.0159559  1.571509E-03  1.857688E-02  3.518493E-02  5.141931E-02  6.725959E-02  8.074117E-02  9.203141E-02     0.1030373     0.1119569     0.1189521     0.1258024     0.1325038     0.1390529     0.1454471     0.1516843
     0.1592828     0.1695018     0.1805344     0.1909137     0.2006321     0.2096835     0.2180708      0.233537     0.2598633     0.2787391             0
             0    -0.2653683    -0.2562725    -0.2490385     -0.243341    -0.2367766    -0.2293399    -0.2220703    -0.2164729    -0.2117813    -0.2068782    -0.2004888     -0.191009    -0.1793991    -0.1670721     -0.154102      -0.14056    -0.1264927    -0.1119629 -9.706112E-02
 -8.193523E-02    -0.0672866 -4.959613E-02 -3.173196E-02 -1.426161E-02  3.051777E-03  2.015445E-02  3.699303E-02     0.0535123  6.965396E-02  8.339518E-02  9.489845E-02     0.1061028     0.1151718     0.1222761     0.1292237     0.1360093     0.1426284     0.1490775      0.155355
     0.1629902     0.1732688      0.184356     0.1947903     0.2045542     0.2135966     0.2219368     0.2372585     0.2631209     0.2843552             0
             0    -0.3432391    -0.3336799    -0.3255449    -0.3189379     -0.311098    -0.3019624    -0.2927929    -0.2856013    -0.2795036    -0.2730613    -0.2645797    -0.2518178    -0.2359315    -0.2188365    -0.2006572    -0.1815202    -0.1615205    -0.1407754    -0.1194406
 -9.775164E-02 -7.673527E-02 -5.135755E-02 -2.577704E-02 -8.297717E-04  2.379448E-02  4.798486E-02     0.0716261  9.459518E-02     0.1167602     0.1353317     0.1506551     0.1653294     0.1769753      0.185965     0.1946161     0.2029188     0.2108655     0.2184511     0.2256738
     0.2342535     0.2453696     0.2567137     0.2667516     0.2755465     0.2831267     0.2895943     0.3005155     0.3142194     0.3179733             0
             0    -0.4201566    -0.4141431    -0.4075366    -0.4016272    -0.3940012    -0.3844343    -0.3741953    -0.3658236    -0.3585483    -0.3506893    -0.3401353    -0.3238448    -0.3030216    -0.2801924    -0.2556168    -0.2295617    -0.2022334    -0.1738471    -0.1446465
    -0.1149625    -0.0861892 -5.138487E-02 -1.629096E-02  1.797616E-02  5.185772E-02  8.519928E-02     0.1178158     0.1494812     0.1799225     0.2052126     0.2258566     0.2453213     0.2604414     0.2719029     0.2826962     0.2927931     0.3021726     0.3108214     0.3187356
       0.32772     0.3384688     0.3481283      0.355396     0.3606031     0.3640138     0.3659343     0.3673602     0.3609314     0.3440757             0
             0    -0.4825215    -0.4847169    -0.4829406    -0.4800753    -0.4749966     -0.467116    -0.4572777    -0.4484964    -0.4404941    -0.4314977    -0.4190111    -0.3989863    -0.3725309    -0.3430341    -0.3110962    -0.2772877    -0.2420167    -0.2056264    -0.1684332
    -0.1308128 -9.444307E-02 -5.041732E-02 -5.956435E-03  3.767302E-02  8.115871E-02     0.1244108     0.1672611      0.209427     0.2504766     0.2848881     0.3130285     0.3394325     0.3596431     0.3747005     0.3885298     0.4010281     0.4121145     0.4217376     0.4298804
     0.4382358     0.4463082     0.4507625     0.4513231     0.4490684     0.4448003      0.439185     0.4262888     0.3961792     0.3612218             0
             0    -0.5299494    -0.5440288    -0.5506045    -0.5536361    -0.5542959    -0.5512609    -0.5440522    -0.5359061    -0.5276535    -0.5176172    -0.5028703    -0.4778836    -0.4437802    -0.4055833    -0.3646219     -0.321963    -0.2782423     -0.233868    -0.1891251
    -0.1443137    -0.1012381 -4.914344E-02  3.576948E-03  5.569145E-02     0.1082876     0.1615434      0.215545     0.2702136     0.3251999     0.3729244     0.4129128     0.4511665     0.4806921     0.5025624     0.5222579     0.5393572     0.5534886     0.5643888     0.5719615
     0.5773953     0.5774234     0.5691323     0.5555995     0.5396623     0.5229827     0.5065304     0.4751485      0.421351     0.3722058             0
             0    -0.5576608     -0.582895    -0.5990806    -0.6098695    -0.6193786    -0.6254013    -0.6246164    -0.6190075    -0.6112491     -0.600003    -0.5818139    -0.5490909    -0.5043247    -0.4555668    -0.4050313    -0.3540699     -0.303235    -0.2527255    -0.2025931
    -0.1529231    -0.1054711 -4.818559E-02  9.890273E-03     0.0676804     0.1267018     0.1875515     0.2508451     0.3171712     0.3869847     0.4511968     0.5078524      0.565226     0.6121107     0.6479266     0.6807536     0.7089667     0.7307516     0.7444739     0.7493451
     0.7453387        0.7239     0.6884411     0.6503981     0.6146138     0.5826363     0.5546495     0.5060998     0.4352933     0.3778173             0
             0    -0.5703911     -0.601985     -0.624537    -0.6411698    -0.6585476    -0.6746095    -0.6834648    -0.6830884    -0.6770247    -0.6637573    -0.6399218    -0.5969535    -0.5414006    -0.4839737    -0.4267329    -0.3706096    -0.3157277    -0.2619504    -0.2090817
    -0.1570258     -0.107468 -4.770681E-02  1.293315E-02     0.0734857     0.1357259     0.2005426     0.2689735     0.3422488     0.4218237     0.4984076     0.5692834     0.6456922       0.71337     0.7684383     0.8224677     0.8719477     0.9112616     0.9327725     0.9297355
     0.9034021     0.8438579     0.7731283     0.7102121     0.6577893     0.6147679     0.5793827     0.5208951     0.4415365     0.3802414             0
             0    -0.5775079    -0.6130598    -0.6399533    -0.6609666    -0.6850992    -0.7117973    -0.7350599     -0.747033    -0.7478091    -0.7275188    -0.6911012    -0.6333837    -0.5667709    -0.5021347    -0.4400167     -0.380452    -0.3230245    -0.2672715     -0.212793
    -0.1593589     -0.108598 -4.742934E-02  1.467121E-02  7.681078E-02     0.1409282     0.2081105     0.2797011     0.3574367     0.4436626     0.5294235     0.6118858     0.7058429      0.796155     0.8755974       0.96191      1.052224      1.137326      1.192794      1.156301
      1.072469     0.9496347     0.8374018     0.7511907     0.6854067     0.6344106     0.5940728     0.5293344     0.4449819     0.3815562             0
             0    -0.5811724    -0.6189137    -0.6483945    -0.6722702    -0.7015136    -0.7385963    -0.7839679    -0.8327586    -0.8797691    -0.8131495    -0.7397936     -0.659789    -0.5825704    -0.5125864    -0.4473422    -0.3857492    -0.3268945    -0.2700677    -0.2147316
    -0.1605729    -0.1091842 -4.728344E-02  1.557774E-02  7.854848E-02     0.1436591     0.2121121      0.285438     0.3657026     0.4558843       0.54752     0.6380943     0.7459822     0.8578268     0.9651439      1.098214      1.270325      1.505719      1.864217      1.528536
      1.264187        1.0378     0.8814644     0.7762427     0.7011943     0.6452043     0.6019623     0.5337377     0.4467412     0.3822203             0
