 51            10 
             0    -0.2604198    -0.2507178    -0.2424591     -0.236792     -0.230976      -0.22396    -0.2168182    -0.2111824    -0.2063836    -0.2012868    -0.1945287    -0.1842034    -0.1718898    -0.1589373    -0.1465339    -0.1348299    -0.1218693    -0.1078371 -9.285101E-02
 -7.696407E-02 -6.016038E-02 -4.387524E-02 -2.817447E-02 -1.170312E-02  4.194932E-03  1.934822E-02  3.478502E-02  5.033738E-02  6.586505E-02  7.933097E-02  9.076142E-02     0.1020649     0.1113758     0.1187676     0.1256435     0.1319986     0.1382834     0.1444889     0.1506064
     0.1581324     0.1683877     0.1796436      0.190422     0.2007324     0.2100544     0.2183697     0.2339787     0.2611061     0.2840823             0
             0    -0.2659905    -0.2569398    -0.2495369    -0.2438237     -0.237559    -0.2302477    -0.2230727    -0.2175497    -0.2129203     -0.208077    -0.2017423    -0.1922002    -0.1805804     -0.167917    -0.1547068    -0.1417265    -0.1277506    -0.1130719 -9.779366E-02
 -8.199254E-02 -6.543363E-02 -4.879085E-02 -3.240091E-02 -1.526402E-02  1.573902E-03  1.779607E-02  3.415581E-02  5.047891E-02  6.662932E-02  8.042897E-02  9.200836E-02     0.1033448     0.1126358     0.1200391     0.1270221     0.1335513     0.1400318      0.146431     0.1527387
     0.1604924      0.170946     0.1822736     0.1930007     0.2031579     0.2125797     0.2211827     0.2372379      0.264002     0.2861564             0
             0    -0.3441142    -0.3346753     -0.326401    -0.3198293    -0.3123761    -0.3034267    -0.2944039    -0.2873251    -0.2813202    -0.2749657    -0.2665646    -0.2537203    -0.2378156    -0.2202197    -0.2016787    -0.1832834    -0.1633804    -0.1424099    -0.1205427
 -9.790979E-02 -7.419629E-02 -5.038847E-02 -2.697273E-02 -2.554513E-03  2.134485E-02  4.425034E-02  6.718502E-02  8.985341E-02     0.1120131     0.1306593     0.1460875     0.1609455      0.172894      0.182283       0.19101     0.1990319     0.2068523     0.2144283     0.2217457
     0.2305494     0.2420108     0.2537983     0.2643355     0.2736935      0.281808     0.2886964     0.3006065     0.3157126     0.3201095             0
             0    -0.4216688    -0.4161347    -0.4096987    -0.4040914    -0.3970331    -0.3878463    -0.3779022    -0.3697292    -0.3626016    -0.3548679    -0.3444124    -0.3279636    -0.3070138    -0.2833413    -0.2581008    -0.2328565    -0.2054994    -0.1766897    -0.1466837
    -0.1156782 -8.324515E-02 -5.072158E-02 -1.873015E-02  1.465249E-02  4.735419E-02  7.872595E-02     0.1101427     0.1411487     0.1713352     0.1965242     0.2171534     0.2367315     0.2521647     0.2640931     0.2749717     0.2847359     0.2940019     0.3027084     0.3108336
     0.3202446     0.3317132     0.3422966     0.3505768     0.3567782     0.3611124     0.3638446     0.3668486     0.3627774     0.3465052             0
             0    -0.4850931    -0.4887939     -0.488197    -0.4864779    -0.4825451    -0.4756873    -0.4665973    -0.4582333    -0.4504858    -0.4416479    -0.4292015    -0.4086977    -0.3816261    -0.3504381    -0.3170275    -0.2836772    -0.2478672    -0.2105541     -0.172057
    -0.1325955 -9.155607E-02 -5.052399E-02 -1.013287E-02  3.216541E-02  7.384796E-02     0.1141925     0.1550122     0.1957374     0.2357845     0.2694273     0.2969964     0.3230195     0.3432444     0.3586302     0.3723593     0.3843034      0.395195     0.4049258     0.4134539
      0.422608     0.4322013     0.4386696     0.4414144     0.4411423     0.4386502     0.4346451     0.4244661     0.3980774     0.3638358             0
             0     -0.533885    -0.5515084    -0.5616235    -0.5679104    -0.5715076    -0.5715449    -0.5665624    -0.5594875    -0.5517376    -0.5418096    -0.5266741    -0.4999117    -0.4633851    -0.4212691    -0.3768178    -0.3334101    -0.2879597    -0.2416894     -0.194833
    -0.1474914 -9.873645E-02 -5.022259E-02  -2.43409E-03     0.0478776  9.793455E-02     0.1471313     0.1978894     0.2497488     0.3021513     0.3474601     0.3853301     0.4216091     0.4499233     0.4712985     0.4900035     0.5056673     0.5190939     0.5299906     0.5382401
     0.5453275     0.5489287     0.5453951     0.5367805     0.5250002     0.5118011     0.4983874     0.4715831     0.4231378     0.3749308             0
             0    -0.5627716    -0.5941092    -0.6175647    -0.6353846    -0.6519841    -0.6664642    -0.6723934    -0.6699074     -0.663307     -0.651711    -0.6312973    -0.5924146    -0.5401078    -0.4827301    -0.4250035    -0.3711685    -0.3168893    -0.2632626    -0.2101307
    -0.1572787    -0.1033896 -5.002046E-02  2.567803E-03  5.820074E-02     0.1140669     0.1698387     0.2286409     0.2905081     0.3554754     0.4144818     0.4659962     0.5177295     0.5599607     0.5925258      0.621219     0.6448109     0.6636891     0.6765803     0.6828814
     0.6831827     0.6712635     0.6472966     0.6197186      0.591917     0.5659935     0.5428995     0.5010386     0.4369472     0.3805956             0
             0    -0.5761403    -0.6155373    -0.6483598    -0.6754968    -0.7047836    -0.7368538    -0.7604036    -0.7673665    -0.7637541    -0.7489551    -0.7187871    -0.6616256    -0.5911407    -0.5199251    -0.4520465    -0.3913009    -0.3317334    -0.2740305    -0.2176192
    -0.1620088    -0.1056229 -4.992637E-02  4.961232E-03      0.063175     0.1219275     0.1810971      0.244281     0.3119971     0.3850245     0.4539773     0.5166832     0.5830901     0.6410468     0.6880258     0.7315193     0.7689718     0.7991042     0.8167886     0.8178616
     0.8033048     0.7654468     0.7163061     0.6702568     0.6294882     0.5946294     0.5654694     0.5150238     0.4431158      0.383042             0
             0    -0.5836439    -0.6281422    -0.6675735    -0.7019786    -0.7427307    -0.7941587    -0.8436269    -0.8698443    -0.8744901    -0.8513153    -0.8017119    -0.7181565    -0.6279792    -0.5446584    -0.4690287    -0.4035148    -0.3405276    -0.2803077    -0.2219372
    -0.1647175    -0.1068972 -4.987392E-02  6.323901E-03  6.601773E-02     0.1264467     0.1876316     0.2534901     0.3249221     0.4033656      0.479563     0.5511784     0.6307201     0.7051535     0.7695329     0.8342344     0.8967696     0.9543418     0.9912897     0.9729591
     0.9231204      0.844449     0.7669122     0.7040798     0.6531407     0.6119393     0.5787736     0.5229732      0.446516     0.3843687             0
             0    -0.5875182    -0.6348739    -0.6783516    -0.7176516    -0.7673708    -0.8376343    -0.9227087    -0.9912164     -1.030413    -0.9726247    -0.8806252     -0.761124    -0.6519226     -0.559354    -0.4785765    -0.4101811    -0.3452384    -0.2836301    -0.2242051
    -0.1661332    -0.1075616 -4.984706E-02  7.033244E-03  6.750133E-02     0.1288148     0.1910784     0.2583982     0.3319221     0.4135537     0.4943222     0.5720556     0.6617607     0.7513478     0.8347966     0.9286223      1.039012      1.181151      1.371666      1.201672
      1.048935     0.9069188     0.8004527     0.7243251     0.6664848     0.6213693     0.5858799     0.5271111     0.4482509     0.3850389             0
