 51            10 
             0     -0.260385    -0.2513326    -0.2441648    -0.2385198    -0.2320168    -0.2246612    -0.2174877    -0.2119749    -0.2073606    -0.2025451    -0.1962788    -0.1870009    -0.1756645    -0.1636464    -0.1510069    -0.1378081    -0.1241069    -0.1099682 -9.547358E-02
 -8.075561E-02 -6.625059E-02 -5.168635E-02 -3.399934E-02 -1.659962E-02  5.132293E-04  1.733308E-02  3.384045E-02  4.999984E-02     0.0657603  7.914484E-02  9.031794E-02      0.101154     0.1098671     0.1166496     0.1232274     0.1295815     0.1356904     0.1415292     0.1470696
     0.1535828      0.163281     0.1740325     0.1852919     0.1971124     0.2075721     0.2169103     0.2336642     0.2612203     0.2840253             0
             0    -0.2655523     -0.256453    -0.2492017    -0.2435039    -0.2369593     -0.229541    -0.2222854    -0.2166968    -0.2120112    -0.2071124    -0.2007251    -0.1912388    -0.1796108     -0.167254    -0.1542639    -0.1407322    -0.1266618    -0.1121022 -9.713742E-02
 -8.190521E-02 -6.677671E-02 -5.041248E-02 -3.244264E-02 -1.503664E-02   2.11557E-03  1.904613E-02  3.575062E-02     0.0521909  6.830782E-02     0.0820665  9.360552E-02     0.1048628     0.1139856     0.1211345     0.1281243     0.1349464     0.1415922     0.1480445     0.1542655
     0.1616489     0.1722623     0.1834521     0.1942496     0.2043748     0.2135954     0.2221019     0.2377592     0.2642166     0.2860781             0
             0    -0.3434935    -0.3339438    -0.3257981    -0.3191963    -0.3113858    -0.3022785    -0.2931308     -0.285953    -0.2798647     -0.273429    -0.2649508    -0.2521791    -0.2362641    -0.2191221    -0.2009078    -0.1817796    -0.1617711    -0.1409813    -0.1195574
 -9.772183E-02 -7.603113E-02 -5.258882E-02    -0.0268989 -2.089273E-03  2.225895E-02  4.615983E-02  6.956932E-02  9.238974E-02      0.114489     0.1330645     0.1484252     0.1631661     0.1748863     0.1839409     0.1926574     0.2010225     0.2090243     0.2166431     0.2238375
     0.2321883      0.243734     0.2553051     0.2657943     0.2750386     0.2828896     0.2896127     0.3010358     0.3156042      0.319921             0
             0    -0.4205568    -0.4146249    -0.4080596    -0.4021843    -0.3946185    -0.3851106     -0.374916      -0.36657    -0.3593106    -0.3514611    -0.3409087    -0.3245931    -0.3037045    -0.2807788    -0.2561167    -0.2300421    -0.2026778    -0.1742142    -0.1448852
    -0.1150097 -8.535247E-02 -5.333333E-02 -1.822025E-02  1.573335E-02  4.910965E-02     0.0819215      0.114082     0.1454031     0.1756171     0.2008021     0.2214125     0.2408974     0.2560745     0.2675984     0.2784655     0.2886438      0.298109     0.3068345     0.3147786
     0.3236273     0.3349579     0.3451137     0.3530198     0.3588536      0.362752     0.3651344     0.3674358     0.3624313     0.3462267             0
             0    -0.4831484    -0.4856338    -0.4840695    -0.4813416    -0.4764307    -0.4687146    -0.4589934     -0.450271    -0.4422986     -0.433312    -0.4208093    -0.4006964    -0.3740539    -0.3443175    -0.3121435    -0.2782129    -0.2428217    -0.2062792    -0.1688897
    -0.1310198 -9.356866E-02 -5.321605E-02 -8.882575E-03  3.419679E-02  7.687178E-02     0.1192546     0.1613002     0.2027786     0.2432742     0.2773201     0.3052287     0.3314889     0.3516559     0.3667166     0.3805832     0.3931499     0.4043369     0.4140856     0.4223518
     0.4307698     0.4396129     0.4450271     0.4465166     0.4451651     0.4417583     0.4369512     0.4255331     0.3976189     0.3634948             0
             0    -0.5308605    -0.5456423    -0.5528361    -0.5562901     -0.557445    -0.5549187    -0.5480735    -0.5400922    -0.5319054    -0.5218612    -0.5070106    -0.4816972    -0.4470265    -0.4082028    -0.3666414    -0.3236118     -0.279587    -0.2349193    -0.1898707
    -0.1447297    -0.1003895 -5.276019E-02 -3.173895E-04     0.0510048      0.102465     0.1544659     0.2072338     0.2607527     0.3147015     0.3616347     0.4010415     0.4388349     0.4680973     0.4898254     0.5094478     0.5265447     0.5407583     0.5518384     0.5596949
     0.5656016     0.5665706     0.5599567     0.5477167     0.5330141      0.517725     0.5025525     0.4734241     0.4226601     0.3745491             0
             0    -0.5588136    -0.5852649    -0.6027139    -0.6144734    -0.6252236    -0.6326833    -0.6330612    -0.6279987    -0.6204243    -0.6090654    -0.5904033    -0.5565476    -0.5102286    -0.4600282    -0.4082534    -0.3565245     -0.305127      -0.25415    -0.2035924
    -0.1535136    -0.1046657 -5.235221E-02  5.346255E-03  6.217484E-02     0.1198217     0.1791164     0.2408191      0.305581     0.3738863     0.4368555     0.4925302     0.5490478     0.5953569     0.6307949     0.6633332     0.6913625     0.7131277     0.7270918     0.7325943
     0.7300203     0.7095146     0.6765079      0.639991     0.6056063     0.5755341     0.5492674     0.5036471     0.4364944     0.3801932             0
             0    -0.5716747    -0.6048258    -0.6291577    -0.6472887    -0.6667846    -0.6856856    -0.6974103    -0.6986906    -0.6931981    -0.6794354    -0.6540183    -0.6081964    -0.5496415    -0.4898537    -0.4307884    -0.3735771     -0.317946    -0.2635864    -0.2102193
    -0.1577086    -0.1066884 -5.213912E-02  8.075921E-03  6.758391E-02     0.1283296     0.1914364     0.2580863     0.3295682     0.4073628     0.4824258      0.552055     0.6273032     0.6940827      0.748436     0.8017142     0.8503932      0.889012     0.9104556     0.9090034
     0.8863401     0.8279326     0.7600012      0.698599     0.6474997     0.6066777     0.5732638     0.5180748     0.4426824     0.3826308             0
             0    -0.5788705    -0.6162077    -0.6452704    -0.6682366    -0.6953849    -0.7267729    -0.7561851     -0.772873    -0.7753279    -0.7534358    -0.7123769    -0.6485109     -0.577009    -0.5090902    -0.4446557    -0.3837591    -0.3254504    -0.2690383    -0.2140143
    -0.1600968    -0.1078345 -5.201349E-02  9.635242E-03  7.068247E-02     0.1332356     0.1986166     0.2683121     0.3441144     0.4283892      0.512446     0.5934688       0.68599     0.7749685     0.8530445     0.9373371      1.024433      1.104725       1.15523      1.126015
      1.052958     0.9331584     0.8237907     0.7389794     0.6743439     0.6257257     0.5875153     0.5262997     0.4460956     0.3839527             0
             0    -0.5825779    -0.6222373    -0.6541378    -0.6803012    -0.7133588    -0.7573285    -0.8145191    -0.8746167      -0.92103    -0.8550843    -0.7704927    -0.6786582    -0.5943297    -0.5202532    -0.4523369    -0.3892531    -0.3294369    -0.2719065    -0.2159984
    -0.1613404    -0.1084295    -0.0519468  1.044864E-02  7.230201E-02     0.1358115     0.2024146     0.2737841      0.352039     0.4401743     0.5299975     0.6190013     0.7252019     0.8351172     0.9398575      1.067752       1.22815      1.434566       1.70512      1.460072
      1.237317      1.021199      0.867758     0.7638101     0.6897169     0.6361986     0.5951698     0.5305896     0.4478379     0.3846204             0
