 51            10 
             0    -0.2604654    -0.2514087    -0.2442372    -0.2385916    -0.2320908    -0.2247378     -0.217566    -0.2120542    -0.2074403    -0.2026249     -0.196358    -0.1870776    -0.1757363    -0.1637114     -0.151066     -0.137863    -0.1241517    -0.1099876    -0.0954265
 -8.049989E-02 -6.511991E-02 -4.860229E-02 -3.199495E-02    -0.0153629  1.217291E-03  1.767818E-02  3.396735E-02  5.003145E-02  6.581363E-02  7.932586E-02  9.069064E-02     0.1018183     0.1108797     0.1180111     0.1250221      0.131912     0.1386822     0.1453355     0.1518754
     0.1599136     0.1704087     0.1815723     0.1919179     0.2014057     0.2103674      0.218764     0.2343849     0.2613858     0.2843317             0
             0    -0.2657213    -0.2566264     -0.249347    -0.2436469    -0.2371397     -0.229749    -0.2225137    -0.2169391    -0.2122638    -0.2073735    -0.2009921    -0.1914979    -0.1798481    -0.1674452    -0.1544225    -0.1409266    -0.1268614     -0.112266 -9.720658E-02
 -8.174395E-02 -6.585065E-02    -0.0490921 -3.212838E-02    -0.0150762  1.874669E-03  1.862389E-02  3.520644E-02  5.158343E-02  6.768305E-02  8.145072E-02  9.301071E-02     0.1043043     0.1134725      0.120663     0.1276904     0.1345498     0.1412602     0.1478361      0.154292
     0.1622362     0.1727179       0.18398     0.1945466     0.2043118     0.2134836     0.2219943     0.2377071     0.2642587     0.2862211             0
             0    -0.3437323    -0.3342053    -0.3260399    -0.3194418     -0.311683    -0.3026165    -0.2935004     -0.286344    -0.2802713    -0.2738484    -0.2653792     -0.252596    -0.2366465    -0.2194329     -0.201164    -0.1820783    -0.1620715     -0.141228    -0.1196696
 -9.750957E-02    -0.0747359 -5.075844E-02 -2.652421E-02 -2.227755E-03  2.182969E-02  4.547004E-02  6.870425E-02  9.143281E-02     0.1135051     0.1320904     0.1474771     0.1622638     0.1740411     0.1831476     0.1919102     0.2003184     0.2083934     0.2161509     0.2236075
     0.2325806     0.2440097      0.255644     0.2659526      0.274884     0.2827184     0.2894713     0.3009902     0.3157166     0.3200996             0
             0    -0.4209625    -0.4151458    -0.4086309     -0.402792    -0.3953174    -0.3858911    -0.3757588    -0.3674511    -0.3602173    -0.3523859    -0.3418425     -0.325497     -0.304526    -0.2814625    -0.2566712    -0.2306146    -0.2032223    -0.1746643    -0.1451401
    -0.1148226 -8.370464E-02 -5.099263E-02 -1.789748E-02  1.532499E-02     0.0482705  8.068386E-02     0.1125549     0.1436946     0.1738128     0.1989598     0.2195638     0.2390734     0.2543018     0.2658793     0.2767978      0.287024     0.2965724     0.3054547     0.3136871
     0.3231991     0.3345124     0.3447552      0.352659     0.3583689     0.3623464     0.3648242     0.3673131     0.3625844     0.3464355             0
             0    -0.4838284    -0.4866942      -0.48541    -0.4828407    -0.4781554    -0.4706586    -0.4610959    -0.4524566    -0.4445301    -0.4355645    -0.4230512    -0.4028307    -0.3759454    -0.3458863    -0.3133731    -0.2793446    -0.2438239    -0.2070919    -0.1694084
    -0.1309594 -9.167734E-02 -5.049951E-02 -8.747653E-03  3.336081E-02  7.542313E-02     0.1172014     0.1587469     0.1998275     0.2400006     0.2737982     0.3015189      0.327632     0.3477283     0.3627619      0.376618     0.3891814     0.4004217     0.4103211     0.4188865
      0.427976     0.4371416     0.4428393     0.4448458     0.4438763     0.4408023     0.4362524     0.4252305      0.397777     0.3637229             0
             0    -0.5318919      -0.54758     -0.555598     -0.559557    -0.5613495    -0.5594863    -0.5531169    -0.5453566    -0.5372644    -0.5272232    -0.5122574    -0.4865374    -0.4511257    -0.4114845    -0.3690838    -0.3256589    -0.2812775    -0.2362405    -0.1907466
    -0.1448677 -9.835748E-02 -4.979791E-02 -4.416716E-04  4.966931E-02     0.1002973     0.1514077     0.2033253     0.2560088     0.3090776     0.3551432     0.3937475      0.430716     0.4593303     0.4805916     0.4998117     0.5165666      0.530593     0.5417035     0.5498437
     0.5564427     0.5588894       0.55348     0.5431842     0.5300996     0.5157467     0.5011836     0.4728553     0.4228014     0.3747887             0
             0    -0.5601473    -0.5881633    -0.6072994    -0.6202409    -0.6325655    -0.6418479    -0.6436519    -0.6392348    -0.6318862    -0.6204257    -0.6012492    -0.5660367    -0.5177244    -0.4656765    -0.4122007    -0.3595941    -0.3075178    -0.2559492    -0.2047856
    -0.1538312    -0.1025793 -4.927047E-02  5.009249E-03  6.044838E-02     0.1170694     0.1751871     0.2356288     0.2989455     0.3654419     0.4262992     0.4797312     0.5335484     0.5772954     0.6106163     0.6410871     0.6672237     0.6876212     0.7010184     0.7068303
     0.7054099     0.6902596     0.6618272     0.6305737     0.6002486     0.5722001     0.5470985     0.5028208     0.4366154     0.3804384             0
             0    -0.5731725    -0.6083242    -0.6350331    -0.6549947    -0.6771264    -0.6994297    -0.7141742    -0.7169164    -0.7119334    -0.6977971    -0.6710579    -0.6222675    -0.5600586    -0.4973104    -0.4357753    -0.3772971    -0.3207546     -0.265657    -0.2115863
    -0.1581239    -0.1045836 -4.900795E-02  7.628151E-03  6.565527E-02     0.1252672     0.1870263     0.2521478     0.3217423     0.3969607     0.4687104     0.5344853     0.6045517      0.665705     0.7148995     0.7625561     0.8055764     0.8396055     0.8588355     0.8582982
     0.8389689     0.7937625     0.7365916     0.6846207     0.6401479      0.602357     0.5705611     0.5170993     0.4427917     0.3828782             0
             0    -0.5804677    -0.6200981    -0.6520552    -0.6773992    -0.7081947    -0.7447318    -0.7793178    -0.7990879    -0.8036814    -0.7797919    -0.7357919    -0.6667805    -0.5898117    -0.5178963     -0.450366    -0.3879087    -0.3285248     -0.271277    -0.2154869
     -0.160571    -0.1057212 -4.885621E-02   9.12199E-03  6.863441E-02     0.1299874     0.1939123     0.2619016     0.3355045     0.4166197     0.4963569     0.5720297     0.6567601     0.7363451     0.8049883      0.877852      0.952025      1.020211        1.0639      1.038693
     0.9756169     0.8820078     0.7920787     0.7211056     0.6654524     0.6206994      0.584451     0.5252307     0.4461977     0.3842014             0
             0     -0.584229    -0.6263523    -0.6614771    -0.6904052    -0.7279115    -0.7786419    -0.8438216    -0.9146283    -0.9999499    -0.8952387    -0.8000772    -0.7002611    -0.6088085    -0.5299274    -0.4584839    -0.3936509    -0.3326605    -0.2742377    -0.2175283
    -0.1618464    -0.1063125 -4.877658E-02  9.900509E-03  7.019033E-02     0.1324634     0.1975497     0.2671099     0.3429768     0.4275779     0.5123791     0.5948856     0.6910393     0.7877437     0.8780211     0.9863232      1.121066      1.297591      1.543613      1.318228
      1.123716     0.9529581     0.8292567     0.7430948     0.6798086     0.6307377     0.5918926     0.5294688     0.4479362     0.3848697             0
