 51            10 
             0  3.480493E-02  3.498478E-02     0.0350977  3.518041E-02  3.527039E-02  3.536745E-02  3.545837E-02  3.552642E-02  3.558249E-02  3.564014E-02  3.571413E-02  3.582167E-02  3.595031E-02  3.608434E-02  3.622343E-02  3.636719E-02  3.651523E-02  3.666715E-02  3.682255E-02
  3.698097E-02  3.714199E-02  3.730515E-02  3.746999E-02  3.763607E-02  3.780292E-02  3.797006E-02  3.813704E-02  3.830341E-02     0.0384687  3.861199E-02  3.873375E-02  3.885424E-02  3.895346E-02  3.903213E-02  3.911005E-02  3.918716E-02  3.926342E-02  3.933878E-02  3.941318E-02
  3.950495E-02  3.963065E-02  3.976978E-02  3.990405E-02  4.003313E-02  4.015673E-02  4.027455E-02  4.049811E-02  4.091283E-02  4.129385E-02             0
             0  3.480126E-02  3.498129E-02  3.509434E-02  3.517717E-02  3.526728E-02  3.536449E-02  3.545555E-02  3.552372E-02  3.557988E-02  3.563762E-02  3.571174E-02  3.581946E-02  3.594832E-02     0.0360826  3.622193E-02  3.636596E-02  3.651427E-02  3.666648E-02  3.682216E-02
  3.698087E-02  3.714218E-02  3.730564E-02  3.747078E-02  3.763715E-02  3.780428E-02  3.797171E-02  3.813896E-02  3.830558E-02  3.847112E-02  3.861462E-02  3.873654E-02     0.0388572  3.895654E-02  3.903531E-02  3.911332E-02  3.919052E-02  3.926686E-02     0.0393423  3.941678E-02
  3.950863E-02  3.963444E-02  3.977368E-02  3.990803E-02  4.003719E-02  4.016084E-02  4.027871E-02  4.050232E-02  4.091701E-02  4.129774E-02             0
             0  3.474477E-02  3.492758E-02  3.504282E-02  3.512738E-02  3.521948E-02  3.531894E-02     0.0354122  3.548206E-02  3.553963E-02  3.559886E-02     0.0356749  3.578547E-02  3.591781E-02  3.605578E-02  3.619899E-02  3.634707E-02  3.649958E-02  3.665612E-02  3.681622E-02
  3.697943E-02  3.714528E-02     0.0373133  3.748298E-02  3.765385E-02  3.782541E-02  3.799715E-02  3.816859E-02  3.833923E-02  3.850861E-02  3.865528E-02  3.877978E-02  3.890289E-02  3.900416E-02     0.0390844  3.916382E-02  3.924236E-02  3.931997E-02     0.0393966  3.947221E-02
  3.956538E-02  3.969286E-02  3.983373E-02  3.996944E-02  4.009969E-02  4.022418E-02  4.034266E-02  4.056707E-02  4.098116E-02  4.135708E-02             0
             0  3.470423E-02     0.0348889  3.500563E-02  3.509137E-02  3.518485E-02  3.528589E-02  3.538071E-02  3.545177E-02  3.551035E-02  3.557063E-02  3.564805E-02  3.576067E-02  3.589554E-02  3.603619E-02  3.618225E-02     0.0363333  3.648892E-02  3.664866E-02  3.681205E-02
  3.697861E-02  3.714786E-02  3.731929E-02  3.749238E-02  3.766663E-02     0.0378415  3.801648E-02  3.819106E-02  3.836472E-02  3.853695E-02  3.868598E-02     0.0388124  3.893731E-02  3.903998E-02  3.912129E-02  3.920171E-02     0.0392812  3.935971E-02  3.943718E-02  3.951357E-02
  3.960764E-02  3.973623E-02  3.987813E-02  4.001466E-02  4.014551E-02  4.027042E-02  4.038912E-02  4.061367E-02  4.102639E-02  4.139789E-02             0
             0  3.467906E-02  3.486479E-02     0.0349824  3.506884E-02  3.516315E-02  3.526514E-02  3.536091E-02     0.0354327  3.549191E-02  3.555284E-02  3.563112E-02  3.574502E-02  3.588147E-02  3.602381E-02  3.617166E-02     0.0363246  3.648219E-02  3.664397E-02  3.680947E-02
  3.697818E-02     0.0371496  3.732322E-02  3.749851E-02  3.767493E-02  3.785195E-02  3.802903E-02  3.820564E-02  3.838124E-02  3.855533E-02  3.870587E-02  3.883352E-02  3.895958E-02  3.906314E-02  3.914512E-02  3.922618E-02  3.930626E-02  3.938533E-02  3.946331E-02  3.954017E-02
  3.963478E-02      0.039764  3.990648E-02  4.004342E-02  4.017455E-02  4.029961E-02  4.041834E-02  4.064274E-02  4.105416E-02     0.0414225             0
             0  3.466354E-02  3.484989E-02      0.034968  3.505486E-02  3.514966E-02  3.525222E-02  3.534857E-02  3.542081E-02     0.0354804  3.554173E-02  3.562054E-02  3.573523E-02  3.587266E-02  3.601606E-02  3.616503E-02  3.631916E-02  3.647799E-02  3.664105E-02  3.680787E-02
  3.697793E-02  3.715073E-02  3.732573E-02  3.750241E-02  3.768021E-02  3.785859E-02  3.803701E-02  3.821491E-02  3.839177E-02  3.856703E-02  3.871855E-02  3.884698E-02  3.897377E-02     0.0390779     0.0391603  3.924176E-02  3.932222E-02  3.940162E-02  3.947992E-02  3.955705E-02
  3.965198E-02  3.978158E-02  3.992436E-02  4.006152E-02  4.019277E-02  4.031786E-02  4.043655E-02  4.066075E-02  4.107115E-02  4.143739E-02             0
             0  3.465581E-02  3.484244E-02     0.0349608  3.504786E-02     0.0351429  3.524574E-02  3.534237E-02  3.541483E-02  3.547461E-02  3.553614E-02  3.561521E-02     0.0357303  3.586822E-02  3.601215E-02  3.616169E-02  3.631641E-02  3.647587E-02  3.663958E-02  3.680707E-02
  3.697781E-02  3.715131E-02  3.732701E-02  3.750439E-02  3.768289E-02  3.786197E-02  3.804107E-02  3.821964E-02  3.839713E-02  3.857301E-02  3.872502E-02  3.885386E-02  3.898103E-02  3.908544E-02  3.916806E-02  3.924972E-02  3.933037E-02  3.940994E-02  3.948839E-02  3.956567E-02
  3.966075E-02  3.979052E-02  3.993345E-02  4.007069E-02  4.020197E-02  4.032705E-02     0.0404457  4.066976E-02  4.107957E-02  4.144472E-02             0
             0  3.465251E-02  3.483926E-02  3.495772E-02  3.504485E-02       0.03514  3.524296E-02  3.533971E-02  3.541227E-02  3.547212E-02  3.553374E-02  3.561292E-02  3.572818E-02  3.586631E-02  3.601047E-02  3.616026E-02  3.631524E-02  3.647496E-02  3.663895E-02  3.680672E-02
  3.697776E-02  3.715156E-02  3.732756E-02  3.750525E-02  3.768405E-02  3.786343E-02  3.804282E-02  3.822168E-02  3.839945E-02  3.857559E-02  3.872782E-02  3.885683E-02  3.898417E-02     0.0390887  3.917142E-02  3.925317E-02  3.933389E-02  3.941354E-02  3.949205E-02  3.956939E-02
  3.966454E-02  3.979438E-02  3.993736E-02  4.007464E-02  4.020593E-02      0.040331  4.044963E-02  4.067361E-02  4.108316E-02  4.144784E-02             0
             0  3.465073E-02  3.483754E-02  3.495605E-02  3.504323E-02  3.513843E-02  3.524146E-02  3.533827E-02  3.541088E-02  3.547078E-02  3.553244E-02  3.561169E-02  3.572704E-02  3.586528E-02  3.600956E-02  3.615948E-02     0.0363146  3.647447E-02  3.663861E-02  3.680653E-02
  3.697774E-02  3.715169E-02  3.732786E-02  3.750571E-02  3.768468E-02  3.786422E-02  3.804377E-02  3.822279E-02  3.840071E-02  3.857699E-02  3.872934E-02  3.885845E-02  3.898587E-02  3.909047E-02  3.917324E-02  3.925504E-02  3.933581E-02  3.941549E-02  3.949405E-02  3.957142E-02
  3.966659E-02  3.979648E-02  3.993949E-02  4.007677E-02  4.020807E-02  4.033313E-02  4.045175E-02     0.0406757     0.0410851  4.144951E-02             0
             0  3.464983E-02  3.483667E-02  3.495521E-02  3.504242E-02  3.513764E-02     0.0352407  3.533754E-02  3.541018E-02     0.0354701  3.553179E-02  3.561106E-02  3.572646E-02  3.586476E-02  3.600911E-02  3.615909E-02  3.631428E-02  3.647422E-02  3.663844E-02  3.680644E-02
  3.697772E-02  3.715176E-02  3.732801E-02  3.750594E-02      0.037685  3.786462E-02  3.804425E-02  3.822334E-02  3.840134E-02     0.0385777  3.873011E-02  3.885926E-02  3.898673E-02  3.909137E-02  3.917417E-02  3.925598E-02  3.933677E-02  3.941648E-02  3.949505E-02  3.957244E-02
  3.966763E-02  3.979753E-02  3.994055E-02  4.007785E-02  4.020915E-02  4.033421E-02  4.045282E-02  4.067674E-02  4.108607E-02  4.145036E-02             0
