 51            10 
             0    -0.2621399    -0.2533256    -0.2465152    -0.2410196     -0.234587    -0.2274143    -0.2205135     -0.215264       -0.2109    -0.2063775     -0.200534    -0.1919767    -0.1814999    -0.1699818    -0.1568966    -0.1427144    -0.1286641    -0.1140338 -9.882021E-02
 -8.361978E-02 -6.847397E-02 -5.272988E-02 -3.648508E-02 -2.055903E-02 -4.206546E-03      0.012464     0.0285141  4.472652E-02  6.101747E-02     0.0745621  8.570822E-02     0.0963674     0.1048121     0.1113139      0.117986     0.1248063     0.1313231     0.1375212     0.1438626
     0.1519521     0.1622954     0.1736214     0.1843777     0.1936241     0.2035977     0.2139632     0.2318556     0.2597204     0.2834454             0
             0    -0.2667337    -0.2578014    -0.2508616    -0.2452674    -0.2387234    -0.2314034    -0.2243333     -0.218939     -0.214446    -0.2097813    -0.2037444    -0.1948865    -0.1840393    -0.1721414     -0.158725    -0.1442751    -0.1299299    -0.1149524 -9.934688E-02
 -8.369812E-02 -6.805403E-02 -5.180326E-02 -3.507339E-02 -1.866614E-02 -1.872704E-03     0.0151784  3.159564E-02  4.817698E-02     0.0648193  7.868365E-02  9.011859E-02     0.1010787     0.1097733     0.1164623      0.123303     0.1302648     0.1369013     0.1432039       0.14964
     0.1578162     0.1682659     0.1797062     0.1905296     0.1998324      0.209696     0.2196298      0.236659     0.2635294     0.2860253             0
             0    -0.3451486    -0.3359198    -0.3282366    -0.3218368    -0.3141177    -0.3052177    -0.2963682    -0.2894768    -0.2836626    -0.2775521    -0.2695524    -0.2576263    -0.2427461    -0.2261735    -0.2072649    -0.1867255    -0.1663079     -0.144931    -0.1226069
    -0.1001907    -0.0777739 -5.450499E-02 -3.058967E-02 -7.200805E-03  1.663992E-02  4.072076E-02  6.374351E-02     0.0867788     0.1096431      0.128419     0.1437025     0.1581268     0.1693642     0.1778915     0.1864791      0.195088     0.2031583     0.2106816     0.2182071
     0.2275803     0.2391675     0.2512061     0.2620067     0.2707333     0.2792957     0.2873708     0.3001721      0.315623     0.3200586             0
             0    -0.4235466    -0.4186896     -0.413146    -0.4079278    -0.4009472     -0.392105    -0.3825537    -0.3747041    -0.3678673    -0.3604729    -0.3505421    -0.3352443    -0.3154985    -0.2929882    -0.2669424    -0.2384443    -0.2102203    -0.1807347    -0.1500115
    -0.1192321 -8.851475E-02 -5.667792E-02 -2.398141E-02  7.992168E-03  4.059518E-02  7.353844E-02     0.1050293     0.1364894     0.1675917     0.1929316      0.213363     0.2323878     0.2469391     0.2578102     0.2685533     0.2791097     0.2887731     0.2975331     0.3060113
      0.316219     0.3281046     0.3392483     0.3481421     0.3543119     0.3591354      0.362682     0.3664155     0.3630316     0.3465255             0
             0    -0.4884136    -0.4941476    -0.4953522    -0.4947715    -0.4921144    -0.4865881    -0.4785464    -0.4708324    -0.4635567    -0.4551617     -0.443288    -0.4239143    -0.3977174    -0.3672213    -0.3317933    -0.2932167    -0.2556776    -0.2170495    -0.1773006
    -0.1378861 -9.884644E-02 -5.856666E-02 -1.724832E-02  2.323383E-02  6.471521E-02     0.1069216     0.1476332      0.188725     0.2297053     0.2632983     0.2904043     0.3155314     0.3345175      0.348505     0.3620513     0.3750367     0.3865356     0.3965168     0.4056481
     0.4159625     0.4265723      0.434251     0.4382859      0.439142      0.437312     0.4335308     0.4238864     0.3985798     0.3639133             0
             0    -0.5390826    -0.5614601     -0.575664     -0.585184     -0.593337    -0.5977174     -0.595874    -0.5903974    -0.5835167    -0.5740525    -0.5590957    -0.5323254    -0.4946167    -0.4509811    -0.4015611    -0.3492956     -0.300319    -0.2515031    -0.2024761
    -0.1547536    -0.1080877 -6.029699E-02 -1.136975E-02  3.671384E-02  8.638454E-02     0.1375441      0.187753      0.239576     0.2925122     0.3370593     0.3736706     0.4080994     0.4342585     0.4534307     0.4717016     0.4887258     0.5030766     0.5145885     0.5238994
     0.5327979     0.5387058     0.5377828     0.5317496     0.5231318     0.5110728     0.4971189      0.470714     0.4237953     0.3750505             0
             0    -0.5695936    -0.6091115    -0.6404746    -0.6656537    -0.6937287     -0.720376    -0.7360442    -0.7383481    -0.7337213     -0.721974    -0.6992139     -0.654963    -0.5948077    -0.5301861    -0.4621677    -0.3942821     -0.333922    -0.2761869    -0.2198408
    -0.1660929    -0.1142258 -6.150149E-02 -7.630138E-03  4.546267E-02     0.1007416     0.1583974     0.2160782     0.2772657     0.3419318     0.3988651     0.4476057     0.4955647     0.5336983     0.5623332     0.5899808     0.6155047     0.6358982     0.6500828     0.6581334
     0.6611139     0.6537781     0.6348278     0.6116958     0.5897336      0.565735     0.5413602     0.4998702     0.4376751     0.3807388             0
             0    -0.5838457     -0.633697    -0.6775668    -0.7161271    -0.7647204    -0.8205662    -0.8675941    -0.8883474    -0.8902565    -0.8721082    -0.8310909    -0.7558643    -0.6667954    -0.5812184    -0.4980201    -0.4191363    -0.3515992    -0.2887339    -0.2284554
    -0.1716312    -0.1172015 -6.209779E-02 -5.856655E-03  4.965555E-02     0.1077021     0.1686737     0.2303649     0.2969442     0.3690006     0.4347823      0.493346     0.5540755     0.6058183     0.6468717     0.6889671     0.7297938     0.7629026     0.7832107     0.7863075
     0.7740998     0.7424388     0.7003121     0.6600161     0.6270095     0.5946718     0.5637599     0.5136847     0.4438715     0.3831959             0
             0    -0.5918848    -0.6483658    -0.7012413    -0.7506182    -0.8184934     -0.908687     -1.007704     -1.075548     -1.104517     -1.059446    -0.9715364    -0.8447311    -0.7216488    -0.6165246    -0.5212684    -0.4345278     -0.362216    -0.2961191    -0.2334568
    -0.1748191    -0.1189074     -0.062443 -4.851191E-03     0.0520455     0.1116939     0.1746199     0.2387413      0.308722     0.3857051     0.4578967     0.5242722     0.5965044      0.662767     0.7192846     0.7831385     0.8526565     0.9178583     0.9625533     0.9437808
     0.8913562     0.8181105       0.74867     0.6923073     0.6504561     0.6121969     0.5769578      0.521529      0.447286     0.3845285             0
             0    -0.5960495    -0.6562806    -0.7147588    -0.7716618    -0.8552747    -0.9818342      -1.16536     -1.378223     -1.630849     -1.362222     -1.129442    -0.9184624    -0.7592807    -0.6382405    -0.5346856     -0.443061    -0.3679594    -0.3000541    -0.2360955
     -0.176491    -0.1197995 -6.262463E-02 -4.329164E-03  5.329074E-02     0.1137824     0.1777502     0.2431929     0.3150797      0.394949     0.4711774     0.5429333     0.6241645     0.7040904     0.7781656     0.8734471     0.9994441      1.166935      1.406477      1.202342
      1.022997     0.8799009     0.7812122     0.7116792     0.6636879     0.6217636     0.5840065     0.5256094     0.4490277     0.3852015             0
