 51            10 
             0 -5.631024E-03 -4.097464E-03 -2.918179E-03 -1.995481E-03 -9.380113E-04   2.51606E-04  1.405193E-03  2.287879E-03  3.024627E-03   3.79137E-03  4.786496E-03  6.254527E-03  8.041284E-03  9.930763E-03  1.191622E-02  1.399047E-02  1.614595E-02  1.837474E-02  2.066861E-02
  2.301903E-02     0.0254172  2.785403E-02  3.032013E-02  3.280596E-02  3.530195E-02  3.779867E-02  4.028685E-02     0.0427575  4.520193E-02  4.731065E-02  4.909487E-02  5.085269E-02  5.229305E-02  5.343123E-02     0.0545545  5.566209E-02  5.675328E-02  5.782737E-02     0.0588837
  6.018114E-02  6.194741E-02  6.388587E-02  6.574054E-02  6.750832E-02  6.918666E-02     0.0707735  7.376099E-02  7.919538E-02  8.427348E-02             0
             0  -5.89893E-03 -4.357384E-03 -3.170656E-03 -2.241735E-03 -1.176725E-03  2.179655E-05  1.184393E-03  2.074174E-03  2.816948E-03  3.590068E-03  4.593599E-03  6.074298E-03  7.876863E-03  9.783417E-03  1.178713E-02  1.388071E-02  1.605649E-02  1.830642E-02     0.0206221
  2.299485E-02  2.541571E-02     0.0278754  3.036434E-02  3.287279E-02      0.035391  3.790931E-02  4.041828E-02  4.290871E-02  4.537175E-02  4.749557E-02     0.0492919  5.106095E-02  5.250989E-02     0.0536545  5.478377E-02  5.589692E-02  5.699321E-02  5.807196E-02  5.913249E-02
  6.043462E-02  6.220627E-02  6.414913E-02  6.600653E-02  6.777547E-02  6.945351E-02  7.103874E-02  7.402072E-02  7.943143E-02  8.446096E-02             0
             0    -0.0100719 -8.413265E-03 -7.114633E-03 -6.091341E-03 -4.911123E-03 -3.575731E-03 -2.273922E-03  -1.27417E-03 -4.377942E-04  4.345386E-04  1.569057E-03  3.247594E-03  5.297683E-03  7.472165E-03  9.762878E-03  1.216093E-02  1.465678E-02  1.724027E-02  1.990074E-02
  2.262701E-02  2.540747E-02  2.822998E-02  3.108192E-02  3.395034E-02  3.682222E-02  3.968462E-02     0.0425248  4.533039E-02  4.808952E-02  5.045325E-02  5.244167E-02  5.438832E-02     0.0559725  5.721828E-02     0.0584415  5.964129E-02  6.081681E-02     0.0619673  6.309211E-02
  6.446525E-02  6.631691E-02  6.832242E-02     0.0702151  7.199378E-02  7.365826E-02  7.520908E-02  7.808588E-02  8.308817E-02  8.732852E-02             0
             0 -1.341026E-02 -1.170804E-02 -1.034863E-02 -9.268594E-03 -8.013456E-03 -6.583284E-03 -5.179986E-03 -4.097423E-03 -3.189205E-03 -2.239399E-03  -1.00099E-03   8.37716E-04  3.092792E-03  5.493174E-03  8.029304E-03  1.069061E-02  1.346565E-02  1.634226E-02  1.930765E-02
  2.234846E-02  2.545075E-02  2.859995E-02  3.178072E-02  3.497723E-02  3.817336E-02  4.135286E-02  4.449954E-02  4.759736E-02  5.063069E-02  5.321532E-02     0.0553791     0.0574857  5.918931E-02  6.052284E-02  6.182579E-02  6.309704E-02  6.433564E-02  6.554075E-02  6.671169E-02
  6.813195E-02  7.002783E-02  7.205218E-02  7.393451E-02  7.567683E-02  7.728245E-02  7.875567E-02  8.144714E-02  8.592506E-02  8.939108E-02             0
             0 -1.565888E-02 -1.396933E-02 -1.259391E-02 -1.149208E-02 -1.020162E-02 -8.720397E-03 -7.257042E-03  -6.12279E-03 -5.168403E-03 -4.167551E-03 -2.859217E-03 -9.098667E-04  1.490446E-03  4.053585E-03  6.768374E-03  9.622462E-03  1.260263E-02  1.569501E-02  1.888525E-02
  2.215856E-02  2.549965E-02  2.889258E-02  3.232048E-02  3.576582E-02  3.921054E-02     0.0426361  4.602361E-02  4.935385E-02     0.0526075  5.537068E-02  5.767617E-02  5.991127E-02  6.170947E-02  6.311143E-02  6.447514E-02  6.579916E-02  6.708229E-02  6.832355E-02  6.952222E-02
  7.096674E-02  7.287532E-02  7.488411E-02  7.672466E-02  7.840347E-02  7.992855E-02  8.130864E-02  8.379664E-02  8.779337E-02  9.067258E-02             0
             0 -1.712793E-02     -0.015476 -1.410891E-02    -0.0130056 -1.170413E-02 -1.019983E-02 -8.703722E-03  -7.53865E-03 -6.555486E-03 -5.521667E-03 -4.166888E-03 -2.141718E-03  3.606912E-04  3.039635E-03  5.881978E-03  8.873477E-03  1.199925E-02  1.524411E-02  1.859269E-02
  2.202946E-02     0.0255386  2.910373E-02  3.270749E-02  3.633177E-02  3.995772E-02  4.356574E-02  4.713536E-02  5.064516E-02  5.407277E-02     0.0569798  5.940077E-02  6.174123E-02  6.361675E-02  6.507409E-02  6.648608E-02  6.785069E-02  6.916633E-02  7.043175E-02  7.164615E-02
  7.309994E-02  7.500071E-02  7.697267E-02  7.875423E-02  8.035793E-02  8.179726E-02  8.308553E-02  8.538494E-02  8.899414E-02  9.146257E-02             0
             0 -1.788934E-02 -1.627159E-02 -1.491946E-02    -0.0138231 -1.252368E-02 -1.101436E-02    -0.0095057  -8.32654E-03 -7.329192E-03 -6.278213E-03 -4.898292E-03 -2.830499E-03 -2.693923E-04  2.476328E-03  5.391716E-03  8.461044E-03  1.166834E-02  1.499771E-02  1.843335E-02
  2.195959E-02     0.0255606  2.922009E-02  3.292082E-02  3.664477E-02  4.037314E-02  4.408626E-02  4.776328E-02  5.138205E-02  5.491876E-02  5.791928E-02  6.041732E-02  6.282978E-02  6.475902E-02  6.625494E-02  6.770027E-02  6.909223E-02  7.042854E-02  7.170752E-02  7.292825E-02
  7.438114E-02  7.626369E-02  7.819439E-02  7.992118E-02  8.146254E-02  8.283645E-02     0.0840593  8.623166E-02  8.960927E-02  9.185597E-02             0
             0 -1.822039E-02 -1.662079E-02 -1.527785E-02 -1.418663E-02 -1.289046E-02 -1.138129E-02 -9.868804E-03  -8.68421E-03 -7.680928E-03  -6.62238E-03  -5.23099E-03 -3.143248E-03 -5.545042E-04  2.222418E-03  5.171548E-03  8.276425E-03  1.152061E-02  1.488793E-02  1.836247E-02
  2.192856E-02  2.557044E-02  2.927195E-02  3.301598E-02  3.678465E-02  4.055934E-02  4.432045E-02  4.804719E-02  5.171728E-02  5.530654E-02  5.835339E-02     0.0608906  6.334069E-02  6.529884E-02  6.681588E-02  6.827967E-02  6.968673E-02  7.103412E-02  7.231968E-02  7.354227E-02
     0.0749919  7.685982E-02  7.876354E-02  8.045792E-02  8.196487E-02  8.330448E-02  8.449434E-02  8.660462E-02  8.987534E-02  9.202408E-02             0
             0    -0.0184005    -0.0168117 -1.547458E-02 -1.438685E-02 -1.309326E-02 -1.158507E-02    -0.0100712 -8.883965E-03 -7.877558E-03 -6.814821E-03 -5.416915E-03 -3.317673E-03 -7.130539E-04  2.081614E-03  5.049751E-03  8.174496E-03  1.143917E-02  1.482748E-02  1.832348E-02
     0.0219115  2.557586E-02  2.930049E-02  3.306838E-02  3.686176E-02  4.066212E-02  4.444999E-02  4.820465E-02  5.190384E-02  5.552329E-02  5.859723E-02  6.115776E-02  6.363078E-02  6.560704E-02  6.713758E-02  6.861342E-02     0.0700305  7.138522E-02  7.267483E-02     0.0738979
  7.534401E-02  7.720048E-02  7.908552E-02  8.075899E-02     0.0822447  8.356377E-02  8.473433E-02  8.680886E-02  9.001974E-02  9.211478E-02             0
             0 -1.849165E-02 -1.690862E-02 -1.557474E-02 -1.448903E-02 -1.319708E-02 -1.168978E-02 -1.017557E-02 -8.987189E-03  -7.97926E-03 -6.914353E-03 -5.512973E-03 -3.407563E-03 -7.945279E-04  2.009435E-03  4.987433E-03   8.12242E-03  1.139761E-02  1.479665E-02     0.0183036
     0.0219028  2.557862E-02  2.931504E-02  3.309509E-02     0.0369011  4.071461E-02  4.451623E-02  4.828531E-02  5.199964E-02  5.563493E-02     0.0587233  6.129644E-02  6.378213E-02  6.576873E-02     0.0673072  6.879035E-02  7.021377E-02  7.157329E-02  7.286546E-02  7.408823E-02
  7.553115E-02  7.737959E-02  7.925316E-02  8.091461E-02  8.238858E-02  8.369657E-02  8.485686E-02  8.691264E-02  9.009271E-02  9.216046E-02             0
