 51            10 
             0    -0.1190941    -0.1231235    -0.1209545    -0.1185234    -0.1152845    -0.1113551    -0.1073824    -0.1042817    -0.1016681 -9.892672E-02 -9.534614E-02 -9.002491E-02 -8.350293E-02 -7.657282E-02 -6.926657E-02 -6.161521E-02 -5.364798E-02 -4.539075E-02 -3.686297E-02
 -2.807191E-02 -1.900446E-02  -9.62783E-03 -7.414399E-05  9.558317E-03  1.919334E-02     0.0287693  3.823449E-02     0.0475442  5.665899E-02  6.443312E-02  7.095184E-02  7.731371E-02  8.247546E-02  8.652671E-02  9.049714E-02  9.438435E-02  9.818613E-02     0.1019005     0.1055258
     0.1099441     0.1158875     0.1223039     0.1283389     0.1339901     0.1392569     0.1441406     0.1531456     0.1683076     0.1751993             0
             0    -0.1214346    -0.1256099    -0.1234399    -0.1209898    -0.1177159    -0.1137353    -0.1097032    -0.1065519    -0.1038934    -0.1011025    -0.0974544 -9.202665E-02 -8.536531E-02 -7.827967E-02 -7.080345E-02 -6.296914E-02 -5.480676E-02 -4.634317E-02 -3.759966E-02
 -2.858634E-02 -1.929339E-02 -9.690144E-03  9.126908E-05   9.95016E-03      0.019808  2.960095E-02  3.927513E-02  4.878364E-02  5.808484E-02  6.600934E-02  7.264775E-02  7.911928E-02     0.0843635  8.847575E-02  9.250209E-02       0.09644     0.1002873     0.1040419     0.1077021
     0.1121577     0.1181401     0.1245817     0.1306241      0.136266     0.1415087      0.146355      0.155263     0.1701118     0.1764632             0
             0    -0.1580793    -0.1647458     -0.162642    -0.1599246    -0.1560962    -0.1512815    -0.1462739    -0.1422931    -0.1388998    -0.1353031    -0.1305591    -0.1234135    -0.1145173     -0.104941 -9.473836E-02 -8.396506E-02 -7.267482E-02 -6.091752E-02 -4.873487E-02
    -0.0361521 -2.316543E-02  -9.74158E-03  3.916234E-03  1.764908E-02  3.132832E-02     0.0448444  5.809964E-02      0.071004  8.347305E-02  9.393327E-02     0.1025739     0.1108609     0.1174512     0.1225471     0.1274614     0.1321892     0.1367269      0.141072     0.1452227
     0.1501673     0.1565788     0.1631398     0.1689609     0.1740786     0.1785361     0.1823809     0.1889405     0.1973069     0.1939137             0
             0    -0.1937476    -0.2046248    -0.2036638    -0.2013992    -0.1976906    -0.1926225    -0.1870299    -0.1824228    -0.1784142    -0.1740864    -0.1682838     -0.159356    -0.1479882    -0.1355475    -0.1221398    -0.1078742 -9.285384E-02    -0.0771685 -6.088762E-02
 -4.404872E-02 -2.664195E-02  -8.61329E-03   9.76118E-03  2.826844E-02  4.673415E-02  6.500252E-02  8.292232E-02     0.1003379     0.1170847     0.1310011     0.1423683     0.1531009     0.1614586     0.1678096       0.17381     0.1794469     0.1847107     0.1895954     0.1940988
     0.1992534     0.2054906     0.2112001     0.2156173     0.2188943     0.2211921     0.2226673     0.2242587     0.2220068      0.207383             0
             0    -0.2221929    -0.2386108    -0.2399944    -0.2390694    -0.2363807    -0.2318935    -0.2263209    -0.2214293    -0.2170253    -0.2121312    -0.2054081    -0.1947606    -0.1808382    -0.1653648    -0.1485665    -0.1306617    -0.1118378 -9.223923E-02 -7.195918E-02
 -5.102852E-02 -2.940086E-02 -6.962712E-03     0.0159812  3.921346E-02  6.256389E-02  8.587488E-02     0.1089739     0.1316509     0.1536411     0.1719928     0.1869571     0.2009754     0.2117142     0.2197368      0.227143     0.2338924     0.2399541     0.2453088     0.2499508
      0.254872     0.2599797     0.2633651     0.2647105     0.2644583     0.2630227     0.2607566     0.2551214      0.240569     0.2162057             0
             0    -0.2434432    -0.2660871    -0.2708374     -0.272104    -0.2713854    -0.2684126    -0.2635334    -0.2587056    -0.2541012    -0.2487486    -0.2411355    -0.2286255    -0.2118214    -0.1929712    -0.1725337    -0.1509011    -0.1283669    -0.1051224 -8.125864E-02
    -0.0567655 -3.152159E-02 -5.312504E-03  2.158709E-02  4.901979E-02  7.689115E-02     0.1051214     0.1336016     0.1621485     0.1904544     0.2145862     0.2345118     0.2533026     0.2676466     0.2782425      0.287819      0.296248     0.3034258     0.3092848     0.3138037
      0.317812     0.3202204     0.3189545     0.3148335     0.3089187     0.3020459     0.2948074     0.2803579     0.2537724     0.2218482             0
             0    -0.2556361    -0.2832386    -0.2912861    -0.2949563    -0.2966956    -0.2959387    -0.2923923    -0.2879848     -0.283379    -0.2776707    -0.2691889    -0.2547095    -0.2349405    -0.2128561    -0.1892093    -0.1645456    -0.1392108    -0.1133853 -8.711355E-02
 -6.031585E-02 -3.278397E-02 -4.201686E-03  2.521559E-02  5.539702E-02  8.635867E-02     0.1181537     0.1508254     0.1843508      0.218562     0.2487208     0.2742924     0.2990289     0.3182847     0.3325786      0.345416     0.3564389     0.3653187     0.3718153     0.3758415
     0.3779125     0.3754268     0.3669149     0.3553773     0.3427031     0.3300602     0.3180847     0.2960401     0.2610543     0.2247277             0
             0    -0.2611836    -0.2914071    -0.3014199    -0.3066493    -0.3101599    -0.3112282     -0.308994    -0.3051049    -0.3005954    -0.2946316    -0.2854315    -0.2693557    -0.2474253     -0.223219    -0.1976462    -0.1712886    -0.1444733    -0.1173408 -8.988773E-02
 -6.198436E-02 -3.336877E-02 -3.666446E-03  2.694527E-02  5.844893E-02  9.093077E-02     0.1245349     0.1594222     0.1957206     0.2334489     0.2675192     0.2970646     0.3264085     0.3499224     0.3676917     0.3838633     0.3977655     0.4086664     0.4159156     0.4192041
     0.4187675     0.4108165     0.3955993      0.378175     0.3607553     0.3444367     0.3296715     0.3034467     0.2643073     0.2259711             0
             0    -0.2642692    -0.2960623    -0.3073331    -0.3136171    -0.3184187    -0.3209672    -0.3199795    -0.3166742    -0.3123155    -0.3061132    -0.2962191    -0.2787396    -0.2551429    -0.2294509    -0.2026181    -0.1752043    -0.1474971    -0.1195962     -0.091461
 -6.292671E-02 -3.369696E-02 -3.361162E-03  2.792783E-02  6.018648E-02  9.354633E-02     0.1282123     0.1644284     0.2024384     0.2424232     0.2791412     0.3115328     0.3444299     0.3715676      0.392554     0.4121395     0.4293638     0.4429435     0.4513683     0.4534708
     0.4496436     0.4357298     0.4145343     0.3925219     0.3717288     0.3529609     0.3364227      0.307643     0.2661003     0.2266453             0
             0    -0.2658525     -0.298491    -0.3104734    -0.3173832     -0.323007    -0.3266119    -0.3266984    -0.3240254    -0.3198804    -0.3134196    -0.3028368     -0.284203    -0.2594545    -0.2328402    -0.2052754    -0.1772731    -0.1490822    -0.1207722 -9.227823E-02
 -6.341489E-02 -3.386633E-02 -3.202159E-03  2.843848E-02  6.109094E-02  9.491222E-02     0.1301423      0.167075     0.2060273     0.2472914     0.2855782     0.3197452     0.3550276     0.3848749     0.4085342     0.4313757     0.4524128     0.4699803     0.4811547     0.4805376
     0.4716974     0.4516563     0.4257372     0.4006115     0.3777307     0.3575316     0.3399963      0.309822     0.2670151     0.2269858             0
