 51            10 
             0  1.424521E-02  1.539217E-02  1.606276E-02  1.657138E-02  1.714741E-02  1.779177E-02  1.841454E-02  1.889018E-02  1.928678E-02  1.969916E-02  2.023393E-02      0.021022  2.198002E-02     0.0229921     0.0240547  2.516405E-02  2.631616E-02  2.750686E-02  2.873184E-02
  2.998658E-02  3.126646E-02     0.0325667  3.388239E-02  3.520855E-02  3.654019E-02  3.787238E-02  3.920025E-02  4.051908E-02  4.182432E-02     0.0429507  4.390402E-02  4.484354E-02  4.561366E-02  4.622235E-02  4.682322E-02  4.741587E-02  4.799989E-02  4.857492E-02  4.914061E-02
  4.983562E-02  5.078219E-02  5.182168E-02  5.281687E-02  5.376604E-02  5.466774E-02  5.552078E-02  5.712757E-02  6.004927E-02  6.237002E-02             0
             0  1.411293E-02  1.526144E-02  1.593563E-02  1.644737E-02  1.702721E-02  1.767609E-02  1.830342E-02  1.878266E-02  1.918231E-02     0.0195979  2.013693E-02  2.093139E-02  2.189739E-02  2.291809E-02     0.0239899      0.025109  2.627134E-02  2.747269E-02  2.870865E-02
  2.997465E-02  3.126595E-02     0.0325777  3.390489E-02  3.524244E-02  3.658527E-02  3.792833E-02  3.926667E-02  4.059547E-02  4.191008E-02  4.304406E-02  4.400349E-02  4.494868E-02  4.572312E-02  4.633506E-02  4.693897E-02  4.753442E-02  4.812102E-02  4.869841E-02  4.926623E-02
  4.996362E-02  5.091292E-02  5.195467E-02  5.295127E-02  5.390106E-02  5.480265E-02  5.565493E-02  5.725903E-02  6.016897E-02  6.246483E-02             0
             0  1.205307E-02  1.322208E-02     0.0139503  1.450942E-02  1.514758E-02  1.586581E-02  1.656363E-02  1.709851E-02  1.754549E-02  1.801124E-02  1.861644E-02  1.951081E-02  2.060171E-02  2.175754E-02  2.297402E-02  2.424654E-02  2.557012E-02  2.693947E-02  2.834903E-02
  2.979299E-02  3.126526E-02  3.275956E-02  3.426934E-02  3.578795E-02  3.730866E-02  3.882478E-02  4.032972E-02  4.181707E-02  4.328068E-02  4.453544E-02     0.0455916  4.662628E-02  4.746892E-02  4.813189E-02  4.878324E-02  4.942246E-02  5.004913E-02  5.066285E-02  5.126325E-02
  5.199671E-02  5.298682E-02  5.406077E-02  5.507587E-02  5.603136E-02  5.692696E-02  5.776277E-02  5.931562E-02  6.202331E-02  6.391583E-02             0
             0  1.041049E-02  1.157181E-02  1.232925E-02  1.291709E-02  1.359343E-02  1.435984E-02  1.510908E-02  1.568582E-02  1.616907E-02  1.667388E-02  1.733141E-02  1.830633E-02  1.950019E-02  2.076935E-02  2.210889E-02  2.351333E-02  2.497678E-02  2.649294E-02     0.0280552
  2.965661E-02  3.128996E-02     0.0329477  3.462194E-02  3.630459E-02  3.798737E-02  3.966195E-02  4.132002E-02  4.295335E-02  4.455392E-02  4.591904E-02  4.706285E-02  4.817751E-02  4.907993E-02  4.978688E-02  5.047821E-02  5.115334E-02  5.181177E-02  5.245306E-02  5.307684E-02
     0.0538343  5.484724E-02     0.0559316  5.694262E-02  5.788107E-02     0.0587484  5.954655E-02     0.0610089  6.345784E-02     0.0649581             0
             0  9.307223E-03  1.044359E-02     0.0112089     0.0118083  1.250314E-02     0.0132959  1.407575E-02  1.467866E-02     0.0151852  1.571568E-02  1.640829E-02  1.743857E-02  1.870488E-02  2.005512E-02  2.148358E-02  2.298397E-02  2.454951E-02  2.617308E-02  2.784729E-02
  2.956447E-02     0.0313167  3.309571E-02  3.489286E-02  3.669918E-02  3.850541E-02  4.030208E-02     0.0420795  4.382788E-02  4.553739E-02  4.699071E-02  4.820451E-02  4.938265E-02  5.033183E-02  5.107265E-02  5.179411E-02  5.249548E-02  5.317615E-02  5.383562E-02  5.447349E-02
  5.524351E-02  5.626369E-02  5.734166E-02  5.833341E-02  5.924186E-02  6.007068E-02  6.082393E-02  6.218765E-02  6.440043E-02     0.0656051             0
             0  8.588144E-03  9.694723E-03  1.045659E-02  1.105772E-02  1.175917E-02  1.256446E-02  1.336134E-02  1.397997E-02  1.450104E-02  1.504805E-02  1.576382E-02  1.683167E-02  1.814837E-02  1.955566E-02  2.104698E-02  2.261514E-02     0.0242526  2.595158E-02  2.770417E-02
  2.950232E-02  3.133781E-02  3.320211E-02  3.508629E-02  3.698105E-02  3.887672E-02  4.076322E-02  4.263006E-02  4.446632E-02  4.626068E-02     0.0477839  4.905367E-02  5.028278E-02  5.126935E-02  5.203696E-02  5.278183E-02  5.350298E-02  5.419962E-02  5.487112E-02  5.551708E-02
  5.629233E-02  5.731004E-02  5.837187E-02  5.933672E-02  6.021024E-02  6.099866E-02  6.170824E-02  6.298152E-02  6.500517E-02     0.0660037             0
             0  8.216143E-03  9.300726E-03  1.005615E-02  1.065485E-02  1.135644E-02  1.216533E-02  1.296919E-02  1.359516E-02  1.412343E-02      0.014679  1.540714E-02  1.649573E-02  1.784082E-02  1.928044E-02  2.080723E-02  2.241333E-02  2.409068E-02  2.583116E-02  2.762663E-02
  2.946891E-02  3.134974E-02  3.326059E-02  3.519256E-02  3.713636E-02  3.908227E-02  4.102012E-02  4.293917E-02  4.482805E-02  4.667465E-02  4.824223E-02  4.954828E-02  5.081102E-02  5.182251E-02  5.260798E-02  5.336829E-02  5.410216E-02  5.480853E-02  5.548666E-02  5.613606E-02
  5.691173E-02  5.792245E-02  5.896681E-02  5.990756E-02  6.075294E-02  6.151124E-02  6.219022E-02  6.340333E-02  6.531458E-02  6.620213E-02             0
             0  8.054546E-03  9.128127E-03  9.879617E-03  1.047641E-02  1.117714E-02  1.198672E-02  1.279304E-02  1.342195E-02  1.395327E-02  1.451258E-02  1.524626E-02  1.634434E-02  1.770253E-02  1.915701E-02        0.0207     0.0223233  2.401861E-02  2.577766E-02  2.759222E-02
  2.945411E-02  3.135508E-02  3.328662E-02     0.0352399  3.720565E-02  3.917421E-02  4.113542E-02     0.0430785  4.499196E-02  4.686343E-02  4.845259E-02  4.977663E-02  5.105638E-02  5.208071E-02  5.287547E-02  5.364382E-02  5.438427E-02  5.509555E-02  5.577675E-02  5.642736E-02
  5.720227E-02  5.820768E-02  5.924119E-02  6.016819E-02  6.099841E-02  6.174119E-02  6.240492E-02  6.358884E-02  6.544832E-02     0.0662869             0
             0  7.966664E-03  9.033859E-03  9.782876E-03  1.037836E-02  1.107832E-02  1.188799E-02  1.269543E-02  1.332584E-02  1.385879E-02  1.442014E-02  1.515692E-02  1.626034E-02  1.762593E-02  1.908878E-02  2.064082E-02  2.227369E-02  2.397894E-02  2.574823E-02  2.757331E-02
  2.944599E-02  3.135801E-02  3.330094E-02  3.526594E-02  3.724381E-02  3.922491E-02  4.119911E-02  4.315564E-02  4.508298E-02  4.696863E-02  4.857027E-02  4.990485E-02  5.119471E-02     0.0522268  5.302722E-02  5.380053E-02  5.454504E-02  5.525931E-02  5.594229E-02  5.659342E-02
  5.736748E-02  5.836903E-02  5.939536E-02  6.031372E-02  6.113473E-02     0.0618683  6.252316E-02  6.369034E-02     0.0655209  6.633264E-02             0
             0     0.0079222   8.98603E-03  9.733682E-03  1.032841E-02  1.102787E-02  1.183746E-02  1.264537E-02  1.327651E-02  1.381026E-02  1.437266E-02  1.511103E-02  1.621725E-02     0.0175867  1.905387E-02  2.061059E-02  2.224837E-02  2.395871E-02  2.573324E-02  2.756368E-02
  2.944185E-02  3.135951E-02  3.330823E-02  3.527921E-02  3.726327E-02  3.925079E-02  4.123166E-02  4.319512E-02  4.512965E-02     0.0470227  4.863093E-02  4.997112E-02  5.126645E-02  5.230281E-02  5.310639E-02  5.388249E-02  5.462932E-02     0.0553453  5.602926E-02  5.668056E-02
  5.745394E-02  5.845302E-02  5.947515E-02  6.038867E-02  6.120466E-02  6.193331E-02  6.258347E-02  6.374189E-02  6.555755E-02  6.635567E-02             0
