 51            10 
             0    -0.2603175    -0.2512691    -0.2441042    -0.2384599    -0.2319559    -0.2245991    -0.2174246    -0.2119115    -0.2072971    -0.2024818    -0.1962162    -0.1869403    -0.1756076    -0.1635943    -0.1509593    -0.1377642    -0.1240701    -0.1099472 -9.548511E-02
 -8.082053E-02 -6.615495E-02 -4.929332E-02 -3.234817E-02 -1.541193E-02  1.432079E-03  1.811236E-02  3.456538E-02  5.073146E-02  6.655256E-02  8.004446E-02  9.135602E-02     0.1023927      0.111344     0.1183671     0.1252475     0.1319811     0.1385645     0.1449953     0.1512719
     0.1589242     0.1692316     0.1803868     0.1909082     0.2007831     0.2099934      0.218537     0.2343071     0.2612737     0.2840481             0
             0    -0.2654487    -0.2563499    -0.2491103    -0.2434126    -0.2368535    -0.2294222    -0.2221568    -0.2165619    -0.2118718    -0.2069697    -0.2005804    -0.1910981    -0.1794817     -0.167145    -0.1541684    -0.1406271    -0.1265572     -0.112017 -9.709778E-02
    -0.0819475 -6.680404E-02 -4.971369E-02 -3.228104E-02 -1.489657E-02  2.335885E-03  1.936333E-02  3.614344E-02     0.0526284  6.876206E-02  8.251742E-02  9.404401E-02     0.1052802     0.1143799     0.1215095     0.1284818     0.1352904     0.1419298     0.1483959     0.1546873
     0.1623405     0.1726912     0.1838971     0.1944989     0.2044623      0.213677     0.2221732     0.2377864     0.2641673     0.2859559             0
             0    -0.3433488    -0.3337905    -0.3256522    -0.3190469    -0.3112152    -0.3020883    -0.2929254    -0.2857378    -0.2796427    -0.2732019    -0.2647207    -0.2519549    -0.2360583     -0.218948    -0.2007571    -0.1816193    -0.1616143    -0.1408537    -0.1194943
 -9.777285E-02 -7.605392E-02 -5.156647E-02 -2.663485E-02 -1.844194E-03     0.0226287     0.0466758  7.019927E-02  9.308811E-02     0.1152148     0.1337879     0.1491324     0.1638443     0.1755318     0.1845583     0.1932482     0.2015901     0.2095753     0.2171977     0.2244556
     0.2330819     0.2443165     0.2558455     0.2661163      0.275182     0.2830086     0.2897052     0.3010567     0.3155028      0.319771             0
             0    -0.4203211     -0.414333    -0.4077405    -0.4018431    -0.3942359    -0.3846878    -0.3744629     -0.366099    -0.3588282    -0.3509715     -0.340417     -0.324117     -0.303271      -0.28041    -0.2558059    -0.2297388    -0.2023952    -0.1739822    -0.1447463
    -0.1150231 -8.530981E-02 -5.182673E-02 -1.771961E-02  1.623662E-02  4.981392E-02  8.286107E-02     0.1152178     0.1466769      0.176975      0.202197     0.2228181     0.2422927     0.2574449     0.2689428     0.2797813     0.2899304     0.2993676     0.3080781     0.3160575
     0.3251312     0.3360637     0.3460191     0.3536285     0.3592411     0.3630524     0.3653597     0.3675186     0.3623014     0.3460532             0
             0    -0.4827674    -0.4850595    -0.4833543    -0.4805373    -0.4755145    -0.4676885    -0.4578887    -0.4491261    -0.4411328    -0.4321384    -0.4196447    -0.3995887    -0.3730693    -0.3434921    -0.3114763    -0.2776193    -0.2423031    -0.2058607     -0.168612
    -0.1309416 -9.340591E-02 -5.116218E-02 -8.056109E-03     0.0350713  7.805733E-02     0.1208147     0.1632085     0.2049856     0.2457355     0.2799743     0.3080274     0.3344043     0.3546383     0.3697352     0.3836211      0.396189     0.4073542     0.4170616     0.4252918
     0.4337608     0.4420269     0.4468549     0.4478314     0.4461323     0.4424742     0.4374738     0.4257556     0.3974881     0.3633066             0
             0    -0.5302953    -0.5446122    -0.5513951    -0.5545741    -0.5554025    -0.5525395    -0.5454537    -0.5373625    -0.5291309    -0.5190898    -0.5043046    -0.4792039    -0.4449076    -0.4064985    -0.3653384     -0.322544    -0.2787143    -0.2342395    -0.1894064
     -0.144526    -0.1000833 -5.017932E-02  8.571339E-04  5.229191E-02     0.1042036     0.1567751     0.2101406     0.2642743     0.3188801     0.3664518      0.406445     0.4448452     0.4745977     0.4966879     0.5166212     0.5339499     0.5482746     0.5593078     0.5669394
      0.572355     0.5721954     0.5639508     0.5505533     0.5351283     0.5191963     0.5035768      0.473849      0.422544     0.3743522             0
             0     -0.558091    -0.5837382     -0.600347    -0.6114733    -0.6214095    -0.6279306    -0.6275641    -0.6221628    -0.6144755    -0.6031778    -0.5848008     -0.551665    -0.5063621    -0.4571111    -0.4061625    -0.3549278    -0.3038944     -0.253225    -0.2029634
    -0.1532025    -0.1042487 -4.941065E-02  6.774391E-03  6.377519E-02     0.1220013     0.1820641     0.2446547      0.310466     0.3800932     0.4445949     0.5019004     0.5604067     0.6086506     0.6457229     0.6798825     0.7093474     0.7320883     0.7462409      0.750879
     0.7458704     0.7220883     0.6846995     0.6453676     0.6094139     0.5779935      0.550882     0.5042648     0.4363948     0.3799921             0
             0    -0.5708666    -0.6029895    -0.6261382     -0.643293    -0.6614134    -0.6785156    -0.6885661    -0.6890572    -0.6833988    -0.6697466    -0.6450632    -0.6009002     -0.544255    -0.4860059    -0.4281521    -0.3716438    -0.3164988    -0.2625223    -0.2095003
    -0.1573402    -0.1062149 -4.902142E-02  9.630961E-03  6.934442E-02     0.1307414     0.1947341     0.2624609     0.3353077     0.4149763     0.4924483     0.5649098     0.6440592     0.7152624     0.7738549     0.8320051     0.8858257     0.9288837     0.9521886     0.9476019
     0.9167455     0.8493518     0.7727144     0.7062677     0.6526694     0.6098515     0.5752703     0.5188035      0.442592      0.382428             0
             0    -0.5780108    -0.6141693    -0.6417912    -0.6634893    -0.6887094    -0.7172789    -0.7437391    -0.7598261    -0.7646518    -0.7403324    -0.6998196    -0.6389006    -0.5703539    -0.5045424    -0.4416386    -0.3816031    -0.3238666    -0.2678882    -0.2132407
    -0.1596941    -0.1073278 -4.879457E-02  1.126403E-02  7.253709E-02     0.1357859     0.2021279     0.2730263     0.3504165     0.4369877     0.5241994     0.6092031     0.7077451     0.8044991     0.8910202     0.9867057       1.08869      1.186507      1.250777      1.205957
      1.106452      0.964793     0.8408697     0.7485437     0.6805536     0.6294088     0.5897868     0.5270978     0.4460109      0.383749             0
             0    -0.5816902    -0.6200833     -0.650378    -0.6750634    -0.7057346    -0.7459168    -0.7998036    -0.8721932    -0.9956922    -0.8526042    -0.7556672    -0.6671402     -0.586753     -0.515249    -0.4490885    -0.3869681    -0.3277765     -0.270709    -0.2151952
    -0.1609192    -0.1079053 -4.867489E-02     0.0121163  7.420661E-02     0.1384361     0.2060424     0.2786876     0.3586659      0.449371     0.5428792     0.6367768     0.7509552     0.8724555     0.9915532      1.142741      1.343191      1.623116      2.038116      1.647403
       1.32923      1.063697     0.8885066      0.774709     0.6966047     0.6401942     0.5975971     0.5314263     0.4477563     0.3844163             0
