 51            10 
             0    -0.2313529    -0.2246574    -0.2189937    -0.2144576    -0.2091718    -0.2031501    -0.1972513    -0.1927081    -0.1889009    -0.1849239    -0.1797444    -0.1720664     -0.162668    -0.1539317    -0.1459612    -0.1375708    -0.1251226    -0.1113705 -9.750137E-02
 -8.278645E-02 -6.756606E-02 -5.188193E-02 -3.583164E-02 -1.961074E-02  -3.13484E-03  1.361461E-02  3.060969E-02  4.686327E-02  6.205353E-02  7.520659E-02  8.625839E-02  9.703666E-02     0.1057946     0.1127085     0.1195706     0.1264048     0.1332065     0.1400049     0.1463776
     0.1537353     0.1641159     0.1753547     0.1857527     0.1958644     0.2055866     0.2147421     0.2319451     0.2599607     0.2836106             0
             0    -0.2344835    -0.2277853    -0.2221018    -0.2175443    -0.2122273    -0.2061622    -0.2002126    -0.1956247    -0.1917768    -0.1877535     -0.182508    -0.1747182    -0.1651546    -0.1562294    -0.1480281    -0.1393117    -0.1265296    -0.1124364 -9.819965E-02
 -8.306723E-02 -6.739386E-02 -5.123981E-02    -0.0347226 -1.804326E-02 -1.127292E-03  1.603411E-02  3.342584E-02  5.003783E-02  6.556919E-02  7.902634E-02     0.0903392     0.1013744     0.1103373     0.1174072     0.1244155     0.1313827     0.1383051     0.1452131     0.1516792
     0.1591494     0.1696413     0.1809447     0.1913632     0.2014362     0.2110191     0.2199302     0.2365494     0.2636198     0.2859204             0
             0    -0.2840121    -0.2775599    -0.2717858     -0.267068    -0.2614702    -0.2549825    -0.2485198    -0.2434798    -0.2392211    -0.2347352    -0.2288435    -0.2199973    -0.2089764    -0.1985387    -0.1887928    -0.1782673    -0.1608694    -0.1410707    -0.1208349
 -9.921943E-02 -7.679009E-02 -5.367412E-02 -3.007253E-02 -6.304676E-03  1.770219E-02  4.192455E-02      0.066297  8.937255E-02     0.1106882     0.1288891     0.1439875     0.1584849     0.1700436     0.1790346     0.1878131     0.1963997     0.2047842      0.212999     0.2205438
     0.2290674      0.240626     0.2524742     0.2627766      0.272121       0.28043     0.2876247     0.3000863     0.3156351     0.3199497             0
             0    -0.3265624    -0.3217496     -0.316895    -0.3127821    -0.3077516    -0.3017644    -0.2956574    -0.2908176     -0.286687    -0.2822947    -0.2764738    -0.2676221    -0.2564177    -0.2456411    -0.2354347    -0.2242249    -0.2016764     -0.174983    -0.1473988
    -0.1178455 -8.716987E-02 -5.556824E-02     -0.023313  9.171226E-03     0.0419938  7.511954E-02     0.1084372      0.139924     0.1688816     0.1934046     0.2135478     0.2326205     0.2475392     0.2589595     0.2699025     0.2803763     0.2903537      0.299861     0.3083316
     0.3175541     0.3292803     0.3401623      0.348485     0.3549125     0.3595795     0.3626643     0.3662822     0.3629214     0.3463654             0
             0     -0.356887    -0.3545008    -0.3512036    -0.3481963    -0.3443027    -0.3394478    -0.3343026    -0.3301291    -0.3265207    -0.3226416    -0.3174547    -0.3094886    -0.2993299    -0.2895342    -0.2803649    -0.2703489    -0.2427931    -0.2088487    -0.1736304
    -0.1360163 -9.713699E-02 -5.719917E-02 -1.645658E-02  2.466535E-02     0.0664183     0.1088545     0.1519065     0.1929507     0.2310363     0.2634615     0.2900904     0.3151621     0.3345096     0.3491024     0.3628035     0.3755674     0.3873142     0.3980393      0.407121
     0.4163786     0.4266602     0.4340506     0.4375809     0.4381609      0.436401     0.4329371     0.4236227     0.3983457     0.3636965             0
             0    -0.3775956    -0.3778666    -0.3764202    -0.3747734     -0.372319    -0.3689212    -0.3650145    -0.3616928      -0.35875    -0.3555266    -0.3511609    -0.3443991    -0.3358492    -0.3278385    -0.3209572    -0.3140805    -0.2816097     -0.240228    -0.1975098
    -0.1523236    -0.1060155 -5.869761E-02 -1.047878E-02  3.835629E-02  8.834127E-02     0.1397781     0.1928362     0.2444125     0.2934511     0.3362096     0.3718726     0.4058099     0.4320293      0.451646     0.4697351     0.4860533      0.500335     0.5124493     0.5217133
     0.5298405     0.5355316     0.5347238     0.5288254      0.519417     0.5079266     0.4955563     0.4702341      0.423451     0.3747846             0
             0    -0.3887026    -0.3910006     -0.391123    -0.3906938    -0.3895901    -0.3875939    -0.3848472    -0.3822615    -0.3798469    -0.3770941    -0.3732659     -0.367248    -0.3598138    -0.3533143    -0.3488453     -0.345799    -0.3093478    -0.2620122    -0.2136888
    -0.1631733    -0.1118752 -5.974023E-02 -6.675569E-03  4.723818E-02     0.1028534     0.1608139     0.2217027     0.2823021     0.3418821     0.3959246     0.4425239     0.4884191     0.5249656     0.5526377     0.5781566     0.6006616     0.6192353     0.6332279     0.6417961
     0.6465229     0.6417053     0.6255087     0.6049393     0.5823984      0.559877     0.5386546      0.499164     0.4372587     0.3804429             0
             0    -0.3936085    -0.3969574    -0.3979618      -0.39826    -0.3980218    -0.3969915    -0.3950778     -0.392986    -0.3908744    -0.3883194    -0.3846379    -0.3787541     -0.371661    -0.3658474    -0.3627592    -0.3621431    -0.3234429    -0.2728638    -0.2216266
    -0.1684394     -0.114705    -0.0602554 -4.871413E-03  5.149388E-02     0.1098846     0.1711694     0.2362371     0.3019451     0.3680165     0.4297662     0.4846103     0.5406354     0.5871958     0.6234769     0.6577764     0.6882837     0.7127583     0.7291337     0.7358878
     0.7351647     0.7161029     0.6831548     0.6494517     0.6168746     0.5869147     0.5602907     0.5128425     0.4434203     0.3828859             0
             0    -0.3962985    -0.4002711    -0.4018261    -0.4025996    -0.4029641    -0.4026686    -0.4014646    -0.3998128    -0.3979359    -0.3954369    -0.3916877    -0.3856589    -0.3786007      -0.37312    -0.3708783    -0.3718522      -0.33174    -0.2791784    -0.2262069
    -0.1714602    -0.1163239 -6.055326E-02 -3.848379E-03  5.391933E-02     0.1139154     0.1771571     0.2447471     0.3136428     0.3839681     0.4511081     0.5121287     0.5764473     0.6322131      0.677225     0.7215189     0.7623864      0.795662      0.816046     0.8187982
     0.8094484     0.7726568     0.7230732     0.6783019     0.6381959     0.6031006     0.5729691     0.5205998     0.4468148     0.3842106             0
             0    -0.3976666    -0.4019732     -0.403835    -0.4048853    -0.4056256    -0.4058454    -0.4052508    -0.4040795    -0.4024858    -0.3998565    -0.3958229    -0.3894829    -0.3823176    -0.3769656    -0.3751817    -0.3770645    -0.3361617    -0.2825153     -0.228613
    -0.1730408    -0.1171692 -6.070983E-02 -3.317164E-03  5.518294E-02     0.1160236     0.1803074     0.2492645     0.3199301     0.3927087     0.4631295     0.5281531     0.5983348     0.6614645      0.714339     0.7690921     0.8230894     0.8708864     0.9016048     0.8931657
     0.8690785     0.8118781     0.7478337     0.6950179     0.6500328     0.6118484     0.5797105     0.5246313     0.4485462     0.3848796             0
