 51            10 
             0    -0.3045244    -0.2955617    -0.2879948    -0.2819373    -0.2748809    -0.2668441    -0.2589726    -0.2529107    -0.2478313    -0.2425256    -0.2356159    -0.2253739    -0.2128379     -0.201186    -0.1905562    -0.1793671    -0.1627673    -0.1444291    -0.1259353
    -0.1063139 -8.601876E-02 -6.510558E-02    -0.0437044 -2.207596E-02 -1.077533E-04  2.222499E-02  4.488505E-02  6.655627E-02  8.680954E-02     0.1043464     0.1190816     0.1334519     0.1451285     0.1543465     0.1634954     0.1726069     0.1816752     0.1907389     0.1992349
     0.2090443     0.2228835     0.2378664     0.2517282     0.2652079      0.278168     0.2903722     0.3133025     0.3506373     0.3821095             0
             0    -0.3086988    -0.2997324    -0.2921392    -0.2860532    -0.2789552    -0.2708605    -0.2629212    -0.2567999    -0.2516661    -0.2462986     -0.239301      -0.22891    -0.2161538    -0.2042498    -0.1933122    -0.1816882    -0.1646434    -0.1458504    -0.1268664
    -0.1066884    -0.0857894 -6.424973E-02 -4.222607E-02 -1.998647E-02  2.568423E-03  2.545036E-02     0.0486392  7.078822E-02  9.149621E-02     0.1094385     0.1245217     0.1392346     0.1511844     0.1606103     0.1699541      0.179243      0.188472     0.1976819     0.2063026
     0.2162617     0.2302493     0.2453185     0.2592075     0.2726356     0.2854099     0.2972882     0.3194402     0.3555149     0.3851892             0
             0    -0.3747403    -0.3661024    -0.3583887    -0.3520892    -0.3446171    -0.3359592    -0.3273362    -0.3206123     -0.314931     -0.308947     -0.301088    -0.2892888    -0.2745901      -0.26067    -0.2476734    -0.2336378    -0.2104392    -0.1840397    -0.1570578
    -0.1282366 -9.833049E-02    -0.0675092 -3.604068E-02 -4.350723E-03  2.765768E-02     0.0599532  9.244864E-02     0.1232148     0.1516343     0.1759008     0.1960308     0.2153596     0.2307701     0.2427572     0.2544611     0.2659089     0.2770873     0.2880395     0.2980983
      0.309462     0.3248717     0.3406675     0.3544021     0.3668591     0.3779356      0.387526      0.404136     0.4248525     0.4305513             0
             0    -0.4314765    -0.4250248    -0.4185373    -0.4130445     -0.406329    -0.3983388    -0.3901903    -0.3837335    -0.3782232    -0.3723641    -0.3645998    -0.3527937    -0.3378508    -0.3234794    -0.3098692    -0.2949218    -0.2648564    -0.2292648    -0.1924858
    -0.1530817    -0.1121816 -7.004715E-02    -0.0270416  1.626896E-02  6.003034E-02     0.1041957     0.1486167     0.1905964     0.2292039      0.261899     0.2887546     0.3141829     0.3340729     0.3492987     0.3638881     0.3778521     0.3911541     0.4038294     0.4151224
      0.427418     0.4430513     0.4575592     0.4686548     0.4772235     0.4834448     0.4875566     0.4923775     0.4878866     0.4657642             0
             0    -0.4719108    -0.4686947    -0.4642839    -0.4602654    -0.4550659    -0.4485855    -0.4417197    -0.4361514    -0.4313376    -0.4261629    -0.4192441     -0.408619    -0.3950708    -0.3820075    -0.3697806    -0.3564253    -0.3196841    -0.2744251     -0.227468
    -0.1773168    -0.1254794     -0.072231 -1.791006E-02  3.691624E-02  9.258347E-02     0.1491613       0.20656     0.2612814     0.3120582     0.3552882     0.3907903     0.4242164     0.4500108     0.4694662     0.4877326     0.5047497     0.5204107     0.5347093     0.5468171
     0.5591595     0.5728668     0.5827197     0.5874262     0.5881996      0.585853     0.5812346     0.5688154     0.5351084     0.4888671             0
             0    -0.4995231    -0.4998501    -0.4979072    -0.4957028    -0.4924224    -0.4878849    -0.4826705     -0.478238    -0.4743116    -0.4700114    -0.4641876    -0.4551685    -0.4437655    -0.4330825    -0.4239064    -0.4147374    -0.3714432    -0.3162681    -0.2593116
    -0.1990651    -0.1373231 -7.423545E-02 -9.947072E-03     0.0551624     0.1218045     0.1903819     0.2611205     0.3298834     0.3952627     0.4522693     0.4998159     0.5450618     0.5800182     0.6061714     0.6302882     0.6520439     0.6710844     0.6872353     0.6995859
     0.7104206     0.7180076     0.7169302      0.709066     0.6965225     0.6812035     0.6647114     0.6309516      0.568575     0.5036479             0
             0     -0.514333    -0.5173627    -0.5175115    -0.5169306    -0.5154511    -0.5127826    -0.5091149    -0.5056638    -0.5024418    -0.4987689     -0.493662    -0.4856348    -0.4757195    -0.4670516     -0.461092    -0.4570303    -0.4084291    -0.3453158    -0.2808859
     -0.213534    -0.1451392 -7.562915E-02 -4.880213E-03     0.0670002     0.1411486     0.2184234     0.2996019     0.3803945     0.4598282     0.5318793     0.5940073     0.6551967     0.7039223     0.7408163     0.7748395     0.8048442     0.8296074     0.8482625     0.8596851
     0.8659855       0.85956     0.8379641     0.8105389     0.7804862     0.7504603     0.7221664     0.6695176     0.5869814     0.5111905             0
             0    -0.5208743    -0.5253053    -0.5266302     -0.527019    -0.5266936    -0.5253129     -0.522756    -0.5199634    -0.5171454    -0.5137364    -0.5088249    -0.5009767    -0.4915163     -0.483763    -0.4796446    -0.4788231    -0.4272234    -0.3597855    -0.2914708
    -0.2205566    -0.1489136 -7.631762E-02 -2.476498E-03  7.267234E-02      0.150521     0.2322277     0.3189777     0.4065816     0.4946699     0.5769972     0.6501181     0.7248145     0.7868925     0.8352656      0.880997     0.9216722     0.9543038      0.976136     0.9851395
     0.9841723     0.9587529     0.9148204     0.8698834     0.8264492     0.7865055     0.7510101     0.6877522     0.5951951     0.5144472             0
             0     -0.524461    -0.5297236    -0.5317826    -0.5328054    -0.5332835    -0.5328826     -0.531272     -0.529066     -0.526561    -0.5232266     -0.518225    -0.5101833    -0.5007695    -0.4934601    -0.4904704    -0.4917689    -0.4382866    -0.3682055    -0.2975784
    -0.2245851    -0.1510728 -7.671563E-02 -1.113459E-03  7.590511E-02     0.1558941     0.2402098     0.3303227     0.4221764     0.5159366     0.6054507     0.6868073      0.772562     0.8469148     0.9069299     0.9659885      1.020479      1.064846      1.092024      1.095691
      1.083219      1.034158     0.9680428     0.9083475     0.8548747      0.808084     0.7679121     0.6980935     0.5997201      0.516213             0
             0    -0.5262852    -0.5319932    -0.5344613     -0.535853    -0.5368323    -0.5371184    -0.5363202    -0.5347551    -0.5326275    -0.5291195    -0.5237387    -0.5152821    -0.5057255    -0.4985877    -0.4962084    -0.4987189    -0.4441825     -0.372655    -0.3007869
    -0.2266928    -0.1522003 -7.692482E-02 -4.056864E-04  7.758933E-02     0.1587044     0.2444094     0.3363449     0.4305584     0.5275896     0.6214783     0.7081721     0.8017449      0.885917     0.9564168      1.029422      1.101421      1.165154      1.206113      1.194855
      1.162731      1.086454      1.001056     0.9306343     0.8706557     0.8197463     0.7768996     0.7034678     0.6020281     0.5171049             0
