 51            10 
             0  5.101607E-02  5.126603E-02  5.142133E-02  5.153466E-02  5.165758E-02  5.178981E-02     0.0519134  5.200577E-02     0.0520818  5.215991E-02  5.226009E-02  5.240552E-02  5.257925E-02  5.276006E-02  5.294748E-02      0.053141  5.334012E-02  5.354428E-02  5.375294E-02
  5.396552E-02  5.418142E-02  5.440006E-02  5.462082E-02  5.484309E-02  5.506626E-02     0.0552897  5.551279E-02  5.573493E-02  5.595551E-02  5.614662E-02  5.630893E-02  5.646949E-02  5.660164E-02  5.670639E-02     0.0568101  5.691271E-02  5.701414E-02  5.711435E-02  5.721325E-02
  5.733518E-02     0.0575021  5.768671E-02     0.0578647  5.803565E-02  5.819916E-02  5.835485E-02  5.864985E-02     0.0591942  5.968107E-02             0
             0  5.101117E-02  5.126137E-02  5.141686E-02  5.153034E-02  5.165343E-02  5.178586E-02  5.190964E-02  5.200216E-02  5.207831E-02  5.215655E-02  5.225689E-02  5.240257E-02  5.257661E-02  5.275774E-02  5.294549E-02  5.313936E-02  5.333884E-02  5.354338E-02  5.375242E-02
  5.396539E-02  5.418168E-02  5.440072E-02  5.462187E-02  5.484453E-02  5.506808E-02  5.529188E-02  5.551534E-02  5.573783E-02  5.595874E-02  5.615012E-02  5.631266E-02  5.647343E-02  5.660575E-02  5.671062E-02  5.681446E-02  5.691718E-02  5.701873E-02  5.711903E-02  5.721804E-02
  5.734008E-02  5.750715E-02     0.0576919  5.787001E-02  5.804106E-02  5.820465E-02  5.836039E-02  5.865547E-02  5.919978E-02  5.968625E-02             0
             0  5.093584E-02  5.118975E-02  5.134815E-02  5.146394E-02  5.158968E-02  5.172511E-02  5.185183E-02     0.0519466  5.202464E-02  5.210485E-02  5.220776E-02  5.235724E-02  5.253591E-02  5.272195E-02  5.291488E-02  5.311416E-02  5.331923E-02  5.352954E-02  5.374448E-02
  5.396344E-02     0.0541858     0.0544109  5.463812E-02  5.486678E-02  5.509622E-02  5.532578E-02  5.555481E-02  5.578266E-02  5.600869E-02     0.0562043  5.637028E-02  5.653433E-02  5.666921E-02  5.677605E-02  5.688176E-02  5.698627E-02  5.708951E-02  5.719142E-02  5.729192E-02
  5.741573E-02  5.758502E-02  5.777194E-02  5.795186E-02  5.812437E-02  5.828907E-02  5.844563E-02  5.874177E-02  5.928529E-02  5.976535E-02             0
             0  5.088178E-02  5.113816E-02  5.129855E-02  5.141591E-02     0.0515435  5.168103E-02  5.180982E-02     0.0519062  5.198558E-02     0.0520672  5.217195E-02  5.232416E-02     0.0525062  5.269583E-02  5.289254E-02  5.309579E-02      0.053305  5.351958E-02  5.373891E-02
  5.396234E-02  5.418922E-02  5.441888E-02  5.465063E-02  5.488379E-02  5.511766E-02  5.535155E-02  5.558477E-02  5.581663E-02  5.604646E-02  5.624522E-02  5.641375E-02     0.0565802  5.671695E-02  5.682521E-02  5.693227E-02  5.703805E-02  5.714248E-02     0.0572455  5.734704E-02
  5.747205E-02  5.764282E-02  5.783112E-02  5.801213E-02  5.818544E-02     0.0583507  5.850756E-02  5.880388E-02  5.934557E-02  5.981974E-02             0
             0  5.084821E-02  5.110601E-02  5.126756E-02  5.138587E-02  5.151455E-02  5.165336E-02  5.178341E-02  5.188077E-02  5.196099E-02  5.204348E-02  5.214937E-02  5.230328E-02  5.248743E-02  5.267931E-02  5.287842E-02  5.308418E-02  5.329603E-02  5.351333E-02  5.373546E-02
  5.396175E-02  5.419153E-02  5.442411E-02  5.465879E-02  5.489485E-02  5.513158E-02  5.536826E-02  5.560419E-02  5.583865E-02  5.607095E-02  5.627173E-02     0.0564419  5.660988E-02  5.674782E-02  5.685697E-02  5.696488E-02  5.707145E-02  5.717662E-02  5.728032E-02  5.738249E-02
  5.750822E-02  5.767984E-02     0.0578689  5.805046E-02  5.822415E-02     0.0583896     0.0585465  5.884263E-02  5.938258E-02  5.985256E-02             0
             0  5.082752E-02  5.108614E-02  5.124837E-02  5.136722E-02  5.149657E-02  5.163614E-02  5.176696E-02  5.186492E-02  5.194564E-02  5.202866E-02  5.213526E-02  5.229023E-02  5.247568E-02  5.266897E-02  5.286958E-02  5.307692E-02  5.329042E-02  5.350943E-02  5.373332E-02
  5.396141E-02  5.419303E-02  5.442745E-02  5.466398E-02  5.490188E-02  5.514043E-02     0.0553789  5.561655E-02  5.585267E-02  5.608655E-02  5.628862E-02  5.645984E-02     0.0566288  5.676749E-02  5.687721E-02  5.698564E-02  5.709271E-02  5.719833E-02  5.730245E-02      0.057405
  5.753115E-02  5.770326E-02  5.789274E-02  5.807459E-02  5.824843E-02  5.841393E-02  5.857078E-02  5.886664E-02  5.940523E-02     0.0598724             0
             0  5.081722E-02  5.107621E-02  5.123876E-02  5.135789E-02  5.148755E-02  5.162749E-02  5.175869E-02  5.185694E-02  5.193792E-02  5.202121E-02  5.212815E-02  5.228365E-02  5.246976E-02  5.266376E-02  5.286512E-02  5.307326E-02  5.328759E-02  5.350747E-02  5.373225E-02
  5.396125E-02  5.419379E-02  5.442915E-02  5.466662E-02  5.490546E-02  5.514493E-02  5.538431E-02  5.562285E-02  5.585982E-02  5.609451E-02  5.629725E-02  5.646901E-02  5.663847E-02  5.677754E-02  5.688756E-02  5.699626E-02  5.710357E-02  5.720942E-02  5.731375E-02  5.741648E-02
  5.754283E-02  5.771518E-02  5.790485E-02  5.808681E-02  5.826069E-02  5.842618E-02  5.858297E-02  5.887864E-02  5.941645E-02  5.988217E-02             0
             0  5.081281E-02  5.107196E-02  5.123466E-02  5.135389E-02  5.148368E-02  5.162378E-02  5.175514E-02  5.185352E-02     0.0519346  5.201801E-02     0.0521251  5.228082E-02  5.246722E-02  5.266152E-02     0.0528632  5.307169E-02  5.328637E-02  5.350662E-02  5.373179E-02
  5.396119E-02  5.419412E-02  5.442989E-02  5.466776E-02      0.054907  5.514687E-02  5.538664E-02  5.562557E-02  5.586291E-02  5.609795E-02  5.630098E-02  5.647297E-02  5.664265E-02  5.678189E-02  5.689203E-02  5.700085E-02  5.710827E-02  5.721422E-02  5.731864E-02  5.742145E-02
  5.754788E-02  5.772033E-02  5.791007E-02  5.809207E-02  5.826597E-02  5.843144E-02  5.858821E-02  5.888378E-02  5.942125E-02  5.988633E-02             0
             0  5.081043E-02  5.106967E-02  5.123243E-02  5.135173E-02  5.148159E-02  5.162178E-02  5.175322E-02  5.185167E-02  5.193281E-02  5.201627E-02  5.212345E-02     0.0522793  5.246584E-02  5.266031E-02  5.286217E-02  5.307084E-02  5.328571E-02  5.350617E-02  5.373154E-02
  5.396115E-02  5.419431E-02  5.443029E-02  5.466837E-02  5.490784E-02  5.514793E-02  5.538791E-02  5.562704E-02  5.586458E-02  5.609982E-02      0.056303  5.647512E-02  5.664492E-02  5.678425E-02  5.689446E-02  5.700334E-02  5.711082E-02  5.721682E-02  5.732128E-02  5.742414E-02
  5.755062E-02  5.772312E-02     0.0579129  5.809492E-02  5.826882E-02  5.843429E-02  5.859104E-02  5.888655E-02  5.942383E-02  5.988856E-02             0
             0  5.080924E-02  5.106851E-02  5.123131E-02  5.135064E-02  5.148054E-02  5.162077E-02  5.175225E-02  5.185074E-02     0.0519319     0.0520154  5.212262E-02  5.227853E-02  5.246514E-02     0.0526597  5.286164E-02  5.307041E-02  5.328538E-02  5.350594E-02  5.373142E-02
  5.396113E-02  5.419439E-02  5.443049E-02  5.466869E-02  5.490826E-02  5.514846E-02  5.538855E-02  5.562778E-02  5.586543E-02  5.610076E-02  5.630403E-02  5.647621E-02  5.664607E-02  5.678544E-02  5.689569E-02     0.0570046  5.711211E-02  5.721814E-02  5.732263E-02     0.0574255
  5.755201E-02  5.772453E-02  5.791432E-02  5.809635E-02  5.827026E-02  5.843573E-02  5.859246E-02  5.888795E-02  5.942513E-02  5.988969E-02             0
