 51            10 
             0  2.343886E-02     0.0250777  2.598874E-02  2.667475E-02  2.744929E-02  2.831431E-02  2.914944E-02     0.0297869  3.031824E-02  3.087054E-02  3.158656E-02  3.264133E-02      0.033923     0.0352765  3.669709E-02  3.817974E-02  3.971915E-02  4.130978E-02  4.294584E-02
  4.462134E-02  4.633011E-02  4.806579E-02  4.982181E-02  5.159156E-02  5.336839E-02  5.514569E-02      0.056917  5.867603E-02  6.041669E-02  6.191861E-02  6.318966E-02  6.444217E-02  6.546872E-02  6.628004E-02  6.708088E-02  6.787068E-02  6.864893E-02  6.941513E-02  7.016881E-02
  7.109471E-02  7.235556E-02  7.373989E-02     0.0750649  7.632831E-02  7.752819E-02  7.866295E-02  8.079959E-02     0.0846785     0.0877016             0
             0  2.326247E-02  2.490337E-02  2.581921E-02  2.650939E-02  2.728901E-02  2.816005E-02  2.900127E-02  2.964351E-02  3.017892E-02  3.073551E-02     0.0314572     0.0325205  3.381282E-02     0.0351778  3.661066E-02  3.810631E-02  3.965936E-02  4.126418E-02  4.291489E-02
  4.460539E-02     0.0463294  4.808041E-02  4.985177E-02  5.163671E-02  5.342844E-02  5.522024E-02  5.700551E-02  5.877782E-02  6.053097E-02  6.204304E-02  6.332223E-02  6.458229E-02  6.561461E-02  6.643026E-02  6.723513E-02  6.802868E-02  6.881038E-02  6.957972E-02  7.033625E-02
  7.126531E-02  7.252982E-02  7.391714E-02  7.524404E-02  7.650828E-02  7.770802E-02  7.884176E-02  8.097481E-02  8.483806E-02  8.782799E-02             0
             0  2.051578E-02  2.218399E-02  2.317186E-02  2.392519E-02  2.478256E-02  2.574606E-02  2.668125E-02  2.739767E-02  2.799618E-02  2.861963E-02  2.942955E-02  3.062603E-02  3.208486E-02  3.362998E-02  3.525573E-02  3.695592E-02  3.872393E-02  4.055271E-02  4.243486E-02
  4.436261E-02  4.632788E-02  4.832226E-02  5.033705E-02  5.236336E-02  5.439224E-02  5.641475E-02  5.842213E-02  6.040581E-02     0.0623576  6.403068E-02  6.543884E-02  6.681821E-02  6.794145E-02  6.882515E-02  6.969327E-02  7.054517E-02  7.138028E-02  7.219806E-02  7.299803E-02
     0.0739752  7.529409E-02  7.672437E-02  7.807595E-02  7.934781E-02  8.053957E-02  8.165137E-02  8.371613E-02  8.730981E-02  8.976212E-02             0
             0  1.832553E-02  1.998347E-02  2.101028E-02  2.180191E-02  2.271017E-02     0.0237379  2.474164E-02  2.551387E-02  2.616072E-02  2.683625E-02  2.771593E-02  2.901981E-02  3.061589E-02  3.231212E-02     0.0341019  3.597797E-02  3.793245E-02  3.995696E-02  4.204267E-02
  4.418035E-02  4.636035E-02  4.857262E-02  5.080666E-02  5.305166E-02     0.0552966  5.753037E-02  5.974188E-02  6.192017E-02  6.405456E-02  6.587478E-02  6.739977E-02  6.888577E-02  7.008871E-02  7.103103E-02  7.195245E-02  7.285224E-02  7.372969E-02  7.458423E-02  7.541537E-02
  7.642454E-02  7.777388E-02  7.921804E-02  8.056419E-02  8.181334E-02  8.296744E-02  8.402904E-02  8.597318E-02  8.922198E-02  9.115145E-02             0
             0  1.685442E-02  1.847908E-02  1.951638E-02  2.032341E-02  2.125634E-02  2.231918E-02  2.336373E-02  2.417085E-02  2.484876E-02  2.555852E-02  2.648496E-02  2.786263E-02  2.955531E-02  3.135962E-02  3.326797E-02  3.527194E-02  3.736253E-02  3.953024E-02     0.0417652
  4.405721E-02  4.639569E-02  4.876964E-02  5.116753E-02     0.0535774  5.598692E-02  5.838344E-02  6.075406E-02  6.308573E-02  6.536534E-02  6.730315E-02  6.892144E-02  7.049207E-02  7.175735E-02  7.274482E-02  7.370642E-02  7.464118E-02  7.554828E-02  7.642706E-02  7.727698E-02
  7.830289E-02  7.966191E-02  8.109755E-02  8.241802E-02     0.0836272  8.472996E-02  8.573173E-02  8.754441E-02  9.047842E-02  9.201388E-02             0
             0     0.0158956  1.748053E-02  1.851323E-02  1.932257E-02  2.026431E-02  2.134386E-02  2.241112E-02  2.323918E-02  2.393647E-02  2.466826E-02  2.562558E-02  2.705334E-02  2.881319E-02  3.069357E-02  3.268571E-02  3.478004E-02     0.0369665  3.923474E-02     0.0415742
  4.397416E-02  4.642365E-02     0.0489113  5.142521E-02  5.395299E-02  5.648173E-02      0.058998  6.148783E-02  6.393666E-02  6.632937E-02  6.836036E-02  7.005327E-02  7.169185E-02  7.300697E-02  7.403016E-02  7.502297E-02     0.0759841  7.691249E-02  7.780731E-02  7.866801E-02
  7.970091E-02  8.105662E-02  8.247076E-02  8.375538E-02      0.084918  8.596691E-02  8.691047E-02     0.0886026  9.128452E-02  9.254521E-02             0
             0  1.539957E-02  1.695517E-02  1.797928E-02  1.878538E-02     0.0197273  2.081165E-02  2.188821E-02  2.272606E-02  2.343294E-02  2.417614E-02  2.514995E-02  2.660537E-02  2.840308E-02  3.032655E-02  3.236597E-02  3.451089E-02  3.675055E-02  3.907412E-02  4.147073E-02
  4.392952E-02  4.643945E-02  4.898916E-02  5.156679E-02  5.415993E-02  5.675565E-02  5.934038E-02  6.189981E-02  6.441878E-02  6.688115E-02  6.897125E-02  7.071254E-02  7.239594E-02  7.374429E-02  7.479128E-02  7.580467E-02  7.678275E-02  7.772413E-02  7.862777E-02  7.949308E-02
  8.052652E-02  8.187292E-02  8.326378E-02  8.451627E-02  8.564138E-02  8.665016E-02  8.755293E-02  8.916486E-02  9.169695E-02     0.0928097             0
             0  1.518409E-02  1.672503E-02     0.0177439  1.854744E-02  1.948822E-02  2.057349E-02  2.165332E-02     0.0224951  2.320604E-02  2.395422E-02  2.493543E-02  2.640349E-02  2.821867E-02  3.016196E-02  3.222298E-02  3.439083E-02  3.665442E-02  3.900274E-02  4.142482E-02
  4.390975E-02  4.644652E-02  4.902382E-02  5.162985E-02  5.425226E-02  5.687818E-02  5.949404E-02  6.208551E-02  6.463724E-02  6.713276E-02  6.925163E-02     0.0710169  7.272298E-02  7.408845E-02  7.514782E-02  7.617193E-02  7.715878E-02  7.810669E-02  7.901445E-02  7.988136E-02
     0.0809138  8.225313E-02  8.362953E-02  8.486369E-02  8.596859E-02  8.695666E-02  8.783911E-02  8.941214E-02  9.187523E-02     0.0929227             0
             0  1.506691E-02  1.659933E-02     0.0176149     0.0184167  1.935646E-02  2.044183E-02  2.152316E-02  2.236696E-02  2.308005E-02  2.383097E-02     0.0248163  2.629149E-02  2.811652E-02  3.007096E-02  3.214406E-02  3.432466E-02  3.660151E-02  3.896349E-02  4.139959E-02
     0.0438989  4.645042E-02  4.904289E-02  5.166455E-02  5.430311E-02  5.694574E-02  5.957893E-02  6.218833E-02  6.475855E-02  6.727298E-02  6.940849E-02     0.0711878  7.290736E-02  7.428317E-02  7.535009E-02  7.638081E-02  7.737308E-02  7.832498E-02  7.923511E-02     0.0801027
  8.113402E-02  8.246819E-02  8.383502E-02  8.505767E-02     0.0861503  8.712611E-02  8.799672E-02  8.954743E-02  9.197196E-02  9.298367E-02             0
             0  1.500762E-02  1.653556E-02  1.754931E-02     0.0183501  1.928919E-02  2.037445E-02  2.145641E-02  2.230117E-02  2.301534E-02  2.376766E-02  2.475511E-02  2.623402E-02     0.0280642  3.002442E-02  3.210375E-02  3.429089E-02  3.657454E-02  3.894349E-02  4.138674E-02
  4.389337E-02     0.0464524     0.0490526  5.168223E-02  5.432904E-02  5.698023E-02  5.962231E-02  6.224095E-02  6.482076E-02  6.734506E-02  6.948934E-02  7.127614E-02  7.300299E-02  7.438448E-02  7.545561E-02  7.649007E-02  7.748543E-02     0.0784396  7.935102E-02  8.021887E-02
  8.124926E-02  8.258014E-02  8.394138E-02  8.515757E-02  8.624351E-02  8.721275E-02  8.807711E-02  8.961614E-02  9.202084E-02  9.301437E-02             0
