 51            10 
             0    -0.3429189    -0.3308475    -0.3212922    -0.3137637    -0.3050874    -0.2952739    -0.2857049    -0.2783525     -0.272199    -0.2657782    -0.2574242    -0.2450583    -0.2299527    -0.2139412    -0.1971008    -0.1795136    -0.1612652    -0.1424519    -0.1231845
    -0.1035721 -8.354959E-02 -6.060755E-02 -3.767632E-02 -1.484637E-02  7.794596E-03     0.0301614     0.0521715  7.374544E-02  9.480742E-02     0.1127263     0.1277248      0.142337     0.1541724     0.1634507     0.1725334     0.1814152     0.1900916     0.1985585     0.2068124
     0.2168596     0.2303506     0.2448801     0.2585135       0.27125     0.2830951     0.2940606     0.3142669     0.3486944     0.3774796             0
             0    -0.3496989     -0.337558    -0.3279118    -0.3203104    -0.3115469    -0.3016199    -0.2919184    -0.2844498    -0.2781906    -0.2716503    -0.2631291    -0.2504904    -0.2350167    -0.2185906    -0.2013039    -0.1832463    -0.1644926    -0.1451319    -0.1252795
    -0.1050632 -8.445674E-02 -6.097232E-02 -3.747126E-02 -1.407876E-02  9.113666E-03  3.201745E-02  5.454661E-02  7.661767E-02  9.814998E-02      0.116452     0.1317579     0.1466538     0.1587039     0.1681419     0.1773716     0.1863875     0.1951849     0.2037598      0.212109
     0.2222605     0.2358681      0.250489     0.2641751     0.2769265     0.2887486     0.2996563     0.3196873     0.3534553     0.3811066             0
             0    -0.4534834    -0.4407202      -0.42987    -0.4210537     -0.410586    -0.3983903    -0.3861527    -0.3765569     -0.368422     -0.359829    -0.3485185     -0.331506    -0.3103365    -0.2875614    -0.2633365    -0.2378228    -0.2111641    -0.1835243    -0.1551028
    -0.1261129      -0.09654 -6.282161E-02 -2.912929E-02  4.319732E-03  3.735294E-02  6.979651E-02     0.1014737     0.1322046     0.1618074     0.1865658     0.2069673     0.2264813     0.2419526     0.2538888     0.2653708     0.2763875     0.2869306     0.2969941     0.3065751
     0.3179477     0.3326097     0.3474855      0.360556     0.3719206      0.381695     0.3900091     0.4039891     0.4212514     0.4256674             0
             0    -0.5559617    -0.5478935    -0.5390584    -0.5311584    -0.5209619    -0.5081776    -0.4945045    -0.4833305    -0.4736233    -0.4631408    -0.4490688    -0.4273597    -0.3996252    -0.3692276    -0.3364975    -0.3017764    -0.2653616    -0.2275496    -0.1886528
    -0.1489694    -0.1084428 -6.207434E-02 -1.572443E-02  3.034663E-02  7.592488E-02     0.1207695     0.1646012     0.2070933     0.2478689     0.2816764     0.3092296     0.3351667     0.3552817     0.3705136     0.3848427     0.3982341     0.4106616     0.4221094     0.4325725
     0.4444281     0.4585127     0.4709968     0.4802284      0.486631     0.4906424      0.492685     0.4936036     0.4834021     0.4602329             0
             0    -0.6390009    -0.6417818    -0.6393107    -0.6354199    -0.6285695    -0.6179857    -0.6048143    -0.5930799    -0.5823976    -0.5703994    -0.5537599    -0.5271019    -0.4919136    -0.4526918    -0.4102118     -0.365204    -0.3182405    -0.2697919    -0.2202636
    -0.1699703    -0.1187079 -5.991525E-02 -1.052477E-03  5.774643E-02     0.1163883     0.1747113      0.232447     0.2891794     0.3443041      0.390409     0.4280394     0.4632745     0.4901859      0.510206     0.5285663      0.545135     0.5598097     0.5725263     0.5832654
     0.5942523     0.6047538     0.6102017     0.6103926     0.6066508     0.6001497      0.591844      0.573079     0.5304691     0.4829526             0
             0    -0.7020999    -0.7205359    -0.7290185    -0.7328554    -0.7335038    -0.7292222    -0.7194433    -0.7085064    -0.6974744    -0.6840996    -0.6644896    -0.6313286    -0.5861169    -0.5354732    -0.4811239    -0.4244345    -0.3662925    -0.3072643    -0.2477145
    -0.1878222    -0.1270921 -5.742101E-02  1.248444E-02  8.282432E-02     0.1538568      0.225767     0.2986052     0.3721955     0.4460008     0.5098191      0.563113     0.6139041     0.6529533     0.6818083     0.7077412     0.7302255     0.7488035     0.7631573     0.7731776
     0.7804534     0.7807403     0.7696555     0.7514381      0.729526     0.7063054     0.6832685      0.639231     0.5641778     0.4975171             0
             0     -0.738933    -0.7720051    -0.7930114    -0.8069337    -0.8190293    -0.8263777    -0.8247488    -0.8169742    -0.8065272    -0.7916093    -0.7676278    -0.7245714    -0.6656123    -0.6012683    -0.5344413    -0.4668695    -0.3993637    -0.3322361    -0.2655517
    -0.1991869    -0.1322908    -0.0556292  2.142968E-02  9.947674E-02     0.1792214     0.2613895     0.3466996     0.4357964     0.5290962     0.6142864     0.6889174     0.7638524     0.8245017     0.8705374     0.9124874     0.9483978     0.9761422     0.9938559      1.000676
     0.9967133     0.9712831     0.9266836     0.8777184     0.8302858     0.7869468     0.7484873     0.6812021     0.5828851     0.5049616             0
             0    -0.7558445    -0.7972401    -0.8265021    -0.8479641    -0.8701147     -0.890074    -0.9001161    -0.8982488    -0.8895257    -0.8724478    -0.8420076    -0.7864796    -0.7139308    -0.6384828    -0.5629861     -0.488684    -0.4158703    -0.3444389    -0.2741379
    -0.2045983    -0.1347392 -5.474622E-02  2.573494E-02     0.1075284     0.1916272     0.2791312     0.3712885     0.4695283     0.5754568     0.6763228     0.7686369     0.8667614     0.9521867      1.020807      1.087233      1.147296      1.194615      1.220844      1.218934
      1.190013      1.121226      1.035023     0.9559348     0.8876968     0.8301266      0.781909     0.7012653     0.5912684     0.5081783             0
             0     -0.765296    -0.8118643    -0.8467379    -0.8738155    -0.9044809    -0.9373624    -0.9633372    -0.9725593    -0.9681853    -0.9465145     -0.904676    -0.8327657    -0.7467425     -0.662185    -0.5804223     -0.501649    -0.4255036    -0.3514736    -0.2790467
    -0.2076745    -0.1361238 -5.423759E-02  2.819216E-02     0.1121364     0.1987711     0.2894492     0.3858008     0.4898715      0.604322     0.7166559     0.8231162     0.9421281      1.053765      1.150048      1.252369      1.356882      1.452901      1.513979      1.477585
      1.387352      1.249076      1.115412      1.008771     0.9241266     0.8564119     0.8017169     0.7127076     0.5958965     0.5099232             0
             0    -0.7701619    -0.8195881    -0.8577958    -0.8885144    -0.9254882    -0.9702416      -1.01681     -1.048067     -1.057247     -1.021896    -0.9578634    -0.8651263    -0.7669442    -0.6757683    -0.5900196    -0.5086198    -0.4306097    -0.3551688    -0.2816102
    -0.2092748    -0.1368417 -5.397111E-02  2.947311E-02     0.1145431     0.2025182     0.2948986     0.3935466     0.5009074      0.620388     0.7399796     0.8561912     0.9914576      1.127432       1.25448      1.407215      1.597809      1.847092      2.192213      1.875507
      1.600548      1.351996      1.169285      1.040638     0.9448007     0.8708031     0.8123358     0.7186764     0.5982603     0.5108046             0
