 51            10 
             0    -0.3432944    -0.3311992    -0.3216285    -0.3140956    -0.3054228    -0.2956139    -0.2860476    -0.2786959     -0.272542    -0.2661195    -0.2577612    -0.2453842     -0.230259    -0.2142228    -0.1973594    -0.1797527    -0.1614688    -0.1425812    -0.1231646
     -0.103261 -8.275333E-02 -6.072947E-02 -3.858605E-02 -1.640979E-02  5.697182E-03  2.764493E-02  4.936356E-02  7.078192E-02     0.0918242     0.1098398     0.1249921     0.1398282     0.1519093     0.1614172     0.1707644     0.1799501     0.1889763     0.1978464     0.2065654
     0.2172817     0.2312733     0.2461559     0.2599474     0.2725952     0.2845412     0.2957335     0.3165543     0.3525355     0.3830784             0
             0    -0.3503019    -0.3381564    -0.3284421    -0.3208366    -0.3121554    -0.3022965    -0.2926457    -0.2852103    -0.2789746    -0.2724522    -0.2639414    -0.2512793     -0.235743    -0.2192027    -0.2018362    -0.1838391    -0.1650833    -0.1456207    -0.1255397
    -0.1049214 -8.372924E-02 -6.138397E-02 -3.876521E-02 -1.602865E-02  6.572671E-03  2.890494E-02     0.0510148  7.285038E-02  9.431593E-02     0.1126721     0.1280848     0.1431421     0.1553655     0.1649523     0.1743215     0.1834666      0.192413       0.20118      0.209787
     0.2203781     0.2343519     0.2493658     0.2634521     0.2764697     0.2886958     0.3000402     0.3209836     0.3563661     0.3855966             0
             0    -0.4543199    -0.4415987    -0.4307033    -0.4219008    -0.4115511    -0.3994582    -0.3872998    -0.3777556     -0.369657    -0.3610913     -0.349797    -0.3327501    -0.3114813    -0.2885274    -0.2641665    -0.2387172    -0.2120399    -0.1842474    -0.1555019
    -0.1259546 -9.558955E-02 -6.362002E-02 -3.130827E-02  1.086288E-03  3.316199E-02  6.468139E-02  9.565909E-02     0.1259624     0.1553906     0.1801696      0.200684     0.2203982     0.2361001     0.2482412     0.2599238     0.2711338     0.2818995     0.2922418     0.3021831
      0.314146     0.3293831     0.3448935     0.3586363     0.3705427     0.3809862     0.3899877     0.4053408     0.4249605     0.4307573             0
             0    -0.5572957     -0.549522    -0.5408275    -0.5330375    -0.5230669    -0.5104945    -0.4969815    -0.4859024    -0.4762557    -0.4658124    -0.4517526    -0.4299564    -0.4019927    -0.3712395    -0.3381828    -0.3034396    -0.2669158     -0.228838    -0.1894724
    -0.1490495    -0.1075598 -6.394543E-02 -1.982043E-02  2.447406E-02  6.839903E-02     0.1116142      0.154106     0.1956226     0.2357772     0.2693036     0.2967734     0.3227838     0.3430865     0.3585218     0.3730785     0.3867122     0.3994423     0.4112842     0.4222598
     0.4349413     0.4500243       0.46368     0.4742173     0.4818296      0.487132     0.4904346     0.4937509     0.4874365     0.4658637             0
             0    -0.6411183    -0.6449214    -0.6432014    -0.6397711    -0.6335197    -0.6235201    -0.6107667    -0.5992457    -0.5886754      -0.57672     -0.560034    -0.5330713    -0.4972223    -0.4571419    -0.4137899    -0.3684178    -0.3210568     -0.272081    -0.2218373
    -0.1705732    -0.1181991 -6.329812E-02 -7.632182E-03  4.850876E-02     0.1045877     0.1602875     0.2156765     0.2704453     0.3240038     0.3690622     0.4060189     0.4408322     0.4676241     0.4876666     0.5061393     0.5228885      0.537874     0.5510719     0.5624915
       0.57461     0.5868303     0.5944276     0.5971038     0.5958126     0.5917153     0.5856501     0.5709563     0.5343491     0.4889082             0
             0     -0.705204    -0.7261035    -0.7367866    -0.7420606    -0.7444464    -0.7419583    -0.7334629    -0.7231138    -0.7123229    -0.6989333    -0.6789774    -0.6446822    -0.5974649    -0.5446087    -0.4880737    -0.4301735    -0.3709987    -0.3109502    -0.2502931
    -0.1891233    -0.1271125 -6.237013E-02   3.43375E-03     0.0702432     0.1377413     0.2058816     0.2750974     0.3453334     0.4160823     0.4774941     0.5289587     0.5782422     0.6163884     0.6447321     0.6703548     0.6926911     0.7113905     0.7262028     0.7370557
     0.7458546     0.7491191     0.7419113     0.7281892     0.7107489     0.6916171     0.6722043     0.6344411     0.5677074     0.5036593             0
             0    -0.7428784     -0.780215    -0.8057222     -0.822973    -0.8394017    -0.8517746     -0.854177    -0.8482857    -0.8384861    -0.8232042    -0.7976341    -0.7506823    -0.6862643    -0.6168661    -0.5455645    -0.4754223    -0.4059877    -0.3372307    -0.2690143
    -0.2010777    -0.1327452 -6.167112E-02  1.069657E-02  8.460913E-02     0.1600963      0.237578     0.3181567     0.4025669     0.4912145     0.5723432     0.6435722     0.7153137     0.7736304     0.8180482     0.8586668      0.893508     0.9206992     0.9385594     0.9463089
      0.944419     0.9242288     0.8863338     0.8446769     0.8042563     0.7668691      0.733409     0.6743857     0.5861219     0.5111904             0
             0    -0.7602454    -0.8070965    -0.8427009    -0.8693117    -0.8988166    -0.9285505    -0.9482071    -0.9518615    -0.9452161    -0.9263664    -0.8907127    -0.8256571    -0.7427104    -0.6590452    -0.5769978    -0.4990269    -0.4236375    -0.3501755    -0.2780831
    -0.2068026    -0.1354191 -6.132301E-02  1.418611E-02  9.154876E-02     0.1710231     0.2533589     0.3401759     0.4329543      0.533228     0.6288754     0.7165564     0.8099563     0.8914733     0.9570485      1.020573      1.077917      1.123277      1.148912      1.148199
      1.122439      1.062189     0.9859895     0.9167187     0.8574407     0.8070676     0.7646844      0.693419      0.594355     0.5144429             0
             0    -0.7699724    -0.8227952    -0.8653971    -0.8991844     -0.940241    -0.9889535     -1.035065     -1.061424     -1.067547     -1.035693     -0.977025    -0.8850082    -0.7823815    -0.6864933    -0.5964524    -0.5131761    -0.4339983    -0.3576694    -0.2832845
    -0.2100662    -0.1369368 -6.112175E-02  1.617659E-02  9.551933E-02     0.1773148     0.2625376     0.3531773     0.4512988     0.5594327     0.6657267     0.7666004     0.8795456     0.9856293      1.077126      1.174248      1.273113      1.363998      1.422232      1.388639
      1.304573      1.179809      1.059949     0.9653507     0.8911703     0.8315176     0.7831995     0.7042584     0.5988954     0.5162067             0
             0    -0.7749875    -0.8311341    -0.8779598    -0.9165258    -0.9665301     -1.034167     -1.121071     -1.215478     -1.329239     -1.189622     -1.062739     -0.929649    -0.8077107     -0.702535    -0.6072766    -0.5208327    -0.4395129    -0.3616171    -0.2860067
     -0.211767    -0.1377256 -6.101612E-02  1.721395E-02  9.759305E-02     0.1806149      0.267386     0.3601198     0.4612591     0.5740395     0.6870833     0.7970656     0.9252363      1.054137      1.174469      1.318824      1.498418      1.733699      2.061609      1.761213
      1.501965      1.274377      1.109503     0.9946605     0.9103064     0.8448983     0.7931191     0.7099078     0.6012128     0.5170975             0
