 51            10 
             0 -3.070243E-03 -9.947529E-04  5.921348E-04  1.831693E-03  3.250537E-03  4.845157E-03  6.390304E-03  7.572042E-03  8.558124E-03  9.584094E-03  1.091535E-02  1.287865E-02  1.526735E-02  1.779261E-02  2.044543E-02  2.321626E-02  2.609501E-02  2.907112E-02  3.213363E-02
  3.527118E-02  3.847202E-02  4.172406E-02  4.501477E-02  4.833141E-02  5.166128E-02  5.499176E-02     0.0583105  6.160552E-02  6.486526E-02  6.767701E-02  7.005589E-02  7.239939E-02  7.431947E-02  7.583665E-02  7.733387E-02     0.0788101  8.026436E-02  8.169575E-02  8.310337E-02
  8.483217E-02  8.718539E-02  8.976759E-02  9.223773E-02  9.459168E-02  9.682601E-02  9.893798E-02      0.102913     0.1101352      0.116846             0
             0 -3.427478E-03 -1.341342E-03  2.554674E-04   1.50332E-03  2.932217E-03  4.538708E-03  6.095866E-03  7.287062E-03  8.281178E-03  9.315649E-03  1.065812E-02     0.0126383  1.504807E-02  1.759609E-02  2.027325E-02  2.306986E-02  2.597567E-02  2.897996E-02  3.207155E-02
  3.523887E-02  3.846996E-02  4.175247E-02  4.507362E-02  4.842043E-02  5.177991E-02  5.513918E-02  5.848563E-02  6.180703E-02  6.509157E-02  6.792346E-02  7.031848E-02  7.267694E-02  7.460847E-02  7.613423E-02  7.763945E-02  7.912308E-02  8.058416E-02  8.202175E-02  8.343498E-02
  8.517002E-02  8.753042E-02  9.011849E-02  9.259227E-02  9.494775E-02  9.718169E-02  9.929153E-02     0.1032592     0.1104498     0.1170959             0
             0 -8.991861E-03 -6.749641E-03 -5.003654E-03 -3.629995E-03 -2.047512E-03 -2.585537E-04  1.484195E-03  2.821998E-03  3.940899E-03  5.107637E-03  6.624728E-03  8.868664E-03  1.160843E-02  1.451364E-02  1.757342E-02  2.077593E-02  2.410844E-02  2.755743E-02  3.110868E-02
     0.0347473  3.845779E-02  4.222401E-02  4.602909E-02     0.0498558  5.368678E-02  5.750476E-02  6.129278E-02  6.503435E-02  6.871362E-02  7.186535E-02  7.451647E-02     0.0771117  7.922354E-02  8.088417E-02  8.251465E-02  8.411379E-02  8.568049E-02  8.721375E-02  8.871266E-02
  9.054239E-02  9.300947E-02     0.0956811  9.820193E-02     0.1005704     0.1027863     0.1048503     0.1086778     0.1153241     0.1209183             0
             0 -1.344329E-02 -1.114299E-02 -9.315987E-03 -7.866683E-03 -6.184326E-03 -4.269016E-03 -2.390969E-03  -9.42766E-04  2.719113E-04  1.541933E-03  3.197527E-03  5.654994E-03  8.668039E-03  1.187441E-02  1.526138E-02  1.881485E-02  2.251957E-02  2.635934E-02     0.0303171
  3.437504E-02  3.851459E-02  4.271632E-02     0.0469598  5.122389E-02  5.548714E-02  5.972787E-02  6.392449E-02  6.805563E-02  7.210046E-02  7.554669E-02  7.843158E-02  8.124005E-02  8.351111E-02  8.528873E-02  8.702549E-02  8.871992E-02  9.037072E-02     0.0919768  9.353722E-02
  9.542977E-02  9.795582E-02     0.1006526     0.1031596     0.1054797     0.1076171     0.1095777     0.1131582     0.1191056     0.1236676             0
             0 -1.644162E-02 -1.415823E-02    -0.0123099 -1.083154E-02 -9.102101E-03 -7.118738E-03 -5.160627E-03 -3.643517E-03  -2.36729E-03 -1.029216E-03  7.196004E-04  3.324574E-03  6.531246E-03  9.954604E-03  1.357976E-02  1.739024E-02  2.136843E-02  2.549585E-02  2.975338E-02
  3.412128E-02  3.857918E-02  4.310584E-02  4.767877E-02     0.0522746  5.686924E-02      0.061438  6.595568E-02  7.039666E-02  7.473519E-02  7.841944E-02  8.149325E-02  8.447304E-02     0.0868702  8.873904E-02  9.055681E-02  9.232158E-02  9.403175E-02  9.568603E-02  9.728343E-02
  9.920833E-02     0.1017513     0.1044273     0.1068787     0.1091142     0.1111443     0.1129807       0.11629      0.121596     0.1253758             0
             0 -1.840047E-02 -1.616725E-02 -1.433002E-02    -0.0128497 -1.110559E-02 -9.091463E-03 -7.089688E-03 -5.531491E-03 -4.216899E-03 -2.834875E-03 -1.024139E-03  1.681916E-03  5.024701E-03   8.60245E-03  1.239766E-02  1.639133E-02  2.056365E-02  2.489436E-02  2.936297E-02
  3.394879E-02  3.863073E-02  4.338695E-02  4.819433E-02     0.0530287  5.786495E-02  6.267694E-02  6.743739E-02  7.211774E-02  7.668818E-02  8.056419E-02  8.379195E-02  8.691218E-02  8.941241E-02  9.135509E-02  9.323721E-02  9.505612E-02  9.680963E-02  9.849609E-02     0.1001145
     0.1020517     0.1045843     0.1072113      0.109584     0.1117193     0.1136351     0.1153492     0.1184071     0.1231966     0.1264289             0
             0 -1.941573E-02 -1.722809E-02 -1.541081E-02 -1.393976E-02 -1.219838E-02 -1.017757E-02 -8.159069E-03 -6.582089E-03 -5.248589E-03 -3.843688E-03 -1.999435E-03  7.634463E-04  4.184487E-03  7.851264E-03  1.174385E-02  1.584129E-02     0.0201223  2.456566E-02  2.915035E-02
  3.385545E-02  3.865986E-02  4.354189E-02  4.847853E-02  5.344577E-02  5.841856E-02  6.337065E-02  6.827428E-02  7.309989E-02  7.781577E-02  8.181641E-02  8.514691E-02  8.836312E-02  9.093495E-02  9.292907E-02  9.485564E-02  9.671099E-02  9.849206E-02     0.1001966     0.1018234
     0.1037595     0.1062678     0.1088398     0.1111395     0.1131917     0.1150203     0.1166472     0.1195358     0.1240165     0.1269533             0
             0 -1.985714E-02 -1.769371E-02 -1.588869E-02    -0.0144245 -1.268745E-02 -1.066684E-02 -8.643241E-03 -7.059016E-03 -5.717605E-03 -4.302613E-03  -2.44307E-03  3.464071E-04  3.804295E-03   7.51267E-03  1.145025E-02  1.559508E-02  1.992526E-02  2.441922E-02  2.905577E-02
  3.381399E-02     0.0386729  4.361094E-02     0.0486053  5.363217E-02  5.866669E-02  6.368276E-02  6.865267E-02  7.354671E-02  7.833263E-02  8.239503E-02  8.577774E-02  8.904413E-02  9.165451E-02  9.367676E-02  9.562794E-02  9.750342E-02  9.929926E-02     0.1010126     0.1026419
     0.1045736     0.1070624     0.1095984      0.111855     0.1138613     0.1156442     0.1172271     0.1200329     0.1243712     0.1271773             0
             0    -0.0200973 -1.794827E-02 -1.615102E-02 -1.469148E-02 -1.295787E-02 -1.093857E-02 -8.913118E-03 -7.325376E-03 -5.979796E-03 -4.559222E-03 -2.690989E-03  1.138191E-04  3.592871E-03  7.324906E-03  1.128782E-02  1.545914E-02  1.981664E-02  2.433859E-02  2.900374E-02
     0.0337912  3.868008E-02  4.364894E-02  4.867511E-02  5.373492E-02  5.880367E-02  6.385541E-02  6.886254E-02  7.379536E-02  7.862153E-02  8.272004E-02  8.613385E-02  8.943079E-02  9.206531E-02  9.410556E-02  9.607281E-02  9.796164E-02  9.976726E-02      0.101486     0.1031159
      0.105043     0.1075165     0.1100276     0.1122563     0.1142343     0.1159898      0.117547     0.1203051     0.1245636     0.1272983             0
             0 -2.021885E-02 -1.807751E-02 -1.628457E-02 -1.482772E-02    -0.0130963 -1.107818E-02 -9.052291E-03 -7.463017E-03  -6.11541E-03 -4.691941E-03 -2.819078E-03 -6.045943E-06  3.484227E-03  7.228653E-03  1.120472E-02  1.538969E-02  1.976121E-02  2.429747E-02  2.897722E-02
  3.377959E-02  3.868374E-02  4.366831E-02     0.0487107  5.378734E-02  5.887362E-02  6.394369E-02  6.897005E-02  7.392304E-02  7.877034E-02  8.288808E-02  8.631869E-02  8.963253E-02  9.228083E-02  9.433165E-02  9.630866E-02  9.820594E-02      0.100018     0.1017401     0.1033696
     0.1052924     0.1077553     0.1102511     0.1124637     0.1144261     0.1161668     0.1177103     0.1204435     0.1246609     0.1273591             0
