 51            10 
             0    -0.1549001    -0.1599399    -0.1569696     -0.153692     -0.149348    -0.1440902    -0.1387809    -0.1346393    -0.1311494    -0.1274895    -0.1227101    -0.1156087    -0.1069064 -9.766072E-02 -8.791412E-02    -0.0777079 -6.708094E-02 -5.606766E-02 -4.469392E-02
 -3.296941E-02 -2.087656E-02  -8.37165E-03  4.369065E-03  1.721448E-02  3.006293E-02  4.283227E-02  5.545354E-02  6.786714E-02  8.002047E-02  9.038593E-02  9.907733E-02     0.1075594     0.1144412     0.1198424     0.1251357      0.130318     0.1353863      0.140338     0.1451709
     0.1510607     0.1589833     0.1675359     0.1755797     0.1831113       0.19013     0.1966373     0.2086344      0.228816     0.2377889             0
             0    -0.1580209    -0.1632553    -0.1602836    -0.1569809    -0.1525901    -0.1472641    -0.1418756    -0.1376666    -0.1341168     -0.130391    -0.1255215    -0.1182781      -0.10939 -9.993694E-02 -8.996376E-02 -7.951362E-02 -6.862647E-02 -5.733808E-02 -4.567675E-02
 -3.365593E-02 -2.126249E-02 -8.455484E-03  4.588784E-03  1.773602E-02  3.088148E-02  4.394006E-02     0.0568399  6.951848E-02  8.192032E-02  9.248623E-02     0.1013372     0.1099654     0.1169572     0.1224397     0.1278075     0.1330574     0.1381864     0.1431917     0.1480711
     0.1540107     0.1619852     0.1705716     0.1786252     0.1861445      0.193131     0.1995885     0.2114563     0.2312205     0.2394731             0
             0    -0.2068822    -0.2154386    -0.2125554    -0.2088963    -0.2037664    -0.1973284    -0.1906395    -0.1853246    -0.1807952     -0.175995    -0.1696646    -0.1601309    -0.1482634    -0.1354896    -0.1218816    -0.1075132 -9.245604E-02 -7.677647E-02 -6.053014E-02
 -4.375058E-02 -2.643275E-02 -8.532266E-03   9.67986E-03  2.799166E-02  4.623163E-02  6.425367E-02  8.192758E-02  9.913334E-02     0.1157584     0.1297047     0.1412249     0.1522735     0.1610598     0.1678538     0.1744053     0.1807083     0.1867579     0.1925504     0.1980837
     0.2046753     0.2132222     0.2219678     0.2297267     0.2365473     0.2424875     0.2476101     0.2563477     0.2674712     0.2627345             0
             0    -0.2544411    -0.2686119    -0.2672527    -0.2641975    -0.2592274    -0.2524518    -0.2449829    -0.2388331    -0.2334834    -0.2277085    -0.2199667     -0.208057    -0.1928943    -0.1763018    -0.1584205    -0.1393962    -0.1193659 -9.844946E-02 -7.673936E-02
    -0.0542856 -3.107504E-02 -7.035614E-03  1.746448E-02     0.0421412     0.0667621  9.111947E-02     0.1150117     0.1382313      0.160559     0.1791128     0.1942678     0.2085766     0.2197189      0.228186     0.2361856     0.2437005      0.250718       0.25723     0.2632336
     0.2701053       0.27842     0.2860308     0.2919185     0.2962857      0.299347     0.3013112     0.3034265     0.3003962     0.2806893             0
             0    -0.2923688    -0.3139275    -0.3156944    -0.3144255    -0.3108153    -0.3048142    -0.2973722    -0.2908432    -0.2849663    -0.2784364    -0.2694674     -0.255265    -0.2366962    -0.2160603    -0.1936586    -0.1697823     -0.144681    -0.1185473 -9.150547E-02
 -6.359662E-02    -0.0347589 -4.840985E-03  2.575075E-02     0.0567264  8.785906E-02     0.1189386      0.149735     0.1799685     0.2092858     0.2337519     0.2537019     0.2723906     0.2867072     0.2974025     0.3072762     0.3162742     0.3243553     0.3314939     0.3376823
      0.344243     0.3510522     0.3555653     0.3573584     0.3570214     0.3551064     0.3520835     0.3445659     0.3251396     0.2924499             0
             0     -0.320703    -0.3505632    -0.3568191    -0.3584722     -0.357489    -0.3535072    -0.3469898    -0.3405459    -0.3344018    -0.3272607    -0.3171051    -0.3004192    -0.2780084    -0.2528703    -0.2256166    -0.1967699    -0.1667219    -0.1357272    -0.1039076
 -7.124921E-02    -0.0375904 -2.645287E-03  3.321982E-02  6.979503E-02     0.1069544     0.1445915     0.1825613     0.2206193     0.2583555     0.2905266     0.3170901     0.3421405     0.3612628     0.3753885     0.3881551      0.399392     0.4089609     0.4167719     0.4227962
     0.4281401     0.4313512     0.4296643      0.424171     0.4162859     0.4071233     0.3974725     0.3782057     0.3427396     0.2999715             0
             0    -0.3369605     -0.373432    -0.3840843    -0.3889423    -0.3912364     -0.390209    -0.3854686    -0.3795852    -0.3734393    -0.3658239      -0.35451    -0.3351986    -0.3088346    -0.2793842    -0.2478516    -0.2149636    -0.1811815    -0.1467458    -0.1117156
 -7.598479E-02 -3.927571E-02 -1.166811E-03  3.805463E-02  7.829409E-02      0.119573     0.1619621     0.2055191     0.2502136     0.2958215     0.3360266     0.3701161     0.4030921     0.4287619     0.4478169     0.4649303     0.4796249     0.4914626     0.5001236     0.5054911
     0.5082527     0.5049402     0.4935943     0.4782149     0.4613198     0.4444657     0.4285007     0.3991099     0.3524463     0.3038099             0
             0    -0.3443573    -0.3843235    -0.3975962    -0.4045331    -0.4091889    -0.4105952    -0.4076045    -0.4024122    -0.3963947    -0.3884387    -0.3761671     -0.354727    -0.3254812    -0.2932018    -0.2591011    -0.2239547    -0.1881987    -0.1520203    -0.1154152
 -7.821028E-02 -4.005643E-02 -4.543432E-04  4.035941E-02     0.0823615     0.1256668     0.1704675      0.216978     0.2653688      0.315665     0.3610841     0.4004708     0.4395885     0.4709342      0.494622     0.5161799     0.5347127     0.5492445     0.5589085     0.5632929
     0.5627117      0.552114     0.5318301     0.5086037     0.4853829     0.4636293     0.4439455     0.4089827     0.3567826     0.3054673             0
             0    -0.3484714    -0.3905306    -0.4054805    -0.4138235    -0.4202006    -0.4235806     -0.422252    -0.4178381    -0.4120216    -0.4037476    -0.3905507    -0.3672391    -0.3357715    -0.3015111    -0.2657305    -0.2291759    -0.1922307    -0.1550279    -0.1175132
 -7.946718E-02 -4.049454E-02 -4.795635E-05  4.166867E-02  8.467722E-02      0.129153     0.1753691     0.2236509     0.2743233     0.3276275     0.3765758     0.4197564     0.4636106     0.4997869     0.5277631     0.5538717     0.5768328     0.5949355     0.6061668     0.6089701
     0.6038693     0.5853231     0.5570701     0.5277278     0.5000104     0.4749918     0.4529446     0.4145763     0.3591726     0.3063661             0
             0    -0.3505825    -0.3937688    -0.4096677    -0.4188451    -0.4263185     -0.431107    -0.4312105    -0.4276397    -0.4221081    -0.4134895    -0.3993744    -0.3745236    -0.3415204    -0.3060302    -0.2692736    -0.2319343    -0.1943442     -0.156596    -0.1186031
 -8.011831E-02 -4.072065E-02  1.637112E-04  4.234912E-02  8.588264E-02     0.1309735     0.1779416     0.2271786      0.279107     0.3341166     0.3851562     0.4307034     0.4777372     0.5175254     0.5490645     0.5795134     0.6075571     0.6309757     0.6458721     0.6450503
      0.633267      0.606553     0.5720034     0.5385111     0.5080107     0.4810844     0.4577082     0.4174808     0.3603921       0.30682             0
