 51            10 
             0    -0.3432367    -0.3302778     -0.319256    -0.3116944    -0.3039353    -0.2945763    -0.2850502    -0.2775333    -0.2711329    -0.2643352    -0.2553219    -0.2415516      -0.22513    -0.2078569    -0.1913164    -0.1757089    -0.1584262    -0.1397148    -0.1197317
    -0.0985477 -7.614158E-02 -5.442718E-02 -3.349223E-02 -1.153002E-02  9.667583E-03  2.987195E-02  5.045415E-02  7.119024E-02     0.0918932     0.1098471      0.125087     0.1401574     0.1525712     0.1624263     0.1715934     0.1800662     0.1884452     0.1967184     0.2048742
     0.2149077     0.2285796     0.2435852     0.2579539     0.2716983     0.2841246     0.2952085     0.3160136     0.3521635     0.3827428             0
             0    -0.3506602    -0.3385743    -0.3286954    -0.3210726    -0.3127151    -0.3029622    -0.2933917    -0.2860252    -0.2798507     -0.273391    -0.2649424    -0.2522166    -0.2367202    -0.2198326    -0.2022162    -0.1849068      -0.16627    -0.1466964    -0.1263236
     -0.105254 -8.317433E-02 -6.098316E-02 -3.912936E-02 -1.627978E-02  6.170968E-03  2.780052E-02  4.961331E-02  7.137705E-02  9.291035E-02     0.1113092     0.1267477     0.1418622     0.1542495     0.1641199     0.1734299     0.1821348     0.1907747     0.1993061     0.2077156
     0.2180527     0.2319892     0.2470904     0.2613909      0.274931     0.2874906     0.2989581      0.320358     0.3560241     0.3855084             0
             0    -0.4548285    -0.4422254    -0.4311849    -0.4224177    -0.4124757    -0.4005391    -0.3885051    -0.3790645    -0.3710562    -0.3625818    -0.3513783    -0.3342499    -0.3130409    -0.2895772    -0.2648537    -0.2403249     -0.213786    -0.1858242    -0.1566671
    -0.1264892 -9.487106E-02 -6.312747E-02    -0.0319069  6.500683E-04  3.251505E-02     0.0630547  9.363309E-02     0.1238562      0.153401     0.1782612     0.1988308     0.2186403     0.2345705     0.2470883     0.2587233     0.2694184     0.2798447     0.2899451     0.2997007
     0.3114378     0.3267179     0.3424327     0.3564803     0.3689554     0.3797724     0.3889546     0.4048294     0.4249553     0.4307689             0
             0     -0.558237    -0.5508406    -0.5422514    -0.5347702     -0.525355    -0.5131021    -0.4998401    -0.4889406    -0.4794355    -0.4691225      -0.45518    -0.4332458    -0.4053106    -0.3737454    -0.3400898    -0.3064297    -0.2699527    -0.2315394    -0.1915313
    -0.1501911     -0.106948 -6.358457E-02 -2.093098E-02  2.357718E-02  6.717721E-02     0.1090038     0.1508901     0.1922286     0.2324743     0.2660569     0.2935603     0.3196622     0.3402382     0.3561414     0.3706448     0.3836626     0.3960162     0.4076239     0.4184565
     0.4310033     0.4462934     0.4604032     0.4714422     0.4797097     0.4854875     0.4891293     0.4931321     0.4876941      0.465955             0
             0    -0.6428041    -0.6477211    -0.6469175    -0.6446208    -0.6393731    -0.6302255    -0.6181026    -0.6069486    -0.5966171    -0.5848318     -0.568235    -0.5408946    -0.5047972    -0.4632117    -0.4186631    -0.3741955    -0.3264486    -0.2766981    -0.2253693
    -0.1727553     -0.118038 -6.333104E-02 -9.479079E-03  4.691518E-02     0.1024881     0.1562767     0.2106984     0.2649938     0.3183848     0.3632374     0.3999925     0.4346862     0.4616499     0.4821621     0.5004658     0.5163896     0.5309103     0.5438834     0.5552533
     0.5674579     0.5802482     0.5888724     0.5925326     0.5921705     0.5888485     0.5835093     0.5699382     0.5347502     0.4890572             0
             0    -0.7078609    -0.7313415    -0.7448207    -0.7531987     -0.757991    -0.7580371    -0.7513909    -0.7419558    -0.7316212    -0.7183825    -0.6982003    -0.6625152    -0.6138115    -0.5576556    -0.4983864    -0.4405092    -0.3799089     -0.318216    -0.2557421
     -0.192622    -0.1276181 -6.293634E-02  7.776967E-04  6.785514E-02     0.1345924     0.2001822     0.2678528     0.3369913     0.4068532     0.4672576     0.5177444     0.5661101     0.6038573     0.6323538     0.6572906     0.6781732     0.6960732     0.7106007     0.7215993
     0.7310489     0.7358516     0.7311429     0.7196603     0.7039572     0.6863623     0.6684808     0.6327473     0.5681565     0.5038471             0
             0    -0.7463769     -0.788143    -0.8194095    -0.8431649    -0.8652937    -0.8845969    -0.8924997     -0.889183    -0.8803812    -0.8649185    -0.8376989    -0.7858536    -0.7161096    -0.6396048    -0.5626354    -0.4908554    -0.4184836    -0.3469824    -0.2761416
    -0.2056746    -0.1338257 -6.267085E-02  7.442147E-03  8.161365E-02     0.1560953     0.2304505     0.3088447     0.3913243     0.4779361     0.5566002     0.6252757     0.6942427     0.7505416     0.7939547     0.8322058     0.8636566     0.8888237       0.90601     0.9144114
     0.9148154     0.8989292     0.8669825     0.8302212     0.7931608     0.7586037     0.7278176     0.6720128     0.5865651     0.5113984             0
             0    -0.7642019     -0.816714    -0.8604699     -0.896648    -0.9356933    -0.9784499     -1.009847     -1.019129     -1.014311    -0.9945778    -0.9543523    -0.8781352    -0.7841539    -0.6891987    -0.5986934    -0.5176993    -0.4382766    -0.3613406    -0.2861273
    -0.2119827     -0.136805 -6.254721E-02  1.063123E-02  8.824337E-02      0.166573     0.2454577     0.3296931     0.4199699     0.5173262     0.6092492     0.6928434     0.7813704     0.8586315      0.921258     0.9792374      1.029164      1.069332      1.092907       1.09434
      1.074939      1.024478      0.958975     0.8975909     0.8432452     0.7967768     0.7579044     0.6906558     0.5947881     0.5146596             0
             0    -0.7742068    -0.8335206    -0.8860883    -0.9319572    -0.9862896     -1.054857     -1.120811     -1.155766     -1.161959     -1.131058     -1.064919    -0.9535101    -0.8332722    -0.7221768    -0.6213368    -0.5339849    -0.4500026    -0.3697106    -0.2918853
     -0.215595    -0.1385049 -6.247827E-02  1.244692E-02  9.203222E-02     0.1725967     0.2541679     0.3419689     0.4371993     0.5417756     0.6433558     0.7388266     0.8448622     0.9440863      1.029906      1.116154      1.199512      1.276253      1.325502      1.301075
      1.234649      1.129788      1.026434     0.9426783     0.8747751     0.8198518     0.7756397     0.7012527     0.5993207     0.5164282             0
             0    -0.7793726    -0.8424963    -0.9004592    -0.9528546     -1.019143     -1.112824     -1.226254     -1.317596     -1.369857     -1.292804     -1.170137       -1.0108    -0.8651968    -0.7417711    -0.6340673    -0.5428736    -0.4562839    -0.3741408    -0.2949095
    -0.2174831    -0.1393912 -6.244297E-02     0.0133921  9.400959E-02     0.1757533     0.2587626     0.3485116     0.4465304     0.5553566     0.6630303     0.7666565     0.8862397      1.005662        1.1169      1.241966      1.389106      1.578553       1.83246      1.605912
      1.402349      1.213058      1.071144     0.9696661     0.8925635     0.8324224     0.7851127     0.7067687     0.6016333     0.5173215             0
