 51            10 
             0    -0.3431873    -0.3310976    -0.3215319    -0.3139998    -0.3053239    -0.2955117     -0.285943      -0.27859    -0.2724355    -0.2660129    -0.2576554    -0.2452817    -0.2301631    -0.2141359    -0.1972804    -0.1796794    -0.1614087    -0.1425551    -0.1232271
    -0.1036015 -8.426023E-02 -6.484047E-02    -0.0412571 -1.805701E-02  4.760374E-03  2.718689E-02  4.919656E-02  7.074206E-02  9.175546E-02     0.1096009     0.1244977      0.138945     0.1505617     0.1596045     0.1683743     0.1768457     0.1849901     0.1927744     0.2001609
     0.2088441     0.2217734     0.2361065     0.2511164     0.2668737     0.2808166     0.2932641     0.3155952     0.3523163     0.3826693             0
             0    -0.3500767    -0.3379252    -0.3282481    -0.3206457    -0.3119146    -0.3020189    -0.2923409    -0.2848869    -0.2786374    -0.2721037    -0.2635849    -0.2509334    -0.2354261    -0.2189473    -0.2016243    -0.1835795    -0.1648167    -0.1454018     -0.125447
    -0.1051358 -8.496322E-02 -6.314359E-02 -3.918323E-02 -1.597482E-02  6.895014E-03  2.946912E-02     0.0517416     0.0736616  9.515023E-02     0.1134945     0.1288791     0.1438881      0.156051     0.1655822     0.1749012     0.1839966     0.1928569     0.2014592      0.209753
     0.2195963     0.2337456     0.2486631     0.2630571     0.2765545     0.2888457     0.3001844     0.3210539     0.3563105     0.3854066             0
             0    -0.4540017      -0.44125    -0.4303808    -0.4215733    -0.4111546    -0.3990071    -0.3868067     -0.377234    -0.3691144    -0.3605318    -0.3492255    -0.3321938    -0.3109711    -0.2881125    -0.2638246    -0.2383185    -0.2116389     -0.183918    -0.1553518
     -0.126237 -9.731579E-02 -6.605969E-02 -3.180697E-02  1.271837E-03  3.373526E-02  6.560204E-02  9.681346E-02     0.1272393     0.1567034     0.1814694      0.201949     0.2216021      0.237228     0.2492998     0.2609209     0.2720735     0.2827416      0.292899     0.3024907
     0.3136238     0.3290164     0.3444425      0.358426     0.3707495     0.3812152     0.3901768     0.4054022     0.4248112       0.43052             0
             0     -0.556755    -0.5488274    -0.5400657     -0.532227    -0.5221348    -0.5094535    -0.4958574    -0.4847273    -0.4750465    -0.4645789    -0.4505073    -0.4287508     -0.400897    -0.3703275    -0.3374432    -0.3026758    -0.2661894    -0.2282375    -0.1891322
    -0.1492985    -0.1097563 -6.706562E-02 -2.025014E-02  2.501914E-02  6.951841E-02     0.1132648     0.1561425     0.1979008      0.238183     0.2717601     0.2992381     0.3252157       0.34545     0.3608138      0.375302     0.3888718     0.4014908     0.4131238     0.4237149
      0.435512     0.4506182     0.4641581     0.4746986      0.482476     0.4876729     0.4908485     0.4939148     0.4872328      0.465586             0
             0     -0.640212    -0.6435075     -0.641414     -0.637772    -0.6312197    -0.6209278    -0.6079631    -0.5963311    -0.5856997    -0.5737163    -0.5570443    -0.5302251    -0.4946998    -0.4550498    -0.4121501    -0.3669087    -0.3197201    -0.2709971    -0.2211453
    -0.1706533    -0.1207203 -6.691957E-02 -7.811749E-03  4.962353E-02     0.1065191     0.1630248     0.2190802      0.274379     0.3283671     0.3737562     0.4109631     0.4459723     0.4728583     0.4929367     0.5114232      0.528177     0.5430913     0.5560883     0.5671089
     0.5783322     0.5901231     0.5973427     0.5993304     0.5975301     0.5929895     0.5865815     0.5713597     0.5341389      0.488605             0
             0    -0.7038289    -0.7235198    -0.7331039    -0.7377045    -0.7392402     -0.735868     -0.726738    -0.7160944    -0.7051772    -0.6917836    -0.6719813    -0.6382282     -0.591999    -0.5402327    -0.4848168    -0.4274438    -0.3687444    -0.3091883    -0.2491248
    -0.1889389    -0.1298213    -0.0663194  3.599428E-03  7.202343E-02     0.1406306     0.2099578     0.2803065     0.3516556     0.4235767     0.4861443     0.5386778     0.5890601     0.6280696     0.6570352     0.6831937      0.705986     0.7249345     0.7397063      0.750181
     0.7580573     0.7593531     0.7505408     0.7342284     0.7146321      0.694253     0.6740284     0.6351992     0.5675194     0.5033406             0
             0    -0.7411003    -0.7763504    -0.7996082    -0.8152828    -0.8296123    -0.8395547    -0.8400558    -0.8333037    -0.8232032    -0.8080567    -0.7831724    -0.7380298    -0.6762696    -0.6093347     -0.540301    -0.4713292    -0.4027997    -0.3348314    -0.2674231
    -0.2006539    -0.1355265 -6.577978E-02  1.114561E-02  8.691023E-02     0.1637646     0.2428147     0.3250735     0.4114091     0.5024666     0.5864087     0.6606255     0.7359648      0.797695     0.8449338     0.8883072     0.9256703      0.954684     0.9732997     0.9806371
     0.9772104     0.9498844      0.905895     0.8572249     0.8113948     0.7713112     0.7362988     0.6754867     0.5859608     0.5108643             0
             0    -0.7582485    -0.8024319    -0.8348668    -0.8590367    -0.8850272    -0.9102249    -0.9258549      -0.92756    -0.9202353    -0.9018838    -0.8679929    -0.8068954    -0.7288207    -0.6491025    -0.5703483    -0.4940667    -0.4198925    -0.3474143    -0.2762601
    -0.2062487    -0.1382251 -6.549764E-02     0.0147827  9.411922E-02     0.1751046     0.2592362     0.3480895     0.4433824     0.5470883     0.6471499     0.7399661     0.8402701     0.9292836      1.001733      1.072748      1.137633      1.189109      1.217693      1.215761
       1.18556      1.107719      1.017182     0.9353442      0.867236     0.8128242     0.7682853     0.6947188     0.5942095     0.5141137             0
             0    -0.7678431    -0.8176078    -0.8563505    -0.8869675    -0.9231611     -0.965008     -1.004221      -1.02647     -1.029742     -1.000551    -0.9458046    -0.8606483    -0.7653109    -0.6747515    -0.5888385     -0.507643    -0.4298989    -0.3546841    -0.2813208
    -0.2094337    -0.1397542 -6.533124E-02  1.686041E-02  9.824888E-02     0.1816437     0.2688067     0.3617198     0.4627715     0.5751147     0.6871638     0.7951658     0.9184915      1.037092      1.141158      1.253509      1.369594       1.47661      1.543927      1.504995
      1.407631      1.247968      1.102205     0.9891672     0.9030175     0.8382144     0.7872822     0.7056826     0.5987594     0.5158759             0
             0    -0.7727863    -0.8256474    -0.8681738    -0.9030538    -0.9471263     -1.005749        -1.082     -1.162128     -1.224012     -1.136083     -1.023292    -0.9008448    -0.7884052    -0.6896357    -0.5990803    -0.5149685    -0.4352145    -0.3585086    -0.2839667
    -0.2110921     -0.140548 -6.524289E-02  1.794423E-02     0.1004074      0.185077     0.2738692     0.3690135     0.4733344     0.5908232     0.7105581     0.8291972     0.9707548      1.117259      1.256863      1.427325      1.641105      1.916214      2.276799      1.950216
      1.653341      1.365309      1.160806      1.022264     0.9235084     0.8521742     0.7974854     0.7114012      0.601082     0.5167659             0
