 51            10 
             0    -0.3455231    -0.3337554    -0.3246677    -0.3173356    -0.3087541    -0.2991861    -0.2899815    -0.2829798    -0.2771592    -0.2711273    -0.2633339    -0.2519212     -0.237949    -0.2225887    -0.2051389    -0.1862265    -0.1674903    -0.1479812    -0.1276945
    -0.1074257 -8.723004E-02 -6.623687E-02 -4.457631E-02     -0.023341 -1.537321E-03  2.069023E-02  4.209032E-02  6.370663E-02  8.542745E-02     0.1034864     0.1183473     0.1325589     0.1438179     0.1524865      0.161382     0.1704751     0.1791636     0.1874269     0.1958814
     0.2066663     0.2204558     0.2355552     0.2498947      0.262221     0.2755163     0.2893333     0.3131827     0.3503172     0.3818912             0
             0    -0.3516488    -0.3397234     -0.330463    -0.3229991    -0.3142692    -0.3045048    -0.2950743    -0.2878794    -0.2818869    -0.2756655     -0.267614    -0.2558006    -0.2413346    -0.2254678    -0.2075764    -0.1883072    -0.1691779    -0.1492058    -0.1283966
    -0.1075301 -8.667013E-02 -6.500149E-02 -4.269426E-02 -2.081744E-02  1.574081E-03  2.430896E-02  4.619849E-02  6.830662E-02  9.049585E-02      0.108981      0.124227     0.1388398      0.150432       0.15935     0.1684704     0.1777521     0.1866001     0.1950027     0.2035835
     0.2144839     0.2284153     0.2436669     0.2580959     0.2704973     0.2836459     0.2968875      0.319586     0.3553945     0.3853327             0
             0    -0.4562054    -0.4438849    -0.4336335    -0.4250959    -0.4147994    -0.4029285    -0.3911258    -0.3819351    -0.3741811    -0.3660322     -0.355364    -0.3394599    -0.3196171    -0.2975179    -0.2723042    -0.2449163    -0.2176913    -0.1891874     -0.159421
    -0.1295321 -9.964275E-02 -6.861752E-02 -3.673068E-02 -5.546029E-03  2.624087E-02     0.0583477  8.904359E-02      0.119756     0.1502402     0.1752734     0.1956503     0.2148814     0.2298637     0.2412326     0.2526819     0.2641595     0.2749191     0.2849493     0.2949824
     0.3074788     0.3229269     0.3389764     0.3533753     0.3650089     0.3764231     0.3871872     0.4042501     0.4248364     0.4307001             0
             0    -0.5607385    -0.5542473    -0.5468491     -0.539887    -0.5305753    -0.5187818    -0.5060437    -0.4955755    -0.4864581    -0.4765975    -0.4633547    -0.4429554    -0.4166256      -0.38661    -0.3518806    -0.3138818    -0.2762489    -0.2369343    -0.1959699
     -0.154931    -0.1139752 -7.152722E-02 -2.793332E-02  1.469639E-02  5.816502E-02      0.102087     0.1440724     0.1860165     0.2274834     0.2612675     0.2885073     0.3138717     0.3332719     0.3477655     0.3620885     0.3761624     0.3890459     0.4007249     0.4120281
     0.4256371     0.4414832       0.45634      0.468197     0.4764222     0.4828523     0.4875796     0.4925547     0.4880334     0.4659811             0
             0    -0.6472293    -0.6548596     -0.656459    -0.6556804    -0.6521336    -0.6447615    -0.6340362     -0.623749    -0.6140467    -0.6028519    -0.5870187    -0.5611852    -0.5262542    -0.4855912    -0.4383527    -0.3869164     -0.336864    -0.2853599    -0.2323621
    -0.1798105    -0.1277592 -7.405486E-02    -0.0189663  3.500699E-02  9.031211E-02     0.1465835     0.2008616     0.2556464     0.3102823      0.355069     0.3912072      0.424707     0.4500195     0.4686678      0.486728     0.5040401     0.5193706     0.5326777     0.5448515
     0.5586028     0.5727479     0.5829854     0.5883648     0.5895063     0.5870665     0.5820251     0.5691662     0.5354205     0.4891596             0
             0    -0.7147889    -0.7446106    -0.7635426    -0.7762316    -0.7870983    -0.7929353    -0.7904745    -0.7831706    -0.7739949    -0.7613747    -0.7414309    -0.7057353    -0.6554554    -0.5972735    -0.5313791    -0.4616914    -0.3963894    -0.3313021    -0.2659339
    -0.2023055    -0.1400865 -7.636853E-02    -0.0111357     0.0529718     0.1191948     0.1874024      0.254342     0.3234333     0.3940087     0.4533993     0.5022099     0.5481107     0.5829864     0.6085469      0.632906     0.6556028     0.6747354     0.6900832     0.7024964
     0.7143598      0.722236     0.7210051     0.7129618     0.7014727     0.6853959      0.666793     0.6315903     0.5690339     0.5040057             0
             0    -0.7554705    -0.8081464    -0.8499571    -0.8835252    -0.9209546    -0.9564806    -0.9773688    -0.9804389    -0.9742685    -0.9586043     -0.928256    -0.8692531    -0.7890445    -0.7028813    -0.6121893    -0.5216751    -0.4411952    -0.3642158    -0.2890892
    -0.2174274    -0.1482738 -7.797813E-02 -6.153713E-03  6.463209E-02     0.1383319     0.2152002     0.2921014     0.3736775     0.4598911     0.5357956     0.6007776     0.6647179      0.715559     0.7537362     0.7905973      0.824627     0.8518165     0.8707277     0.8814602
     0.8854324       0.87565      0.850383     0.8195421     0.7902618     0.7582669     0.7257711     0.6704577     0.5875363     0.5115885             0
             0    -0.7744735    -0.8409272    -0.8994137    -0.9508233      -1.01561     -1.090068     -1.152769     -1.180438     -1.182983     -1.158784     -1.104092     -1.003789    -0.8850287    -0.7709249    -0.6599932    -0.5548146    -0.4647655    -0.3809462    -0.3005763
    -0.2248129    -0.1522429 -7.877479E-02 -3.790935E-03  7.022042E-02       0.14761     0.2288989     0.3111468     0.3999112     0.4959781     0.5836798     0.6617589     0.7427265     0.8117136     0.8664495     0.9225753     0.9770101      1.021155      1.048231      1.052357
      1.036077     0.9938584     0.9376884     0.8839622     0.8399565     0.7968436     0.7556323     0.6888736     0.5957963     0.5148638             0
             0    -0.7851924    -0.8604857    -0.9309798    -0.9968115     -1.087308     -1.207562     -1.339582     -1.430039     -1.468664     -1.408568     -1.291353     -1.122278    -0.9581668    -0.8180001    -0.6909912    -0.5753369    -0.4789217    -0.3907936    -0.3072454
    -0.2290642    -0.1545182 -7.923595E-02 -2.451344E-03  7.340581E-02      0.152931     0.2368255     0.3223133     0.4156125      0.518248      0.614496     0.7029908     0.7992958     0.8876435     0.9629998       1.04814      1.140834      1.227774      1.287371      1.262334
      1.192423      1.094753      1.002162     0.9270133     0.8712149     0.8202071     0.7732267     0.6993306      0.600348     0.5166402             0
             0    -0.7907455    -0.8710389    -0.9490032      -1.02487      -1.13635     -1.305092     -1.549791     -1.833606      -2.17044     -1.812269     -1.501895     -1.220586     -1.008343    -0.8469548     -0.708881    -0.5867147    -0.4865797    -0.3960404     -0.310764
    -0.2312937     -0.155708 -7.947857E-02 -1.755833E-03  7.506552E-02      0.155715     0.2409984     0.3282478     0.4240883     0.5305718     0.6322021     0.7278709     0.8361749      0.942742      1.041511      1.168559      1.336569      1.559916      1.879352      1.607122
      1.367959      1.177143      1.045551     0.9528406     0.8888556      0.832961     0.7826236     0.7047701       0.60267     0.5175375             0
