 51            10 
             0    -0.3430973    -0.3310129     -0.321451    -0.3139197    -0.3052425    -0.2954286    -0.2858588    -0.2785053    -0.2723507    -0.2659283    -0.2575717    -0.2452007    -0.2300871    -0.2140663    -0.1972167    -0.1796207    -0.1613596    -0.1425269    -0.1232421
    -0.1036877 -8.413211E-02 -6.164932E-02 -3.905525E-02 -1.647321E-02  5.985693E-03  2.822611E-02  5.016331E-02  7.171773E-02  9.281198E-02     0.1108005     0.1258819     0.1405967     0.1525309     0.1618944     0.1710676     0.1800449      0.188822     0.1973954     0.2057633
     0.2159652     0.2297065     0.2445775     0.2586035     0.2717671     0.2840444     0.2954326     0.3164521     0.3523875     0.3827017             0
             0    -0.3499387    -0.3377875    -0.3281261    -0.3205238    -0.3117733    -0.3018602    -0.2921692    -0.2847067    -0.2784513    -0.2719132    -0.2633918    -0.2507455    -0.2352536    -0.2188018    -0.2014967    -0.1834391    -0.1646769     -0.145288    -0.1253938
    -0.1051918 -8.499908E-02 -6.221119E-02 -3.896701E-02 -1.578723E-02  7.189676E-03  2.989302E-02  5.226637E-02  7.424599E-02  9.575699E-02     0.1140968     0.1294649     0.1444457     0.1565779     0.1660833      0.175379     0.1844564     0.1933082     0.2019287     0.2103163
     0.2205194     0.2343184     0.2492572     0.2633903     0.2766719     0.2889551     0.3002801     0.3210906     0.3562454     0.3852444             0
             0    -0.4538088    -0.4410455    -0.4301861     -0.421374    -0.4109269    -0.3987533    -0.3865327    -0.3769468    -0.3688181    -0.3602287    -0.3489184    -0.3318945    -0.3106963    -0.2878802    -0.2636235    -0.2381045    -0.2114296    -0.1837476    -0.1552674
    -0.1263047 -9.734564E-02 -6.469599E-02 -3.145427E-02  1.599304E-03      0.034229  6.629077E-02  9.765419E-02     0.1281712      0.157672     0.1824346     0.2028927     0.2225072     0.2380895     0.2501239     0.2617094      0.272831      0.283477     0.2936392     0.3033155
      0.314816     0.3297937     0.3451636     0.3588558     0.3709411     0.3813743     0.3903006     0.4054306     0.4246765     0.4303207             0
             0    -0.5564409    -0.5484381    -0.5396401     -0.531772    -0.5216244    -0.5088896    -0.4952531     -0.484099    -0.4744031    -0.4639258    -0.4498514    -0.4281158    -0.4003188    -0.3698355    -0.3370284    -0.3022712    -0.2658123    -0.2279279    -0.1889467
    -0.1493159    -0.1096989 -6.505645E-02 -1.958219E-02  2.569059E-02  7.045783E-02     0.1145179     0.1576573     0.1995995     0.2399937     0.2736201     0.3011124     0.3270761     0.3472771     0.3626062     0.3770562     0.3905871     0.4031688     0.4147817       0.42542
     0.4375172     0.4520926     0.4653653     0.4755102     0.4829928     0.4880737     0.4911492     0.4940255     0.4870601     0.4653554             0
             0    -0.6397041    -0.6427417    -0.6404603    -0.6366994     -0.629998    -0.6195594    -0.6064898    -0.5948044    -0.5841451    -0.5721512    -0.5554914    -0.5287479    -0.4933868     -0.453949    -0.4112603    -0.3661169    -0.3190286    -0.2704388    -0.2207747
    -0.1705488     -0.120503 -6.418094E-02 -6.709638E-03     0.0507896     0.1080998     0.1651046     0.2216241      0.277321     0.3316477     0.3772939     0.4146933     0.4498578      0.476833     0.4969596     0.5154718      0.532227     0.5471123     0.5600542      0.571027
     0.5823185     0.5933402     0.5997787     0.6010826     0.5988192     0.5939437     0.5872781     0.5716565     0.5339647     0.4883547             0
             0    -0.7030755    -0.7221464    -0.7311824    -0.7354163    -0.7365166    -0.7326955    -0.7232447    -0.7124546    -0.7014776    -0.6880882    -0.6683731    -0.6349036    -0.5891735    -0.5379602    -0.4830793    -0.4260199    -0.3675805    -0.3082817    -0.2485056
    -0.1886671    -0.1294128 -6.287832E-02  5.165327E-03  7.373924E-02     0.1429482     0.2130357     0.2841808     0.3563489     0.4291453     0.4925635     0.5458782     0.5970689     0.6367314     0.6661795     0.6927522     0.7158532     0.7349498      0.749659     0.7598342
     0.7670561     0.7668479     0.7558627     0.7380079     0.7174491     0.6962135     0.6753932     0.6357654     0.5673649     0.5030786             0
             0    -0.7401369    -0.7743148    -0.7964522    -0.8112825    -0.8245265    -0.8332176     -0.832726    -0.8255223    -0.8152713    -0.8002064    -0.7757022    -0.7315195     -0.671114     -0.605445    -0.5375129       -0.4692    -0.4011559    -0.3335979    -0.2665842
    -0.2002389    -0.1349704 -6.185795E-02  1.304945E-02  8.904338E-02     0.1666697     0.2467432     0.3301852      0.417919     0.5107376     0.5967215     0.6731112     0.7511001     0.8154085      0.864825     0.9103587     0.9496349     0.9799488     0.9988157      1.005001
     0.9983301     0.9666383     0.9168093     0.8643885      0.816468      0.774588     0.7384501     0.6763099     0.5858282     0.5105969             0
             0    -0.7571713    -0.7999834    -0.8308407     -0.853709    -0.8778653    -0.9006645    -0.9140624    -0.9147153    -0.9071694    -0.8889652    -0.8560525    -0.7971668    -0.7216384    -0.6439719     -0.566833    -0.4914887    -0.4179627    -0.3459954    -0.2753012
    -0.2057572    -0.1375936 -6.134103E-02  1.685563E-02  9.646577E-02     0.1783189     0.2636311     0.3539194     0.4510308     0.5572334     0.6605046     0.7570947     0.8625971     0.9575052      1.035603      1.113111      1.184848      1.242239      1.273304      1.267195
      1.226076       1.13626      1.034121     0.9455619     0.8741242     0.8170531     0.7709588     0.6956898     0.5940893      0.513844             0
             0    -0.7666969      -0.81489    -0.8517114    -0.8806377    -0.9142602    -0.9523491    -0.9876266     -1.009074     -1.015507    -0.9830797    -0.9290612    -0.8478342    -0.7564372    -0.6686876    -0.5848153    -0.5047682    -0.4277869    -0.3531504    -0.2802891
    -0.2088964    -0.1390785 -6.103972E-02  1.903162E-02     0.1007208     0.1850425     0.2734862     0.3680019     0.4711693     0.5865722     0.7028249     0.8161313     0.9474798      1.076442      1.191762      1.319295      1.455222      1.585593      1.671254      1.611524
      1.478913      1.290121      1.124961      1.001911     0.9112912     0.8431216     0.7903087     0.7067461     0.5986467     0.5156049             0
             0    -0.7716028    -0.8227753    -0.8631606    -0.8960699    -0.9369605    -0.9905331     -1.062379     -1.158897     -1.323561     -1.132776     -1.003525    -0.8854872    -0.7783027    -0.6829632    -0.5947488    -0.5119218    -0.4330003    -0.3569117    -0.2828954
    -0.2105303    -0.1398488 -6.088072E-02  2.016724E-02     0.1029459     0.1885749     0.2787038     0.3755479      0.482165     0.6030777     0.7277226     0.8528827      1.005071      1.167014       1.32575      1.527254      1.794409      2.167481       2.72057      2.199859
      1.775824      1.421938      1.188453      1.036785     0.9326857     0.8574979     0.8007194      0.712516     0.6009734     0.5164943             0
