 51            10 
             0    -0.3430208    -0.3309418    -0.3213828    -0.3138526    -0.3051756    -0.2953617     -0.285792    -0.2784388    -0.2722846    -0.2658629    -0.2575073    -0.2451385    -0.2300285    -0.2140118    -0.1971664    -0.1795742    -0.1613189    -0.1424956    -0.1232218
     -0.103677 -8.473911E-02 -6.859224E-02 -4.170607E-02 -1.716066E-02  6.212903E-03     0.0288886  5.103356E-02  7.267968E-02  9.379991E-02     0.1117749     0.1268281     0.1415019      0.153394     0.1627204     0.1718533     0.1807878     0.1895192      0.198044     0.2063593
     0.2164893     0.2301128     0.2448205     0.2586569     0.2716119     0.2836772     0.2948569      0.315471     0.3505508     0.3756177             0
             0    -0.3498316    -0.3376843    -0.3280303    -0.3204283    -0.3116707    -0.3017503    -0.2920537    -0.2845879    -0.2783304     -0.271791    -0.2632694    -0.2506265    -0.2351434    -0.2187042    -0.2014081    -0.1833494    -0.1645907    -0.1452156    -0.1253446
     -0.105175 -8.564192E-02 -6.205199E-02 -3.823137E-02 -1.493632E-02     0.0081491  3.095323E-02  5.340491E-02  7.543056E-02  9.695245E-02     0.1152736     0.1306107     0.1455491     0.1576404     0.1671121     0.1763749     0.1854216     0.1942463     0.2028443     0.2112133
     0.2213924     0.2350953     0.2498759     0.2637856     0.2768013     0.2888547     0.2999718     0.3203935     0.3548566     0.3831156             0
             0    -0.4536626    -0.4408979    -0.4300429    -0.4212285    -0.4107704    -0.3985853    -0.3863558    -0.3767647    -0.3686325    -0.3600411    -0.3487302    -0.3317116    -0.3105271    -0.2877312    -0.2634901    -0.2379722    -0.2113044     -0.183643    -0.1551955
    -0.1262761 -9.825354E-02 -6.441516E-02 -3.030735E-02     0.0029557     0.0357877  6.804088E-02  9.956159E-02     0.1301858     0.1597378     0.1844985     0.2049284     0.2244928     0.2400197      0.252005     0.2635389     0.2746082     0.2852029     0.2953161     0.3049453
     0.3163838     0.3312035      0.346327     0.3597087      0.371433     0.3815377     0.3901587     0.4047149     0.4229712     0.4279288             0
             0    -0.5562217    -0.5481849    -0.5393681     -0.531484    -0.5213115    -0.5085514    -0.4948961    -0.4837317    -0.4740297    -0.4635494    -0.4494756    -0.4277526    -0.3999861    -0.3695452    -0.3367762    -0.3020349    -0.2655964    -0.2277476    -0.1888134
    -0.1492349    -0.1108709 -6.446529E-02 -1.767462E-02  2.801316E-02  7.318641E-02     0.1176393     0.1611251     0.2033425     0.2439276     0.2776447     0.3051676     0.3311182     0.3512763     0.3665569     0.3809466     0.3944079     0.4069127     0.4184434     0.4289947
     0.4409729     0.4553034     0.4681816     0.4778711     0.4848131     0.4893601     0.4919201     0.4938193     0.4852389     0.4627238             0
             0    -0.6393763    -0.6422849    -0.6399086    -0.6360834    -0.6293074    -0.6187959     -0.605675    -0.5939646    -0.5832934    -0.5712968    -0.5546463    -0.5279446    -0.4926688    -0.4533381    -0.4107532    -0.3656746    -0.3186464    -0.2701263    -0.2205362
    -0.1703768    -0.1218853 -6.318606E-02 -3.907892E-03  5.426104E-02     0.1122376      0.169902     0.2270301     0.2832453     0.3379717      0.383848     0.4213637     0.4565644     0.4835084     0.5035824     0.5220191     0.5386816      0.553462     0.5662915     0.5771477
     0.5882877      0.599051     0.6049913     0.6057407     0.6027367     0.5970481      0.589563     0.5723715     0.5322247     0.4855798             0
             0    -0.7026143    -0.7213684    -0.7301281    -0.7341655     -0.735041    -0.7309904     -0.721376    -0.7105125    -0.6995075    -0.6861245    -0.6664605     -0.633143      -0.58767    -0.5367397    -0.4821237     -0.425245     -0.366951     -0.307786    -0.2481303
    -0.1883838    -0.1309521 -6.149568E-02  8.793484E-03  7.827384E-02     0.1483953     0.2193951     0.2913882     0.3642695     0.4375734     0.5011955     0.5545042     0.6055001     0.6448606     0.6740157     0.7002718     0.7230673     0.7419063     0.7564383     0.7665349
     0.7737808     0.7738221     0.7627739     0.7447381     0.7234964     0.7012639     0.6793337     0.6375013     0.5657791     0.5002218             0
             0    -0.7395634    -0.7731904    -0.7947635    -0.8091441    -0.8218185    -0.8298451    -0.8287956    -0.8213152    -0.8109692    -0.7959731    -0.7717196    -0.7280871    -0.6683972    -0.6033857    -0.5360044    -0.4680559    -0.4002765    -0.3329317    -0.2660904
    -0.1998661    -0.1365998 -6.022323E-02  1.720543E-02  9.425186E-02     0.1729385     0.2540612     0.3384404     0.4268607     0.5199285     0.6055276     0.6810523     0.7575332     0.8200316     0.8677748      0.911534     0.9491428     0.9781831     0.9964768      1.002973
     0.9976361     0.9690648     0.9218053     0.8710999     0.8234036     0.7807804     0.7434753     0.6787592     0.5843643     0.5077019             0
             0    -0.7565373    -0.7986441    -0.8287056    -0.8508781    -0.8740441    -0.8954564    -0.9072604    -0.9067567    -0.8986704    -0.8809793    -0.8491971    -0.7919043    -0.7178323    -0.6412621    -0.5649406    -0.4901096    -0.4169345    -0.3452326     -0.274743
    -0.2053378     -0.139264 -5.958697E-02  2.125991E-02     0.1019889     0.1849662     0.2713769     0.3626041     0.4602873     0.5663664     0.6684558     0.7629347     0.8647875     0.9550006      1.028405      1.100424      1.166379      1.218783      1.247458      1.243413
      1.208318      1.128957      1.034686     0.9508278     0.8809544     0.8236105     0.7764439     0.6984811     0.5926864     0.5109333             0
             0    -0.7660264    -0.8134106    -0.8492608    -0.8772739    -0.9094465    -0.9450402    -0.9760541    -0.9920164    -0.9930498    -0.9659948    -0.9174365    -0.8404782    -0.7516597    -0.6654772    -0.5826527    -0.5032333     -0.426664     -0.352328     -0.279692
    -0.2084493    -0.1407717 -5.921819E-02  2.357582E-02     0.1064204     0.1919002     0.2814641     0.3769031     0.4805317     0.5954759     0.7097976       0.81972     0.9449624      1.065344      1.171236      1.286284      1.406664      1.520097      1.594032      1.545395
      1.433663      1.269946      1.120357      1.005449     0.9177667     0.8497933     0.7960253     0.7097306     0.5972792      0.512686             0
             0    -0.7709125    -0.8212157    -0.8605158    -0.8923455    -0.9313324    -0.9807722     -1.041265     -1.106317     -1.168997     -1.080169    -0.9823598    -0.8756855    -0.7727258    -0.6794129    -0.5924202    -0.5102963    -0.4318241    -0.3560565    -0.2822772
    -0.2100684    -0.1415537 -5.902427E-02  2.478375E-02     0.1087363     0.1955401      0.286798     0.3845499     0.4915496     0.6117665     0.7339187     0.8546533     0.9984639      1.147545       1.29059      1.467959      1.697362      2.011111      2.488917      2.041528
      1.689197       1.38746      1.179088      1.038842     0.9388106     0.8641808     0.8065417     0.7156001     0.5996244     0.5135713             0
