16	16	16	16	15
15	15	15	15	15
15	15	15	14.5	13.5
12	12	12	11	11
11	11	10	10	10
9	9	9	8	8
8	8	8	8	8
7	7	7	7	6
6	6	5	5	5
3	3	3	3	3
3				
16	16	16	16	15
15	15	15	15	15
15	15	15	14.5	13.5
12	12	12	11	11
11	11	10	10	10
9	9	9	8	8
8	8	8	8	8
7	7	7	7	6
6	6	5	5	5
3	3	3	3	3
3				
16	16	16	16	15
15	15	15	15	15
15	15	15	14.5	13.5
12	12	12	11	11
11	11	10	10	10
9	9	9	8	8
8	8	8	8	8
7	7	7	7	6
6	6	5	5	5
3	3	3	3	3
3				
16	16	16	16	15
15	15	15	15	15
15	15	15	14.5	13.5
12	12	12	11	11
11	11	10	10	10
9	9	9	8	8
8	8	8	8	8
7	7	7	7	6
6	6	5	5	5
3	3	3	3	3
3				
16	16	16	16	15
15	15	15	15	15
15	15	15	14.5	13.5
12	12	12	11	11
11	11	10	10	10
9	9	9	8	8
8	8	8	8	8
7	7	7	7	6
6	6	5	5	5
3	3	3	3	3
3				
16	16	16	16	15
15	15	15	15	15
15	15	15	14.5	13.5
12	12	12	11	11
11	11	10	10	10
9	9	9	8	8
8	8	8	8	8
7	7	7	7	6
6	6	5	5	5
3	3	3	3	3
3				
16	16	16	16	15
15	15	15	15	15
15	15	15	14.5	13.5
12	12	12	11	11
11	11	10	10	10
9	9	9	8	8
8	8	8	8	8
7	7	7	7	6
6	6	5	5	5
3	3	3	3	3
3				
16	16	16	16	15
15	15	15	15	15
15	15	15	14.5	13.5
12	12	12	11	11
11	11	10	10	10
9	9	9	8	8
8	8	8	8	8
7	7	7	7	6
6	6	5	5	5
3	3	3	3	3
3				
16	16	16	16	15
15	15	15	15	15
15	15	15	14.5	13.5
12	12	12	11	11
11	11	10	10	10
9	9	9	8	8
8	8	8	8	8
7	7	7	7	6
6	6	5	5	5
3	3	3	3	3
3				
16	16	16	16	15
15	15	15	15	15
15	15	15	14.5	13.5
12	12	12	11	11
11	11	10	10	10
9	9	9	8	8
8	8	8	8	8
7	7	7	7	6
6	6	5	5	5
3	3	3	3	3
3				
