 51            10 
             0 -1.416298E-03  1.467644E-04  1.340018E-03  2.271679E-03  3.337731E-03  4.535537E-03  5.695939E-03  6.583306E-03  7.323697E-03  8.093985E-03  9.093418E-03  1.056722E-02  1.236019E-02  1.425549E-02  1.624639E-02  1.832572E-02  2.048591E-02  2.271905E-02     0.0250169
  2.737095E-02  2.977241E-02  3.221218E-02  3.468088E-02  3.716896E-02  3.966687E-02  4.216516E-02  4.465459E-02  4.712613E-02  4.957115E-02  5.168007E-02  5.346429E-02  5.522191E-02  5.666195E-02  5.779979E-02  5.892263E-02  6.002972E-02  6.112032E-02  6.219374E-02  6.324931E-02
  6.454571E-02  6.631028E-02  6.824646E-02  7.009852E-02  7.186335E-02  7.353839E-02  7.512157E-02  7.810108E-02  8.351269E-02  8.853305E-02             0
             0 -1.684202E-03 -1.131545E-04  1.087542E-03  2.025425E-03  3.099018E-03  4.305727E-03  5.475139E-03     0.0063696  7.116018E-03  7.892683E-03  8.900521E-03  1.038699E-02  1.219577E-02  1.410814E-02     0.0161173  1.821596E-02  2.039645E-02  2.265072E-02  2.497039E-02
  2.734678E-02  2.977092E-02  3.223355E-02  3.472508E-02  3.723579E-02  3.975591E-02  4.227581E-02  4.478601E-02  4.727734E-02  4.974096E-02  5.186499E-02  5.366131E-02  5.543016E-02  5.687878E-02  5.802306E-02     0.0591519  6.026455E-02  6.136025E-02  6.243832E-02     0.0634981
  6.479918E-02  6.656913E-02  6.850972E-02  7.036451E-02  7.213049E-02  7.380523E-02  7.538681E-02     0.0783608  8.374874E-02  8.872053E-02             0
             0 -5.857174E-03 -4.169035E-03 -2.856435E-03 -1.824182E-03 -6.353816E-04  7.081993E-04  2.016823E-03  3.021254E-03  3.861274E-03  4.737152E-03  5.875977E-03  7.560286E-03  9.616583E-03  1.179689E-02  1.409305E-02  1.649618E-02  1.899673E-02  2.158457E-02  2.424902E-02
  2.697893E-02  2.976267E-02  3.258813E-02  3.544266E-02  3.831333E-02  4.118713E-02     0.0440511  4.689252E-02  4.969902E-02  5.245872E-02  5.482266E-02  5.681108E-02  5.875752E-02  6.034139E-02  6.158683E-02  6.280963E-02  6.400891E-02  6.518384E-02  6.633366E-02  6.745771E-02
     0.0688298  7.067977E-02  7.268301E-02  7.457307E-02     0.0763488  7.800998E-02  7.955715E-02  8.242595E-02  8.740547E-02  9.158809E-02             0
             0 -9.195527E-03  -7.46381E-03 -6.090433E-03 -5.001435E-03 -3.737715E-03 -2.299354E-03 -8.892427E-04  1.980006E-04  1.109862E-03  2.063213E-03  3.305929E-03  5.150407E-03   7.41169E-03  9.817896E-03  1.235947E-02  1.502585E-02     0.0178056  2.068656E-02  2.365594E-02
  2.670038E-02  2.980595E-02  3.295809E-02  3.614146E-02  3.934022E-02  4.253826E-02  4.571934E-02  4.886726E-02  5.196598E-02  5.499989E-02  5.758474E-02     0.0597485  6.185491E-02     0.0635582  6.489139E-02  6.619392E-02  6.746466E-02  6.870268E-02  6.990711E-02  7.107729E-02
     0.0724965  7.439069E-02  7.641276E-02  7.829248E-02  8.003184E-02  8.163416E-02  8.310374E-02  8.578721E-02  9.024236E-02  9.365064E-02             0
             0 -1.144415E-02 -9.725098E-03 -8.335715E-03 -7.224917E-03 -5.925878E-03 -4.436468E-03 -2.966298E-03 -1.827367E-03 -8.693367E-04  1.350609E-04  1.447701E-03  3.402823E-03  5.809344E-03  8.378306E-03  1.109854E-02  1.395771E-02  1.694258E-02     0.0200393  2.323353E-02
  2.651048E-02  2.985485E-02  3.325072E-02  3.668121E-02  4.012881E-02  4.357544E-02  4.700258E-02  5.039133E-02  5.372247E-02     0.0569767  5.974009E-02  6.204556E-02  6.428047E-02  6.607836E-02  6.747998E-02  6.884326E-02  7.016678E-02  7.144932E-02  7.268991E-02  7.388783E-02
  7.533129E-02  7.723817E-02  7.924469E-02  8.108262E-02  8.275849E-02  8.428027E-02     0.0856567  8.813672E-02  9.211067E-02  9.493214E-02             0
             0    -0.0129132 -1.123178E-02 -9.850715E-03 -8.738441E-03  -7.42839E-03 -5.915903E-03 -4.412979E-03 -3.243227E-03 -2.256419E-03 -1.219055E-03  1.400302E-04  2.170972E-03  4.679588E-03  7.364355E-03  1.021215E-02  1.320872E-02     0.0163392  1.958841E-02  2.294097E-02
  2.638137E-02     0.0298938  3.346187E-02  3.706823E-02  4.069475E-02  4.432262E-02  4.793222E-02  5.150308E-02  5.501378E-02  5.844197E-02     0.0613492  6.377017E-02  6.611043E-02  6.798563E-02  6.944264E-02  7.085419E-02  7.221831E-02  7.353336E-02     0.0747981  7.601174E-02
  7.746448E-02  7.936356E-02  8.133325E-02     0.0831122  8.471294E-02  8.614896E-02  8.743359E-02      0.089725  9.331144E-02  9.572213E-02             0
             0 -1.367461E-02 -1.202737E-02 -1.066126E-02 -9.555937E-03 -8.247935E-03 -6.730427E-03 -5.214958E-03 -4.031117E-03 -3.030125E-03 -1.975602E-03 -5.913747E-04   1.48219E-03  4.049505E-03  6.801049E-03  9.721885E-03  1.279629E-02  1.600829E-02      0.019342  2.278163E-02
  2.631151E-02     0.0299158  3.357823E-02  3.728155E-02  4.100775E-02  4.473804E-02  4.845273E-02      0.052131  5.575067E-02  5.928795E-02  6.228868E-02  6.478672E-02  6.719898E-02  6.912789E-02  7.062348E-02  7.206839E-02  7.345985E-02  7.479557E-02  7.607388E-02  7.729385E-02
  7.874569E-02  8.062654E-02  8.255497E-02  8.427915E-02  8.581755E-02  8.718816E-02  8.840736E-02  9.057172E-02  9.392656E-02  9.611553E-02             0
             0 -1.400566E-02 -1.237656E-02 -1.101965E-02 -9.919475E-03 -8.614719E-03 -7.097361E-03 -5.578062E-03 -4.388787E-03 -3.381861E-03 -2.319769E-03 -9.240725E-04  1.169441E-03  3.764393E-03  6.547139E-03  9.501715E-03  1.261167E-02  1.586056E-02  1.923222E-02  2.271076E-02
  2.628048E-02  2.992564E-02  3.363009E-02  3.737671E-02  4.114764E-02  4.492424E-02  4.868692E-02  5.241491E-02     0.0560859  5.967574E-02  6.272279E-02  6.525999E-02  6.770989E-02  6.966772E-02  7.118442E-02  7.264779E-02  7.405434E-02  7.540114E-02  7.668602E-02  7.790787E-02
  7.935644E-02  8.122268E-02  8.312412E-02  8.481588E-02  8.631988E-02  8.765619E-02  8.884241E-02  9.094469E-02  9.419264E-02  9.628364E-02             0
             0 -1.418577E-02 -1.256747E-02 -1.121639E-02 -1.011969E-02 -8.817522E-03 -7.301141E-03 -5.780458E-03 -4.588543E-03 -3.578491E-03  -2.51221E-03 -1.109997E-03  9.950168E-04  3.605843E-03  6.406335E-03  9.379918E-03  1.250974E-02  1.577912E-02  1.917177E-02  2.267176E-02
  2.626341E-02  2.993106E-02  3.365863E-02  3.742911E-02  4.122475E-02  4.502702E-02  4.881646E-02  5.257237E-02  5.627246E-02  5.989249E-02  6.296663E-02  6.552716E-02  6.799998E-02  6.997592E-02  7.150612E-02  7.298154E-02  7.439811E-02  7.575224E-02  7.704118E-02  7.826349E-02
  7.970855E-02  8.156333E-02     0.0834461  8.511695E-02  8.659971E-02  8.791549E-02  8.908239E-02  9.114893E-02  9.433704E-02  9.637434E-02             0
             0 -1.427692E-02 -1.266439E-02 -1.131655E-02 -1.022187E-02 -8.921335E-03 -7.405848E-03 -5.884829E-03 -4.691767E-03 -3.680194E-03 -2.611742E-03 -1.206056E-03  9.051262E-04  3.524369E-03  6.334156E-03     0.0093176  1.245766E-02  1.573756E-02  1.914095E-02  2.265188E-02
  2.625472E-02  2.993382E-02  3.367317E-02  3.745582E-02  4.126409E-02  4.507951E-02     0.0488827  5.265303E-02  5.636826E-02  6.000413E-02     0.0630927  6.566584E-02  6.815133E-02  7.013761E-02  7.167573E-02  7.315847E-02  7.458138E-02  7.594032E-02  7.723181E-02  7.845382E-02
     0.0798957  8.174244E-02  8.361374E-02  8.527257E-02  8.674359E-02  8.804828E-02  8.920492E-02  9.125271E-02       0.09441  9.642001E-02             0
