 51            10 
             0     -0.256038    -0.2469718    -0.2397991    -0.2341493    -0.2276394    -0.2202768    -0.2130976    -0.2075815    -0.2029648    -0.1981474    -0.1918795    -0.1826011    -0.1712666    -0.1592521    -0.1466161    -0.1334201    -0.1197268    -0.1056076    -0.0911506
 -7.649042E-02 -6.228568E-02    -0.0501742 -3.000772E-02    -0.0115972   5.93422E-03  2.294209E-02  3.955178E-02  5.578723E-02  7.162813E-02  8.510991E-02  9.640013E-02     0.1074058     0.1163251     0.1233199     0.1301697     0.1368705     0.1434191     0.1498126      0.156049
     0.1636463     0.1738635     0.1848937     0.1952702     0.2049855     0.2140332     0.2224167     0.2378742      0.264175     0.2829392             0
             0    -0.2611455    -0.2520281    -0.2447843    -0.2390805    -0.2325103    -0.2250678    -0.2177935    -0.2121929    -0.2074987    -0.2025931    -0.1962006    -0.1867167    -0.1751023    -0.1627709    -0.1497968    -0.1362509      -0.12218    -0.1076469 -9.274197E-02
 -7.761315E-02 -6.296192E-02 -4.526809E-02 -2.740127E-02 -9.928704E-03  7.386567E-03  2.449078E-02  4.133056E-02     0.0578507     0.0739929     0.0877343  9.923753E-02     0.1104417     0.1195103     0.1266142     0.1335614     0.1403465      0.146965     0.1534134     0.1596901
     0.1673242      0.177601     0.1886858     0.1991173     0.2088781      0.217917     0.2262534     0.2415667      0.267405     0.2885773             0
             0    -0.3390161    -0.3294354    -0.3212906    -0.3146774    -0.3068316    -0.2976904    -0.2885162    -0.2813213     -0.275221    -0.2687762    -0.2602916    -0.2475255    -0.2316348    -0.2145354    -0.1963521    -0.1772113    -0.1572079    -0.1364595    -0.1151215
 -9.342965E-02 -7.241067E-02    -0.0470296 -2.144646E-02  3.503031E-03  2.812916E-02  5.232107E-02  7.596352E-02  9.893347E-02      0.121099     0.1396707     0.1549941     0.1696681     0.1813137     0.1903031     0.1989537     0.2072559      0.215202     0.2227869     0.2300087
     0.2385874     0.2497017     0.2610435     0.2710786     0.2798703     0.2874471     0.2939109     0.3048236     0.3185035     0.3221953             0
             0    -0.4159337    -0.4098986    -0.4032823    -0.3973668    -0.3897349    -0.3801623    -0.3699186    -0.3615436    -0.3542658    -0.3464042    -0.3358472    -0.3195526    -0.2987249    -0.2758914    -0.2513117    -0.2252527    -0.1979209    -0.1695312    -0.1403275
    -0.1106405 -8.186463E-02 -4.705694E-02    -0.0119604  2.230894E-02  5.619238E-02  8.953547E-02     0.1221532     0.1538195     0.1842613     0.2095515     0.2301955     0.2496601     0.2647797     0.2762409     0.2870337     0.2971302      0.306509     0.3151571     0.3230705
     0.3320539     0.3428009      0.352458      0.359723     0.3649269     0.3683341     0.3702509     0.3716682     0.3652154     0.3482977             0
             0    -0.4782985    -0.4804724    -0.4786863    -0.4758148    -0.4707302     -0.462844    -0.4530009    -0.4442164    -0.4362116    -0.4272127     -0.414723    -0.3946941    -0.3682342     -0.338733    -0.3067911    -0.2729788    -0.2377041    -0.2013105    -0.1641142
    -0.1264908 -9.011849E-02 -4.608939E-02 -1.625881E-03     0.0420058  8.549335E-02      0.128747     0.1715984     0.2137653     0.2548154     0.2892271     0.3173674     0.3437712     0.3639815     0.3790385     0.3928674     0.4053651     0.4164509     0.4260733     0.4342153
     0.4425697     0.4506403     0.4550922       0.45565     0.4533922     0.4491206     0.4435015     0.4305969     0.4004633     0.3654437             0
             0    -0.5257264    -0.5397843    -0.5463502    -0.5493756    -0.5500295    -0.5469888    -0.5397755     -0.531626    -0.5233709    -0.5133321    -0.4985822    -0.4735914    -0.4394834    -0.4012823    -0.3603168    -0.3176541    -0.2739298     -0.229552     -0.184806
    -0.1399917 -9.691352E-02 -4.481552E-02  7.907497E-03  6.002422E-02     0.1126222     0.1658795     0.2198823     0.2745518     0.3295386     0.3772633     0.4172516     0.4555052     0.4850305     0.5069004     0.5265955     0.5436943      0.557825     0.5687245     0.5762964
     0.5817291     0.5817555     0.5734619     0.5599263     0.5439861      0.527303     0.5108469     0.4794566     0.4256351     0.3764278             0
             0    -0.5534379    -0.5786505    -0.5948263    -0.6056091    -0.6151122    -0.6211293    -0.6203396    -0.6147275    -0.6069666     -0.595718    -0.5775259    -0.5447987    -0.5000279    -0.4512658    -0.4007262     -0.349761    -0.2989224    -0.2484095    -0.1982741
    -0.1486012    -0.1011465 -4.385768E-02  1.422082E-02  7.201316E-02     0.1310364     0.1918877     0.2551824     0.3215094     0.3913234     0.4555358     0.5121913     0.5695646     0.6164491     0.6522645     0.6850911     0.7133037     0.7350879     0.7488096     0.7536799
     0.7496725      0.728232     0.6927707      0.654725     0.6189376     0.5869566      0.558966     0.5104079     0.4395774     0.3820392             0
             0    -0.5661682    -0.5977406    -0.6202828    -0.6369094    -0.6542812    -0.6703376     -0.679188    -0.6788084    -0.6727421    -0.6594723    -0.6356337    -0.5926612    -0.5371038    -0.4796726    -0.4224278    -0.3663007    -0.3114152    -0.2576345    -0.2047627
    -0.1527038    -0.1031434 -4.337889E-02  1.726369E-02  7.781846E-02     0.1400605     0.2048787     0.2733109      0.346587     0.4261625     0.5027465     0.5736223     0.6500308     0.7177083     0.7727762     0.8268052     0.8762847     0.9155979     0.9371081     0.9340703
     0.9077359     0.8481899     0.7774579     0.7145389     0.6621131     0.6190882     0.5836991     0.5252031     0.4458205     0.3844634             0
             0    -0.5732849    -0.6088154     -0.635699    -0.6567062    -0.6808329    -0.7075253    -0.7307832     -0.742753    -0.7435265    -0.7232338    -0.6868131    -0.6290914    -0.5624741    -0.4978337    -0.4357116    -0.3761431     -0.318712    -0.2629556    -0.2084739
    -0.1550369    -0.1042735 -4.310142E-02  1.900175E-02  8.114354E-02     0.1452628     0.2124466     0.2840384     0.3617749     0.4480013     0.5337625     0.6162247     0.7101815     0.8004932     0.8799352     0.9662474      1.056561      1.141662       1.19713      1.160636
      1.076803     0.9539666     0.8417314     0.7555175     0.6897305     0.6387309     0.5983893     0.5336425     0.4492659     0.3857782             0
             0    -0.5769495    -0.6146692    -0.6441402    -0.6680098    -0.6972472    -0.7343243    -0.7796911    -0.8284786    -0.8754866    -0.8088644    -0.7355055    -0.6554968    -0.5782737    -0.5082853    -0.4430371    -0.3814402    -0.3225819    -0.2657518    -0.2104126
    -0.1562509    -0.1048597 -4.295553E-02  1.990828E-02  8.288123E-02     0.1479937     0.2164483     0.2897753     0.3700408      0.460223      0.551859     0.6424332     0.7503209     0.8621651     0.9694818      1.102551      1.274662      1.510056      1.868552       1.53287
      1.268521      1.042132      0.885794     0.7805696     0.7055181     0.6495246     0.6062788     0.5380457     0.4510253     0.3864423             0
