 51            10 
             0  1.840592E-02  1.965566E-02  2.034224E-02  2.085832E-02  2.144054E-02  2.209052E-02  2.271786E-02  2.319663E-02  2.359567E-02  2.401041E-02  2.454806E-02  2.533999E-02  2.630216E-02  2.731815E-02  2.838441E-02  2.949717E-02  3.065245E-02  3.184609E-02  3.307376E-02
  3.433096E-02  3.561306E-02  3.691529E-02  3.823273E-02  3.956042E-02  4.089336E-02  4.222661E-02  4.355532E-02  4.487476E-02  4.618038E-02  4.730689E-02     0.0482602  4.919958E-02  4.996947E-02  5.057793E-02  5.117851E-02     0.0517708  5.235442E-02  5.292898E-02  5.349415E-02
  5.418843E-02  5.513384E-02  5.617177E-02  5.716517E-02  5.811232E-02  5.901176E-02  5.986231E-02  6.146364E-02  6.436946E-02  6.662291E-02             0
             0  1.827365E-02  1.952492E-02  2.021511E-02     0.0207343  2.132035E-02  2.197483E-02  2.260674E-02  2.308911E-02  2.349119E-02  2.390916E-02  2.445105E-02  2.524938E-02  2.621954E-02  2.724414E-02  2.831961E-02  2.944212E-02  3.060763E-02  3.181192E-02  3.305057E-02
  3.431902E-02  3.561255E-02  3.692629E-02  3.825523E-02  3.959431E-02  4.093844E-02  4.228256E-02  4.362174E-02  4.495114E-02  4.626614E-02  4.740025E-02  4.835967E-02  4.930472E-02  5.007893E-02  5.069064E-02  5.129425E-02  5.188935E-02  5.247555E-02  5.305247E-02  5.361976E-02
  5.431643E-02  5.526458E-02  5.630476E-02  5.729957E-02  5.824734E-02  5.914667E-02  5.999646E-02     0.0615951  6.448917E-02  6.671773E-02             0
             0  1.621379E-02  1.748556E-02  1.822978E-02  1.879635E-02  1.944071E-02  2.016455E-02  2.086695E-02  2.140496E-02  2.185437E-02  2.232249E-02  2.293057E-02     0.0238288  2.492386E-02  2.608358E-02  2.730373E-02  2.857967E-02  2.990641E-02     0.0312787  3.269095E-02
  3.413736E-02  3.561186E-02  3.710815E-02  3.861969E-02  4.013982E-02  4.166182E-02  4.317901E-02  4.468478E-02  4.617275E-02  4.763673E-02  4.889162E-02  4.994778E-02  5.098231E-02  5.182473E-02  5.248747E-02  5.313851E-02  5.377739E-02  5.440365E-02  5.501691E-02  5.561679E-02
  5.634952E-02  5.733846E-02  5.841086E-02  5.942417E-02  6.037764E-02  6.127098E-02     0.0621043  6.365169E-02     0.0663435  6.816872E-02             0
             0  1.457121E-02  1.583529E-02  1.660872E-02  1.720403E-02  1.788656E-02  1.865858E-02     0.0194124  1.999227E-02  2.047795E-02  2.098513E-02  2.164553E-02  2.262432E-02  2.382233E-02     0.0250954     0.0264386  2.784645E-02  2.931307E-02  3.083217E-02  3.239711E-02
  3.400099E-02  3.563656E-02  3.729628E-02  3.897228E-02  4.065645E-02  4.234053E-02  4.401618E-02  4.567508E-02  4.730902E-02  4.890997E-02  5.027523E-02  5.141902E-02  5.253355E-02  5.343574E-02  5.414245E-02  5.483349E-02  5.550827E-02  5.616629E-02  5.680712E-02  5.743038E-02
  5.818711E-02  5.919889E-02  6.028169E-02  6.129091E-02  6.222734E-02  6.309242E-02  6.388807E-02  6.534496E-02  6.777803E-02  6.921099E-02             0
             0  1.346794E-02  1.470707E-02  1.548838E-02  1.609523E-02  1.679628E-02  1.759464E-02  1.837907E-02  1.898511E-02  1.949408E-02  2.002694E-02  2.072242E-02  2.175655E-02  2.302702E-02  2.438117E-02  2.581329E-02  2.731709E-02     0.0288858  3.051231E-02  3.218921E-02
  3.390885E-02     0.0356633  3.744429E-02     0.0392432  4.105105E-02  4.285857E-02     0.0446563  4.643456E-02  4.818355E-02  4.989344E-02     0.0513469  5.256068E-02  5.373868E-02  5.468764E-02  5.542822E-02  5.614939E-02  5.685041E-02  5.753067E-02  5.818967E-02  5.882702E-02
  5.959632E-02  6.061534E-02  6.169174E-02     0.0626817  6.358813E-02  6.441469E-02  6.516546E-02  6.652372E-02  6.872062E-02  6.985799E-02             0
             0  1.274886E-02  1.395821E-02  1.473606E-02  1.534465E-02  1.605231E-02     0.0168632  1.766466E-02  1.828642E-02  1.880993E-02  1.935931E-02  2.007795E-02  2.114966E-02  2.247051E-02  2.388171E-02  2.537669E-02  2.694826E-02  2.858889E-02     0.0302908  3.204608E-02
     0.0338467  3.568441E-02     0.0375507  3.943663E-02  4.133292E-02  4.322988E-02  4.511745E-02  4.698512E-02  4.882199E-02  5.061673E-02  5.214009E-02  5.340984E-02  5.463881E-02  5.562515E-02  5.639253E-02  5.713711E-02  5.785791E-02  5.855414E-02  5.922518E-02  5.987061E-02
  6.064514E-02  6.166168E-02  6.272195E-02  6.368501E-02  6.455652E-02  6.534268E-02  6.604976E-02  6.731758E-02  6.932536E-02  7.025659E-02             0
             0  1.237686E-02  1.356421E-02  1.433562E-02  1.494179E-02  1.564957E-02  1.646407E-02  1.727251E-02     0.0179016  1.843232E-02  1.899025E-02  1.972126E-02  2.081371E-02  2.216296E-02  2.360649E-02  2.513693E-02  2.674645E-02  2.842698E-02  3.017039E-02  3.196855E-02
  3.381328E-02  3.569633E-02  3.760917E-02  3.954291E-02  4.148823E-02  4.343543E-02  4.537434E-02  4.729423E-02  4.918372E-02     0.0510307  5.259841E-02  5.390445E-02  5.516705E-02  5.617832E-02  5.696355E-02  5.772357E-02  5.845708E-02  5.916305E-02  5.984071E-02  6.048959E-02
  6.126454E-02  6.227409E-02  6.331689E-02  6.425585E-02     0.0650992  6.585526E-02  6.653175E-02     0.0677394  6.963476E-02  7.045501E-02             0
             0  1.221526E-02  1.339161E-02     0.0141591  1.476334E-02  1.547027E-02  1.628546E-02  1.709636E-02     0.0177284  1.826215E-02  1.882382E-02  1.956039E-02  2.066232E-02  2.202467E-02  2.348306E-02  2.502971E-02  2.665642E-02  2.835491E-02  3.011688E-02  3.193413E-02
  3.379849E-02  3.570167E-02  3.763521E-02  3.959024E-02  4.155752E-02  4.352737E-02  4.548964E-02  4.743356E-02  4.934762E-02  5.121948E-02  5.280877E-02     0.0541328  5.541241E-02  5.643652E-02  5.723104E-02     0.0579991  5.873919E-02  5.945006E-02     0.0601308  6.078088E-02
  6.155508E-02  6.255933E-02  6.359128E-02  6.451648E-02  6.534468E-02     0.0660852  6.674644E-02     0.0679249  6.976851E-02  7.053979E-02             0
             0  1.212738E-02  1.329734E-02  1.406235E-02     0.0146653  1.537146E-02  1.618673E-02  1.699874E-02  1.763229E-02  1.816767E-02  1.873139E-02  1.947104E-02  2.057832E-02  2.194807E-02  2.341482E-02  2.497053E-02  2.660681E-02  2.831523E-02  3.008746E-02  3.191523E-02
  3.379036E-02  3.570461E-02  3.764952E-02  3.961628E-02  4.159568E-02  4.357807E-02  4.555334E-02  4.751071E-02  4.943864E-02  5.132468E-02  5.292645E-02  5.426102E-02  5.555074E-02     0.0565826  5.738279E-02     0.0581558  5.889996E-02  5.961383E-02  6.029634E-02  6.094695E-02
  6.172029E-02  6.272067E-02  6.374544E-02  6.466201E-02  6.548101E-02  6.621232E-02  6.686468E-02     0.0680264  6.984108E-02  7.058553E-02             0
             0  1.208291E-02  1.324952E-02  1.401316E-02  1.461534E-02  1.532101E-02     0.0161362  1.694869E-02  1.758296E-02  1.811914E-02  1.868391E-02  1.942516E-02  2.053523E-02  2.190884E-02  2.337992E-02     0.0249403  2.658149E-02  2.829501E-02  3.007247E-02     0.0319056
  3.378623E-02  3.570611E-02  3.765682E-02  3.962956E-02  4.161514E-02  4.360395E-02  4.558588E-02  4.755019E-02  4.948531E-02  5.137876E-02  5.298711E-02  5.432729E-02  5.562248E-02  5.665861E-02  5.746195E-02  5.823777E-02  5.898425E-02  5.969981E-02     0.0603833  6.103409E-02
  6.180674E-02  6.280465E-02  6.382523E-02  6.473696E-02  6.555093E-02  6.627732E-02      0.066925  6.807795E-02  6.987774E-02  7.060856E-02             0
