 51            10 
             0  1.826047E-02  1.950661E-02  2.019264E-02  2.070845E-02  2.129046E-02  2.194024E-02  2.256742E-02  2.304609E-02  2.344504E-02  2.385969E-02  2.439724E-02  2.518904E-02  2.615107E-02  2.716692E-02  2.823305E-02  2.934569E-02  3.050086E-02     0.0316944  3.292197E-02
  3.417909E-02  3.546111E-02  3.676327E-02  3.808066E-02  3.940829E-02  4.074118E-02     0.0420744  4.340308E-02     0.0447225     0.0460281  4.715461E-02  4.810792E-02  4.904731E-02     0.0498172  5.042567E-02  5.102625E-02  5.161856E-02  5.220219E-02  5.277677E-02  5.334196E-02
  5.403627E-02  5.498172E-02     0.0560197  5.701317E-02  5.796038E-02     0.0588599  5.971054E-02  6.131206E-02  6.421844E-02  6.647424E-02             0
             0     0.0181282  1.937588E-02     0.0200655  2.058444E-02  2.117027E-02  2.182456E-02  2.245631E-02  2.293856E-02  2.334056E-02  2.375844E-02  2.430024E-02  2.509843E-02  2.606844E-02  2.709291E-02  2.816825E-02  2.929064E-02  3.045605E-02  3.166023E-02  3.289879E-02
  3.416716E-02  3.546061E-02  3.677427E-02  3.810316E-02  3.944218E-02  4.078626E-02  4.213035E-02     0.0434695  4.479888E-02  4.611386E-02  4.724797E-02  4.820739E-02  4.915244E-02  4.992666E-02  5.053838E-02      0.051142  5.173711E-02  5.232332E-02  5.290026E-02  5.346758E-02
  5.416426E-02  5.511245E-02  5.615269E-02  5.714756E-02     0.0580954  5.899481E-02  5.984469E-02  6.144352E-02  6.433815E-02  6.656906E-02             0
             0  1.606834E-02  1.733652E-02  1.808017E-02  1.864649E-02  1.929064E-02  2.001428E-02  2.071651E-02  2.125441E-02  2.170374E-02  2.217178E-02  2.277976E-02  2.367785E-02  2.477276E-02  2.593235E-02  2.715237E-02  2.842819E-02  2.975483E-02  3.112701E-02  3.253917E-02
  3.398549E-02  3.545991E-02  3.695613E-02     0.0384676  3.998769E-02  4.150964E-02  4.302679E-02  4.453254E-02  4.602048E-02  4.748445E-02  4.873934E-02     0.0497955  5.083003E-02  5.167245E-02  5.233521E-02  5.298626E-02  5.362515E-02  5.425142E-02     0.0548647     0.0554646
  5.619736E-02  5.718634E-02  5.825879E-02  5.927216E-02     0.0602257  6.111912E-02  6.195253E-02  6.350011E-02  6.619248E-02  6.802005E-02             0
             0  1.442576E-02  1.568625E-02  1.645912E-02  1.705416E-02  1.773648E-02  1.850831E-02  1.926196E-02  1.984172E-02  2.032732E-02  2.083442E-02  2.149472E-02  2.247337E-02  2.367124E-02  2.494417E-02  2.628724E-02  2.769498E-02  2.916148E-02  3.068048E-02  3.224533E-02
  3.384912E-02  3.548461E-02  3.714427E-02     0.0388202  4.050432E-02  4.218835E-02  4.386397E-02  4.552284E-02  4.715675E-02  4.875769E-02  5.012295E-02  5.126674E-02  5.238127E-02  5.328347E-02  5.399019E-02  5.468123E-02  5.535603E-02  5.601407E-02  5.665491E-02  5.727818E-02
  5.803495E-02  5.904677E-02  6.012962E-02  6.113891E-02  6.207541E-02  6.294056E-02     0.0637363  6.519338E-02  6.762701E-02  6.906232E-02             0
             0  1.332249E-02  1.455803E-02  1.533877E-02  1.594537E-02     0.0166462  1.744436E-02  1.822863E-02  1.883456E-02  1.934345E-02  1.987622E-02  2.057161E-02     0.0216056  2.287593E-02  2.422994E-02  2.566193E-02  2.716561E-02  2.873421E-02  3.036062E-02  3.203742E-02
  3.375698E-02  3.551135E-02  3.729228E-02  3.909113E-02  4.089891E-02     0.0427064  4.450409E-02  4.628231E-02  4.803128E-02  4.974116E-02  5.119462E-02     0.0524084     0.0535864  5.453537E-02  5.527596E-02  5.599713E-02  5.669817E-02  5.737845E-02  5.803746E-02  5.867483E-02
  5.944415E-02  6.046321E-02  6.153968E-02     0.0625297     0.0634362  6.426284E-02  6.501368E-02  6.637213E-02  6.856959E-02  6.970932E-02             0
             0  1.260341E-02  1.380916E-02  1.458646E-02  1.519479E-02  1.590222E-02  1.671293E-02  1.751423E-02  1.813587E-02     0.0186593  1.920859E-02  1.992713E-02  2.099871E-02  2.231942E-02  2.373048E-02  2.522533E-02  2.679678E-02     0.0284373  3.013911E-02     0.0318943
  3.369483E-02  3.553246E-02  3.739868E-02  3.928455E-02  4.118079E-02     0.0430777  4.496523E-02  4.683288E-02  4.866973E-02  5.046445E-02     0.0519878  5.325756E-02  5.448654E-02  5.547288E-02  5.624027E-02  5.698486E-02  5.770567E-02  5.840191E-02  5.907297E-02  5.971842E-02
  6.049298E-02  6.150956E-02  6.256988E-02  6.353301E-02  6.440458E-02  6.519082E-02  6.589799E-02      0.067166  6.917433E-02  7.010792E-02             0
             0  1.223141E-02  1.341517E-02  1.418602E-02  1.479192E-02  1.549949E-02     0.0163138  1.712207E-02  1.775106E-02  1.828168E-02  1.883953E-02  1.957045E-02  2.066276E-02  2.201187E-02  2.345526E-02  2.498557E-02  2.659497E-02  2.827539E-02     0.0300187  3.181676E-02
  3.366141E-02  3.554438E-02  3.745716E-02  3.939082E-02  4.133609E-02  4.328325E-02  4.522213E-02  4.714199E-02  4.903145E-02  5.087842E-02  5.244613E-02  5.375217E-02  5.501477E-02  5.602605E-02  5.681129E-02  5.757131E-02  5.830484E-02  5.901083E-02     0.0596885     0.0603374
  6.111237E-02  6.212196E-02  6.316482E-02  6.410384E-02  6.494727E-02     0.0657034  6.637997E-02  6.758782E-02  6.948373E-02  7.030635E-02             0
             0  1.206981E-02  1.324257E-02  1.400949E-02  1.461348E-02  1.532019E-02  1.613519E-02  1.694592E-02  1.757785E-02  1.811152E-02  1.867311E-02  1.940957E-02  2.051137E-02  2.187358E-02  2.333183E-02  2.487835E-02  2.650494E-02  2.820332E-02  2.996519E-02  3.178235E-02
  3.364661E-02  3.554972E-02  3.748319E-02  3.943816E-02  4.140538E-02  4.337519E-02  4.533742E-02  4.728131E-02  4.919536E-02     0.0510672  5.265649E-02  5.398051E-02  5.526013E-02  5.628425E-02  5.707877E-02  5.784684E-02  5.858695E-02  5.929784E-02  5.997859E-02  6.062869E-02
  6.140291E-02     0.0624072  6.343921E-02  6.436448E-02  6.519274E-02  6.593335E-02  6.659468E-02  6.777333E-02  6.961749E-02  7.039112E-02             0
             0  1.198193E-02     0.0131483  1.391275E-02  1.451543E-02  1.522138E-02  1.603645E-02  1.684831E-02  1.748175E-02  1.801704E-02  1.858068E-02  1.932023E-02  2.042738E-02  2.179698E-02  2.326359E-02  2.481917E-02  2.645533E-02  2.816365E-02  2.993577E-02  3.176345E-02
  3.363849E-02  3.555266E-02  3.749751E-02  3.946421E-02  4.144355E-02     0.0434259  4.540112E-02  4.735846E-02  4.928638E-02     0.0511724  5.277417E-02  5.410873E-02  5.539846E-02  5.643033E-02  5.723052E-02  5.800355E-02  5.874772E-02     0.0594616  6.014413E-02  6.079476E-02
  6.156812E-02  6.256855E-02  6.359337E-02       0.06451  6.532907E-02  6.606046E-02  6.671292E-02  6.787483E-02  6.969006E-02  7.043686E-02             0
             0  1.193746E-02  1.310047E-02  1.386356E-02  1.446548E-02  1.517093E-02  1.598592E-02  1.679825E-02  1.743241E-02  1.796851E-02     0.0185332  1.927435E-02  2.038429E-02  2.175774E-02  2.322869E-02  2.478894E-02  2.643001E-02  2.814342E-02  2.992077E-02  3.175382E-02
  3.363435E-02  3.555416E-02     0.0375048  3.947748E-02      0.041463  4.345177E-02  4.543367E-02  4.739794E-02  4.933305E-02  5.122648E-02  5.283483E-02  5.417501E-02     0.0554702  5.650634E-02  5.730969E-02  5.808552E-02  5.883201E-02  5.954759E-02     0.0602311     0.0608819
  6.165458E-02  6.265254E-02  6.367316E-02  6.458496E-02      0.065399  6.612546E-02  6.677322E-02  6.792638E-02  6.972672E-02  7.045989E-02             0
