 51            10 
             0    -0.2563102    -0.2472368    -0.2400595    -0.2344084    -0.2278996    -0.2205385    -0.2133603    -0.2078443    -0.2032275    -0.1984096    -0.1921403    -0.1828584    -0.1715176    -0.1594954     -0.146852    -0.1336495    -0.1199448    -0.1058029 -9.130526E-02
 -7.658454E-02 -6.207709E-02 -4.751064E-02 -2.982127E-02 -1.241955E-02  4.694991E-03  2.151622E-02  3.802466E-02  5.418483E-02  6.994577E-02  8.333046E-02  9.450354E-02     0.1053395     0.1140522     0.1208345     0.1274119     0.1337656     0.1398739     0.1457122      0.151252
     0.1577643     0.1674611     0.1782104     0.1894672     0.2012842     0.2117403     0.2210747     0.2378203     0.2653532     0.2880982             0
             0    -0.2614766    -0.2523569    -0.2450961    -0.2393923    -0.2328421    -0.2254184    -0.2181582    -0.2125665    -0.2078784    -0.2029772     -0.196587    -0.1870967    -0.1754643    -0.1631034    -0.1501093     -0.136574    -0.1225001    -0.1079372 -9.296944E-02
 -7.773444E-02 -6.260347E-02 -4.623695E-02 -2.826488E-02 -1.085698E-02   6.29684E-03  2.322873E-02  3.993427E-02     0.0563753  7.249268E-02  8.625153E-02     0.0977905     0.1090476     0.1181701     0.1253186      0.132308     0.1391296     0.1457749     0.1522265     0.1584468
     0.1658292     0.1764409     0.1876286     0.1984234     0.2085455     0.2177629     0.2262657     0.2419151     0.2683495     0.2901517             0
             0    -0.3394178    -0.3298476    -0.3216925    -0.3150848    -0.3072686    -0.2981559    -0.2890037    -0.2818228     -0.275732    -0.2692939    -0.2608128    -0.2480371    -0.2321177    -0.2149715    -0.1967533    -0.1776214    -0.1576094    -0.1368164    -0.1153895
 -9.355114E-02 -7.185797E-02 -4.841337E-02    -0.0227212  2.090333E-03  2.644017E-02  5.034239E-02  7.375292E-02  9.657411E-02     0.1186739     0.1372495     0.1526102     0.1673508     0.1790708      0.188125     0.1968411     0.2052057      0.213207     0.2208251     0.2280188
     0.2363686     0.2479127     0.2594815     0.2699681     0.2792094     0.2870571     0.2937766     0.3051916     0.3197373     0.3239945             0
             0     -0.416481    -0.4105287     -0.403954    -0.3980727    -0.3905014     -0.380988    -0.3707888    -0.3624397    -0.3551779     -0.347326    -0.3367707    -0.3204511    -0.2995581    -0.2766283    -0.2519623    -0.2258839    -0.1985162    -0.1700494    -0.1407173
    -0.1108391 -8.117931E-02 -4.915789E-02 -1.404256E-02  1.991295E-02  5.329087E-02  8.610404E-02     0.1182656     0.1495874      0.179802     0.2049871     0.2255974     0.2450821     0.2602589     0.2717825     0.2826492     0.2928271     0.3022917     0.3110166     0.3189599
     0.3278076     0.3391366     0.3492901     0.3571936     0.3630244     0.3669195     0.3692983     0.3715917     0.3665643     0.3503002             0
             0    -0.4790726    -0.4815376    -0.4799639      -0.47723    -0.4723135     -0.464592    -0.4548663    -0.4461407    -0.4381659    -0.4291769    -0.4166712    -0.3965544    -0.3699075    -0.3401669    -0.3079891    -0.2740548      -0.23866    -0.2021143    -0.1647218
    -0.1268491 -8.939552E-02 -4.904061E-02 -4.704889E-03  3.837638E-02  8.105298E-02     0.1234372     0.1654838      0.206963     0.2474591     0.2815051     0.3094136     0.3356737     0.3558404     0.3709007     0.3847669     0.3973332     0.4085196     0.4182676     0.4265331
     0.4349501     0.4437916     0.4492035     0.4506904     0.4493359     0.4459258     0.4411151      0.429689     0.4017519     0.3675684             0
             0    -0.5267847     -0.541546    -0.5487306    -0.5521786    -0.5533279    -0.5507962    -0.5439464     -0.535962    -0.5277727    -0.5177261    -0.5028726    -0.4775552    -0.4428801    -0.4040522     -0.362487    -0.3194537    -0.2754254    -0.2307545    -0.1857028
     -0.140559 -9.621633E-02 -4.858476E-02  3.860294E-03  5.518439E-02     0.1066462     0.1586484     0.2114174     0.2649371     0.3188863     0.3658197     0.4052265     0.4430197     0.4722818     0.4940095     0.5136315      0.530728     0.5449409     0.5560204     0.5638762
     0.5697819     0.5707493     0.5641331     0.5518906     0.5371849     0.5218925     0.5067164       0.47758     0.4267931     0.3786227             0
             0    -0.5547379    -0.5811687    -0.5986083    -0.6103619    -0.6211064    -0.6285607    -0.6289341    -0.6238683    -0.6162916    -0.6049303    -0.5862652    -0.5524056    -0.5060822    -0.4558777    -0.4040989    -0.3523664    -0.3009654    -0.2499851    -0.1994245
    -0.1493429    -0.1004925 -4.817677E-02  9.523937E-03  6.635443E-02     0.1240029      0.183299     0.2450027     0.3097653     0.3780712     0.4410405     0.4967151     0.5532326     0.5995413      0.634979     0.6675169     0.6955457     0.7173104     0.7312739     0.7367756
     0.7342007     0.7136932     0.6806844     0.6441648     0.6097772     0.5797016     0.5534313      0.507803     0.4406274     0.3842667             0
             0    -0.5675989    -0.6007295    -0.6250522    -0.6431772    -0.6626675    -0.6815631    -0.6932833    -0.6945603    -0.6890653    -0.6753002    -0.6498802    -0.6040544    -0.5454952    -0.4857031    -0.4266339     -0.369419    -0.3137844    -0.2594215    -0.2060514
     -0.153538    -0.1025153 -4.796368E-02     0.0122536     0.0717635     0.1325108      0.195619     0.2622699     0.3337525     0.4115477     0.4866108       0.55624      0.631488     0.6982672     0.7526202      0.805898     0.8545764     0.8931947     0.9146377     0.9131847
     0.8905205     0.8321113     0.7641777     0.7027728     0.6516705     0.6108451     0.5774276     0.5222306     0.4468154     0.3867043             0
             0    -0.5747948    -0.6121114    -0.6411648    -0.6641251    -0.6912678    -0.7226503    -0.7520579    -0.7687427    -0.7711952    -0.7493007    -0.7082388    -0.6443689    -0.5728626    -0.5049397    -0.4405013     -0.379601    -0.3212888    -0.2648735    -0.2098465
    -0.1559262    -0.1036614 -4.783806E-02  1.381292E-02  7.486206E-02     0.1374169     0.2027991     0.2724957     0.3482988      0.432574      0.516631     0.5976539     0.6901748      0.779153     0.8572287     0.9415209      1.028616      1.108907      1.159412      1.130197
      1.057139     0.9373371     0.8279672     0.7431532     0.6785148     0.6298932     0.5916792     0.5304556     0.4502286     0.3880263             0
             0    -0.5785022    -0.6181411    -0.6500322    -0.6761897    -0.7092416    -0.7532059     -0.810392    -0.8704864    -0.9168974    -0.8509492    -0.7663546    -0.6745162    -0.5901833    -0.5161027    -0.4481825    -0.3850949    -0.3252753    -0.2677417    -0.2118306
    -0.1571697    -0.1042564 -4.777136E-02  1.462632E-02     0.0764816     0.1399927     0.2065972     0.2779677     0.3562234     0.4443591     0.5341825     0.6231863     0.7293867     0.8393016     0.9440417      1.071936      1.232333      1.438749      1.709302      1.464254
      1.241497      1.025377     0.8719345      0.767984     0.6938878     0.6403662     0.5993337     0.5347456     0.4519709      0.388694             0
