 51            10 
             0    -0.2561856    -0.2471201    -0.2399478    -0.2342982    -0.2277885    -0.2204261    -0.2132471    -0.2077311    -0.2031145    -0.1982972    -0.1920294    -0.1827511    -0.1714168    -0.1594025    -0.1467666    -0.1335707    -0.1198775    -0.1057585 -9.130158E-02
 -7.664149E-02 -6.243685E-02 -5.032584E-02 -3.015982E-02 -1.174954E-02  5.781737E-03  2.278952E-02  3.939915E-02  5.563456E-02  7.147545E-02  8.495722E-02  9.624744E-02     0.1072531     0.1161724     0.1231672      0.130017     0.1367179     0.1432665       0.14966     0.1558964
     0.1634938     0.1737111     0.1847413     0.1951179     0.2048333     0.2138812     0.2222648     0.2377227     0.2640243     0.2827924             0
             0    -0.2612931    -0.2521765     -0.244933    -0.2392295    -0.2326594    -0.2252171     -0.217943    -0.2123425    -0.2076484    -0.2027429    -0.1963505    -0.1868667    -0.1752525    -0.1629212    -0.1499473    -0.1364015    -0.1223308    -0.1077978 -9.289293E-02
 -7.776422E-02 -6.311308E-02 -4.541937E-02 -2.755264E-02 -1.008015E-02  7.235058E-03  2.433922E-02  4.117896E-02  5.769907E-02  7.384125E-02  8.758265E-02  9.908587E-02     0.1102901     0.1193587     0.1264626     0.1334098     0.1401949     0.1468134     0.1532619     0.1595386
     0.1671727     0.1774496     0.1885345     0.1989661      0.208727      0.217766     0.2261026     0.2414161     0.2672553     0.2884297             0
             0    -0.3391638    -0.3295838    -0.3214393    -0.3148264    -0.3069807    -0.2978397    -0.2886657    -0.2814709    -0.2753707     -0.268926    -0.2604415    -0.2476755     -0.231785    -0.2146857    -0.1965026    -0.1773619    -0.1573587    -0.1366103    -0.1152725
 -9.358072E-02 -7.256183E-02 -4.718088E-02 -2.159782E-02  3.351589E-03  2.797765E-02  5.216951E-02  7.581192E-02  9.878183E-02     0.1209474     0.1395191     0.1548424     0.1695165     0.1811621     0.1901515     0.1988021     0.2071043     0.2150504     0.2226353     0.2298572
      0.238436     0.2495503     0.2608921     0.2709274     0.2797192     0.2872961       0.29376      0.304673     0.3183538     0.3220478             0
             0    -0.4160813     -0.410047    -0.4034311    -0.3975157     -0.389884    -0.3803116     -0.370068    -0.3616932    -0.3544155     -0.346554    -0.3359971    -0.3197026    -0.2988751    -0.2760417    -0.2514621    -0.2254033    -0.1980716    -0.1696821    -0.1404784
    -0.1107916 -8.201578E-02 -4.720822E-02 -1.211176E-02     0.0221575  5.604087E-02  8.938391E-02     0.1220016     0.1536679     0.1841097     0.2093999     0.2300439     0.2495084     0.2646281     0.2760893     0.2868821     0.2969786     0.3063574     0.3150056      0.322919
     0.3319024     0.3426495     0.3523067     0.3595717     0.3647757     0.3681832        0.3701     0.3715177     0.3650657     0.3481501             0
             0    -0.4784462    -0.4806208     -0.478835    -0.4759638    -0.4708794    -0.4629933    -0.4531504     -0.444366    -0.4363613    -0.4273624    -0.4148729    -0.3948441    -0.3683844    -0.3388834    -0.3069415    -0.2731294    -0.2378549    -0.2014613    -0.1642652
    -0.1266419 -9.026965E-02 -4.624067E-02 -1.777247E-03  4.185435E-02  8.534184E-02     0.1285954     0.1714468     0.2136136     0.2546637     0.2890755     0.3172158     0.3436196     0.3638299     0.3788869     0.3927158     0.4052135     0.4162994     0.4259217     0.4340638
     0.4424182     0.4504889     0.4549408     0.4554988     0.4532411     0.4489696     0.4433506     0.4304464     0.4003136     0.3652962             0
             0    -0.5258741    -0.5399327     -0.546499    -0.5495245    -0.5501786    -0.5471382     -0.539925    -0.5317757    -0.5235206    -0.5134819    -0.4987321    -0.4737414    -0.4396336    -0.4014326    -0.3604673    -0.3178047    -0.2740805    -0.2297029     -0.184957
    -0.1401428 -9.706468E-02 -4.496679E-02   7.75613E-03  5.987278E-02     0.1124707      0.165728     0.2197307     0.2744002      0.329387     0.3771117        0.4171     0.4553536     0.4848788     0.5067487     0.5264438     0.5435427     0.5576735     0.5685729     0.5761449
     0.5815777      0.581604     0.5733106     0.5597751      0.543835      0.527152     0.5106961      0.479306     0.4254854     0.3762802             0
             0    -0.5535855    -0.5787989    -0.5949751     -0.605758    -0.6152613    -0.6212786    -0.6204891    -0.6148772    -0.6071163    -0.5958678    -0.5776757    -0.5449488    -0.5001781    -0.4514161    -0.4008767    -0.3499116    -0.2990732    -0.2485604    -0.1984251
    -0.1487522    -0.1012977 -4.400896E-02  1.406945E-02  7.186172E-02     0.1308849     0.1917361     0.2550308     0.3213578     0.3911718     0.4553841     0.5120397      0.569413     0.6162974     0.6521129     0.6849396     0.7131521     0.7349364      0.748658     0.7535285
      0.749521     0.7280806     0.6926194     0.6545737     0.6187864     0.5868056     0.5588151     0.5102574     0.4394277     0.3818917             0
             0    -0.5663158    -0.5978889    -0.6204315    -0.6370583    -0.6544303    -0.6704869    -0.6793375     -0.678958    -0.6728919    -0.6596221    -0.6357836    -0.5928112     -0.537254     -0.479823    -0.4225783    -0.3664513     -0.311566    -0.2577854    -0.2049137
    -0.1528549    -0.1032946 -4.353017E-02  1.711232E-02  7.766701E-02      0.139909     0.2047272     0.2731593     0.3464353     0.4260108     0.5025948     0.5734706     0.6498792     0.7175567     0.7726246     0.8266536     0.8761331     0.9154463     0.9369565     0.9339188
     0.9075844     0.8480385     0.7773066     0.7143877      0.661962     0.6189372     0.5835482     0.5250525     0.4456708     0.3843158             0
             0    -0.5734326    -0.6089637    -0.6358477    -0.6568551     -0.680982    -0.7076746    -0.7309327    -0.7429026    -0.7436762    -0.7233835     -0.686963    -0.6292415    -0.5626243    -0.4979841    -0.4358621    -0.3762937    -0.3188628    -0.2631065    -0.2086249
     -0.155188    -0.1044246    -0.0432527  1.885038E-02     0.0809921     0.1451113      0.212295     0.2838868     0.3616232     0.4478497     0.5336108     0.6160731     0.7100298     0.8003416     0.8797836     0.9660959      1.056409      1.141511      1.196978      1.160484
      1.076651     0.9538152     0.8415801     0.7553663     0.6895794     0.6385799     0.5982384     0.5334919     0.4491162     0.3856306             0
             0    -0.5770971    -0.6148176     -0.644289    -0.6681587    -0.6973964    -0.7344736    -0.7798406    -0.8286282    -0.8756363    -0.8090143    -0.7356554    -0.6556469    -0.5784239    -0.5084357    -0.4431876    -0.3815908    -0.3227327    -0.2659027    -0.2105636
     -0.156402    -0.1050108 -4.310681E-02  1.975691E-02  8.272979E-02     0.1478422     0.2162967     0.2896237     0.3698892     0.4600714     0.5517073     0.6422815     0.7501692     0.8620135     0.9693302        1.1024       1.27451      1.509904        1.8684      1.532719
      1.268369      1.041981     0.8856426     0.7804184      0.705367     0.6493737     0.6061279     0.5378951     0.4508756     0.3862947             0
