 51            10 
             0    -0.2563904    -0.2473129    -0.2401318    -0.2344802    -0.2279736     -0.220615    -0.2134386    -0.2079237    -0.2033073    -0.1984895    -0.1922196    -0.1829352    -0.1715895    -0.1595605    -0.1469111    -0.1337044    -0.1199897    -0.1058224 -9.125827E-02
 -7.632893E-02    -0.0609465    -0.0444267 -2.781739E-02 -1.118359E-02     0.0053981  2.186024E-02  3.815039E-02     0.0542152     0.0699978  8.351015E-02  9.487486E-02     0.1060023     0.1150634     0.1221944      0.129205     0.1360943     0.1428639     0.1495165     0.1560557
     0.1640927     0.1745861     0.1857475     0.1960906     0.2055755      0.214534     0.2229271       0.23854     0.2655181     0.2884059             0
             0    -0.2616452    -0.2525301    -0.2452414    -0.2395353    -0.2330225    -0.2256264    -0.2183867     -0.212809    -0.2081312    -0.2032385    -0.1968542    -0.1873559    -0.1757018    -0.1632948    -0.1502681    -0.1367685    -0.1226999    -0.1081012 -9.303877E-02
 -7.757336E-02 -6.167754E-02 -4.491674E-02 -2.795096E-02 -1.089694E-02  6.055498E-03  2.280602E-02     0.0393896  5.576735E-02  7.186744E-02  8.563527E-02  9.719523E-02     0.1084886     0.1176565     0.1248467     0.1318737     0.1387326     0.1454425     0.1520177     0.1584729
     0.1664161     0.1768961      0.188156       0.19872     0.2084824     0.2176509      0.226158     0.2418628     0.2683916     0.2902944             0
             0    -0.3396561    -0.3301089    -0.3219342    -0.3153302    -0.3075658     -0.298494    -0.2893734    -0.2822139    -0.2761388    -0.2697135    -0.2612413    -0.2484541    -0.2325003    -0.2152825    -0.1970096    -0.1779203      -0.15791    -0.1370633    -0.1155019
 -9.333906E-02 -7.056285E-02 -4.658313E-02 -2.234683E-02  1.951463E-03  2.601049E-02  4.965215E-02     0.0728874  9.561671E-02     0.1176895     0.1362749     0.1516616     0.1664481     0.1782251     0.1873313     0.1960935     0.2045012     0.2125756     0.2203325     0.2277884
     0.2367604     0.2481879       0.25982      0.270126     0.2790547     0.2868857     0.2936351      0.305146     0.3198496     0.3241728             0
             0    -0.4168862    -0.4110494    -0.4045252    -0.3986805    -0.3912003    -0.3817686    -0.3716318     -0.363321    -0.3560847     -0.348251    -0.3377046    -0.3213552    -0.3003798    -0.2773121    -0.2525168    -0.2264566    -0.1990609    -0.1704996    -0.1409724
    -0.1106521 -7.953161E-02 -4.681733E-02 -1.372011E-02     0.0195042  5.245129E-02  8.486596E-02      0.116738     0.1478785     0.1779972     0.2031443     0.2237484     0.2432577     0.2584858      0.270063     0.2809811     0.2912068     0.3007547     0.3096363     0.3178681
      0.327379     0.3386907     0.3489312     0.3568324     0.3625395     0.3665138     0.3689879      0.371469     0.3667174     0.3505087             0
             0    -0.4797521    -0.4825978    -0.4813043    -0.4787292    -0.4740383    -0.4665361    -0.4569689    -0.4483265    -0.4403975    -0.4314296    -0.4189134    -0.3986889    -0.3717992    -0.3417359    -0.3092188    -0.2751866    -0.2396624    -0.2029272    -0.1652407
    -0.1267889    -0.0875043    -0.0463242 -4.570284E-03  3.754001E-02  7.960393E-02     0.1213835       0.16293     0.2040114      0.244185     0.2779828     0.3057035     0.3318163     0.3519123     0.3669456     0.3808013     0.3933643      0.404604     0.4145027     0.4230675
     0.4321559     0.4413198     0.4470153     0.4490193     0.4480469     0.4449697     0.4404162     0.4293864       0.40191     0.3677961             0
             0    -0.5278157    -0.5434836    -0.5514924    -0.5554455    -0.5572324    -0.5553638      -0.54899    -0.5412264    -0.5331318    -0.5230883    -0.5081195    -0.4823955    -0.4469795    -0.4073341    -0.3649295    -0.3215009    -0.2771161    -0.2320758    -0.1865789
    -0.1406972 -9.418446E-02 -4.562261E-02  3.735696E-03  5.384852E-02     0.1044781     0.1555898     0.2075085     0.2601927      0.313262     0.3593277     0.3979321     0.4349004     0.4635144     0.4847753     0.5039951     0.5207494     0.5347753     0.5458851     0.5540246
     0.5606226     0.5630677      0.557656     0.5473577     0.5342703     0.5199141     0.5053473     0.4770111     0.4269344      0.378862             0
             0    -0.5560712    -0.5840669    -0.6031937    -0.6161293    -0.6284484    -0.6377254    -0.6395249    -0.6351048    -0.6277537    -0.6162907    -0.5971113    -0.5618948    -0.5135782    -0.4615261    -0.4080465    -0.3554362    -0.3033564    -0.2517845    -0.2006179
    -0.1496607 -9.840629E-02 -4.509518E-02  9.186616E-03  6.462759E-02     0.1212502     0.1793692     0.2398119     0.3031294     0.3696263     0.4304838     0.4839158     0.5377328     0.5814795        0.6148     0.6452704     0.6714066     0.6918035     0.7052001     0.7110112
     0.7095898     0.6944379     0.6660033     0.6347472     0.6044192     0.5763675     0.5512623     0.5069767     0.4407484     0.3845116             0
             0    -0.5690963    -0.6042278    -0.6309275    -0.6508832    -0.6730093    -0.6953073    -0.7100472    -0.7127864    -0.7078009    -0.6936622      -0.66692    -0.6181257    -0.5559124      -0.49316     -0.431621    -0.3731391    -0.3165931    -0.2614923    -0.2074185
    -0.1539534    -0.1004105 -4.483265E-02  1.180552E-02  6.983448E-02      0.129448     0.1912084      0.256331     0.3259262     0.4011451      0.472895     0.5386698     0.6087361      0.669889     0.7190833     0.7667395     0.8097593     0.8437878     0.8630171     0.8624792
     0.8431488     0.7979408     0.7407677     0.6887942     0.6443186     0.6065243     0.5747249     0.5212551     0.4469247     0.3869515             0
             0    -0.5763915    -0.6160017    -0.6479496    -0.6732876    -0.7040775    -0.7406093    -0.7751908    -0.7949579    -0.7995489     -0.775657    -0.7316541    -0.6626387    -0.5856655     -0.513746    -0.4462117    -0.3837507    -0.3243634    -0.2671124    -0.2113192
    -0.1564005    -0.1015482 -4.468092E-02  1.329936E-02  7.281362E-02     0.1341682     0.1980944     0.2660848     0.3396884     0.4208041     0.5005414     0.5762142     0.6609445     0.7405292      0.809172     0.8820354     0.9562079      1.024393      1.068081      1.042874
     0.9797968     0.8861861     0.7962548     0.7252792      0.669623     0.6248668     0.5886147     0.5293865     0.4503308     0.3882746             0
             0    -0.5801528    -0.6222559    -0.6573715    -0.6862937    -0.7237943    -0.7745194    -0.8396946    -0.9104983    -0.9958175    -0.8911037    -0.7959393    -0.6961192    -0.6046623     -0.525777    -0.4543296     -0.389493    -0.3284991     -0.270073    -0.2133606
    -0.1576759    -0.1021394 -4.460128E-02  1.407788E-02  7.436953E-02     0.1366442     0.2017318     0.2712931     0.3471607     0.4317623     0.5165637     0.5990701     0.6952236     0.7919278     0.8822049     0.9905066      1.125249      1.301773      1.547795       1.32241
      1.127896     0.9571364     0.8334328     0.7472683     0.6839792     0.6349051     0.5960564     0.5336246     0.4520692     0.3889429             0
