 51            10 
             0     0.0389158  3.910472E-02  3.922188E-02  3.930732E-02  3.939993E-02  3.949951E-02  3.959255E-02  3.966206E-02  3.971927E-02  3.977803E-02  3.985339E-02  3.996276E-02  4.009338E-02     0.0402293  4.037015E-02  4.051557E-02  4.066516E-02  4.081852E-02  4.097524E-02
  4.113487E-02  4.129698E-02  4.146112E-02  4.162684E-02  4.179367E-02  4.196115E-02  4.212882E-02  4.229622E-02  4.246287E-02  4.262834E-02  4.277169E-02  4.289342E-02  4.301384E-02  4.311293E-02  4.319147E-02  4.326924E-02  4.334616E-02  4.342221E-02  4.349732E-02  4.357146E-02
  4.366285E-02  4.378795E-02  4.392628E-02  4.405963E-02  4.418768E-02  4.431013E-02     0.0444267  4.464752E-02  4.505455E-02  4.541669E-02             0
             0  3.891212E-02  3.910123E-02  3.921853E-02  3.930409E-02  3.939682E-02  3.949655E-02  3.958973E-02  3.965935E-02  3.971665E-02  3.977551E-02  3.985099E-02  3.996055E-02     0.0400914  4.022756E-02  4.036866E-02  4.051434E-02     0.0406642  4.081785E-02  4.097484E-02
  4.113477E-02  4.129717E-02  4.146161E-02  4.162763E-02  4.179475E-02  4.196252E-02  4.213046E-02  4.229813E-02  4.246505E-02  4.263076E-02  4.277432E-02  4.289622E-02  4.301679E-02  4.311601E-02  4.319465E-02     0.0432725  4.334952E-02  4.342565E-02  4.350084E-02  4.357505E-02
  4.366653E-02  4.379173E-02  4.393017E-02  4.406362E-02  4.419174E-02  4.431425E-02  4.443086E-02  4.465173E-02  4.505874E-02  4.542058E-02             0
             0  3.885563E-02  3.904752E-02  3.916701E-02  3.925429E-02  3.934902E-02      0.039451  3.954638E-02     0.0396177  3.967642E-02  3.973676E-02  3.981416E-02  3.992657E-02     0.0400609  4.020074E-02  4.034572E-02  4.049545E-02  4.064951E-02  4.080748E-02  4.096891E-02
  4.113333E-02  4.130028E-02  4.146927E-02  4.163983E-02  4.181145E-02  4.198364E-02  4.215591E-02  4.232775E-02     0.0424987  4.266825E-02  4.281497E-02  4.293946E-02  4.306249E-02  4.316363E-02  4.324374E-02      0.043323  4.340136E-02  4.347876E-02  4.355515E-02  4.363049E-02
  4.372329E-02  4.385016E-02  4.399022E-02  4.412502E-02  4.425424E-02  4.437759E-02  4.449481E-02  4.471648E-02  4.512289E-02  4.547992E-02             0
             0     0.0388151  3.900884E-02  3.912981E-02  3.921828E-02  3.931439E-02  3.941795E-02  3.951488E-02     0.0395874  3.964713E-02  3.970852E-02  3.978731E-02  3.990177E-02  4.003862E-02  4.018115E-02  4.032897E-02  4.048168E-02  4.063885E-02  4.080002E-02  4.096474E-02
  4.113251E-02  4.130286E-02  4.147526E-02  4.164923E-02  4.182422E-02  4.199973E-02  4.217524E-02  4.235023E-02  4.252418E-02     0.0426966  4.284567E-02  4.297208E-02     0.0430969  4.319945E-02  4.328063E-02     0.0433609     0.0434402     0.0435185  4.359573E-02  4.367185E-02
  4.376554E-02  4.389353E-02  4.403463E-02  4.417024E-02  4.430006E-02  4.442382E-02  4.454127E-02  4.476307E-02  4.516812E-02  4.552073E-02             0
             0  3.878993E-02  3.898473E-02  3.910658E-02  3.919575E-02  3.929269E-02     0.0393972  3.949508E-02  3.956834E-02  3.962869E-02  3.969074E-02  3.977038E-02  3.988611E-02  4.002455E-02  4.016877E-02  4.031839E-02  4.047299E-02  4.063212E-02  4.079534E-02  4.096216E-02
  4.113208E-02     0.0413046     0.0414792  4.165535E-02  4.183253E-02  4.201018E-02  4.218779E-02  4.236481E-02  4.254071E-02  4.271497E-02  4.286557E-02     0.0429932  4.311917E-02  4.322261E-02  4.330446E-02  4.338537E-02  4.346527E-02  4.354411E-02  4.362186E-02  4.369844E-02
  4.379268E-02     0.0439213  4.406297E-02      0.044199     0.0443291  4.445301E-02  4.457049E-02  4.479215E-02  4.519589E-02  4.554534E-02             0
             0  3.877441E-02  3.896983E-02  3.909219E-02  3.918177E-02     0.0392792  3.938429E-02  3.948274E-02  3.955645E-02  3.961718E-02  3.967963E-02     0.0397598  3.987633E-02  4.001574E-02  4.016102E-02  4.031176E-02  4.046755E-02  4.062792E-02  4.079242E-02  4.096056E-02
  4.113183E-02  4.130572E-02  4.148171E-02  4.165925E-02     0.0418378  4.201683E-02  4.219577E-02  4.237408E-02  4.255123E-02  4.272668E-02  4.287824E-02  4.300666E-02  4.313337E-02  4.323737E-02  4.331965E-02  4.340095E-02  4.348122E-02  4.356041E-02  4.363846E-02  4.371533E-02
  4.380988E-02  4.393888E-02  4.408086E-02     0.0442171  4.434732E-02  4.447126E-02     0.0445887  4.481016E-02  4.521288E-02  4.556023E-02             0
             0  3.876668E-02  3.896238E-02  3.908499E-02  3.917477E-02  3.927244E-02     0.0393778  3.947654E-02  3.955047E-02  3.961139E-02  3.967404E-02  3.975447E-02  3.987139E-02     0.0400113  4.015711E-02  4.030842E-02     0.0404648     0.0406258  4.079095E-02  4.095975E-02
  4.113171E-02     0.0413063  4.148299E-02  4.166123E-02  4.184049E-02  4.202021E-02  4.219983E-02  4.237881E-02     0.0425566  4.273265E-02  4.288472E-02  4.301354E-02  4.314062E-02  4.324491E-02  4.332741E-02  4.340891E-02  4.348937E-02  4.356873E-02  4.364694E-02  4.372394E-02
  4.381865E-02  4.394782E-02  4.408994E-02  4.422627E-02  4.435652E-02  4.448045E-02  4.459785E-02  4.481917E-02     0.0452213  4.556756E-02             0
             0  3.876338E-02     0.0389592     0.0390819  3.917177E-02  3.926954E-02  3.937502E-02  3.947388E-02  3.954791E-02     0.0396089  3.967164E-02  3.975218E-02  3.986927E-02  4.000939E-02  4.015543E-02  4.030698E-02  4.046362E-02  4.062489E-02  4.079032E-02  4.095941E-02
  4.113166E-02  4.130655E-02  4.148354E-02  4.166209E-02  4.184165E-02  4.202167E-02  4.220158E-02  4.238085E-02  4.255891E-02  4.273523E-02  4.288752E-02  4.301651E-02  4.314376E-02  4.324817E-02  4.333076E-02  4.341235E-02  4.349289E-02  4.357233E-02     0.0436506  4.372767E-02
  4.382244E-02  4.395168E-02  4.409386E-02  4.423022E-02  4.436048E-02  4.448441E-02  4.460178E-02  4.482302E-02  4.522489E-02  4.557068E-02             0
             0     0.0387616  3.895748E-02  3.908024E-02  3.917015E-02  3.926797E-02  3.937352E-02  3.947244E-02  3.954652E-02  3.960756E-02  3.967034E-02  3.975094E-02  3.986813E-02  4.000836E-02  4.015452E-02  4.030621E-02  4.046298E-02     0.0406244  4.078998E-02  4.095922E-02
  4.113163E-02  4.130669E-02  4.148384E-02  4.166255E-02  4.184227E-02  4.202246E-02  4.220253E-02  4.238195E-02  4.256017E-02  4.273663E-02  4.288904E-02  4.301812E-02  4.314546E-02  4.324995E-02  4.333259E-02  4.341422E-02  4.349481E-02  4.357428E-02  4.365259E-02  4.372969E-02
  4.382449E-02  4.395377E-02  4.409598E-02  4.423235E-02  4.436262E-02  4.448654E-02     0.0446039     0.0448251  4.522683E-02  4.557236E-02             0
             0     0.0387607  3.895661E-02     0.0390794  3.916933E-02  3.926718E-02  3.937276E-02  3.947172E-02  3.954582E-02  3.960688E-02  3.966968E-02  3.975032E-02  3.986755E-02  4.000784E-02  4.015406E-02  4.030582E-02  4.046266E-02  4.062415E-02  4.078981E-02  4.095913E-02
  4.113162E-02  4.130675E-02  4.148399E-02  4.166279E-02  4.184259E-02  4.202285E-02  4.220301E-02  4.238251E-02     0.0425608  4.273734E-02     0.0428898  4.301894E-02  4.314633E-02  4.325084E-02  4.333351E-02  4.341517E-02  4.349577E-02  4.357527E-02     0.0436536  4.373071E-02
  4.382553E-02  4.395483E-02  4.409705E-02  4.423343E-02     0.0443637  4.448762E-02  4.460497E-02  4.482615E-02     0.0452278     0.0455732             0
