 51            10 
             0    -0.1153587    -0.1190696    -0.1168256    -0.1143598    -0.1110963    -0.1071489    -0.1031641    -0.1000562 -9.743746E-02 -9.469142E-02 -9.110554E-02 -8.577774E-02 -7.924923E-02 -7.231333E-02 -6.500186E-02 -5.734576E-02 -4.937419E-02 -4.111297E-02 -3.258151E-02
 -2.378707E-02    -0.0147165 -5.337002E-03  4.219269E-03      0.013854  2.349096E-02  3.306853E-02  4.253499E-02  5.184562E-02  6.096099E-02  6.873532E-02  7.525404E-02  8.161569E-02  8.677711E-02      0.090828  9.479799E-02  9.868467E-02     0.1024858     0.1061995      0.109824
     0.1142412     0.1201828     0.1265968      0.132629     0.1382769     0.1435401     0.1484195     0.1574149     0.1725427     0.1792252             0
             0    -0.1176991    -0.1215559    -0.1193109    -0.1168262    -0.1135277    -0.1095291    -0.1054849    -0.1023265    -0.0996628 -9.686729E-02 -9.321386E-02 -8.777954E-02 -8.111168E-02 -7.402025E-02 -6.653882E-02 -5.869976E-02 -5.053303E-02 -4.206546E-02 -3.331827E-02
 -2.430157E-02 -1.500551E-02 -5.399397E-03  4.384593E-03  1.424574E-02  2.410552E-02  3.390006E-02  4.357549E-02  5.308492E-02  6.238669E-02     0.0703114  7.694979E-02  8.342111E-02  8.866499E-02  9.277689E-02  9.680278E-02     0.1007402     0.1045868     0.1083407     0.1120002
     0.1164547     0.1224353     0.1288745      0.134914     0.1405528     0.1457917     0.1506338     0.1595322     0.1743468     0.1804889             0
             0    -0.1543438    -0.1606918     -0.158513     -0.155761     -0.151908    -0.1470753    -0.1420557    -0.1380677    -0.1346693    -0.1310679    -0.1263186    -0.1191664    -0.1102637    -0.1006816 -9.047377E-02 -7.969572E-02 -6.840114E-02 -5.663985E-02 -4.445354E-02
 -3.186738E-02    -0.0188776 -5.450891E-03  8.209494E-03  2.194459E-02  3.562576E-02  4.914343E-02  6.239992E-02  7.530519E-02  8.777481E-02  9.823523E-02     0.1068758     0.1151626     0.1217526     0.1268482      0.131762     0.1364893     0.1410264     0.1453708     0.1495207
     0.1544641     0.1608739     0.1674325     0.1732508     0.1783652     0.1828191     0.1866596     0.1932096     0.2015418     0.1979393             0
             0     -0.190012    -0.2005708    -0.1995348    -0.1972356    -0.1935024    -0.1884163    -0.1828116    -0.1781974    -0.1741837    -0.1698512    -0.1640432    -0.1551089    -0.1437346    -0.1312882    -0.1178752    -0.1036049 -8.858018E-02 -7.289085E-02    -0.0566063
 -3.976402E-02 -2.235414E-02 -4.322617E-03  1.405442E-02  3.256393E-02  5.103157E-02  6.930153E-02  8.722257E-02     0.1046391     0.1213864     0.1353031     0.1466703     0.1574026     0.1657599     0.1721106     0.1781106     0.1837469     0.1890101     0.1938941     0.1983967
     0.2035502     0.2097857     0.2154927     0.2199072     0.2231809      0.225475      0.226946     0.2285278     0.2262417     0.2114087             0
             0    -0.2184573    -0.2345568    -0.2358653    -0.2349058    -0.2321925    -0.2276872    -0.2221026    -0.2172039    -0.2127947    -0.2078959    -0.2011676    -0.1905136    -0.1765846    -0.1611054    -0.1443019    -0.1263924    -0.1075641 -8.796158E-02 -6.767786E-02
 -4.674382E-02 -2.511305E-02 -2.672046E-03  2.027443E-02  4.350895E-02  6.686129E-02  9.017387E-02     0.1132741     0.1359521     0.1579428     0.1762947      0.191259      0.205277     0.2160155     0.2240378     0.2314436     0.2381925     0.2442535     0.2496075     0.2542487
     0.2591688     0.2642747     0.2676578     0.2690003     0.2687449     0.2673056     0.2650353     0.2593904      0.244804     0.2202313             0
             0    -0.2397077    -0.2620332    -0.2667084    -0.2679404    -0.2671973    -0.2642064    -0.2593152    -0.2544802    -0.2498707    -0.2445134     -0.236895    -0.2243784    -0.2075678    -0.1887118    -0.1682692    -0.1466317    -0.1240933    -0.1008447 -7.697733E-02
 -5.248081E-02 -2.723379E-02 -1.021843E-03  2.588032E-02  5.331527E-02  8.118855E-02     0.1094204     0.1379018     0.1664497     0.1947561     0.2188881     0.2388137     0.2576042     0.2719479     0.2825435     0.2921195      0.300548     0.3077251     0.3135835     0.3181016
     0.3221087     0.3245153     0.3232471     0.3191233     0.3132052     0.3063288     0.2990861     0.2846269     0.2580073     0.2258738             0
             0    -0.2519006    -0.2791846    -0.2871571    -0.2907927    -0.2925074    -0.2917324     -0.288174    -0.2837594    -0.2791485    -0.2734355    -0.2649484    -0.2504625     -0.230687    -0.2085967    -0.1849447    -0.1602763    -0.1349372    -0.1091077 -8.283223E-02
 -5.603116E-02 -2.849617E-02  8.897336E-05  2.950881E-02  5.969249E-02  9.065606E-02     0.1224527     0.1551256     0.1886519     0.2228637     0.2530227     0.2785942     0.3033305      0.322586     0.3368795     0.3497165     0.3607388      0.369618      0.376114     0.3801393
     0.3822093     0.3797218     0.3712074     0.3596671     0.3469897     0.3343431     0.3223634     0.3003092     0.2652892     0.2287533             0
             0    -0.2574481    -0.2873531    -0.2972909    -0.3024857    -0.3059717     -0.307022    -0.3047757    -0.3008795    -0.2963649    -0.2903964     -0.281191    -0.2651086    -0.2431717    -0.2189597    -0.1933817    -0.1670193    -0.1401997    -0.1130631 -8.560641E-02
 -5.769967E-02 -2.908098E-02  6.242119E-04  3.123849E-02     0.0627444  9.522816E-02     0.1288338     0.1637224     0.2000217     0.2377505     0.2718211     0.3013664     0.3307101     0.3542237     0.3719926     0.3881637     0.4020655     0.4129657     0.4202141     0.4235019
     0.4230642     0.4151115     0.3998918     0.3824648     0.3650418     0.3487196     0.3339502     0.3077157     0.2685422     0.2299967             0
             0    -0.2605336    -0.2920083    -0.3032041    -0.3094535    -0.3142305     -0.316761    -0.3157613    -0.3124488     -0.308085     -0.301878    -0.2919786    -0.2744926    -0.2508893    -0.2251915    -0.1983536     -0.170935    -0.1432234    -0.1153186 -8.717969E-02
 -5.864202E-02 -2.940916E-02  9.294947E-04  3.222105E-02  6.448195E-02  9.784371E-02     0.1325112     0.1687286     0.2067396     0.2467249      0.283443     0.3158346     0.3487315     0.3758689     0.3968549     0.4164399     0.4336637     0.4472427     0.4556669     0.4577686
     0.4539403     0.4400247     0.4188268     0.3968116     0.3760154     0.3572438     0.3407013      0.311912     0.2703352     0.2306709             0
             0     -0.262117     -0.294437    -0.3063444    -0.3132196    -0.3188188    -0.3224057    -0.3224802       -0.3198    -0.3156498    -0.3091844    -0.2985963    -0.2799559     -0.255201    -0.2285808    -0.2010108    -0.1730037    -0.1448085    -0.1164945 -8.799692E-02
    -0.0591302 -2.957854E-02  1.088498E-03     0.0327317  6.538641E-02  9.920961E-02     0.1344413     0.1713752     0.2103284     0.2515931       0.28988     0.3240471     0.3593293     0.3891762      0.412835     0.4356761     0.4567126     0.4742796     0.4854532     0.4848354
     0.4759941     0.4559512     0.4300297     0.4049012     0.3820173     0.3618144     0.3442749      0.314091       0.27125     0.2310115             0
