 51            10 
             0    -0.2562429    -0.2471734    -0.2399989    -0.2343485    -0.2278386    -0.2204763    -0.2132972    -0.2077809     -0.203164    -0.1983463    -0.1920776    -0.1827977    -0.1714607    -0.1594433    -0.1468043    -0.1336055     -0.119908    -0.1057818 -9.131671E-02
 -7.664935E-02 -6.198127E-02 -4.511731E-02 -2.817004E-02 -1.123194E-02  5.613667E-03  2.229527E-02  3.874931E-02  5.491614E-02  7.073769E-02     0.0842297  9.554119E-02     0.1065777     0.1155286     0.1225513     0.1294313     0.1361644     0.1427472     0.1491773     0.1554531
     0.1631044     0.1734101      0.184563     0.1950818     0.2049537     0.2141606     0.2227006     0.2384626     0.2654063     0.2881227             0
             0    -0.2613733    -0.2522538    -0.2450047    -0.2393011    -0.2327362    -0.2252995    -0.2180295    -0.2124315     -0.207739    -0.2028344    -0.1964422    -0.1869559    -0.1753351    -0.1629943    -0.1500137    -0.1364687    -0.1223953     -0.107852 -9.292969E-02
    -0.0777766 -6.263062E-02 -4.553787E-02 -2.810304E-02 -1.071665E-02  6.517449E-03  2.354624E-02  4.032741E-02  5.681315E-02  7.294728E-02  8.670279E-02  9.822934E-02     0.1094653     0.1185647     0.1256939     0.1326658     0.1394739     0.1461128     0.1525782     0.1588688
      0.166521       0.17687     0.1880737     0.1986728     0.2086332     0.2178446     0.2263371     0.2419423     0.2683003     0.2900297             0
             0    -0.3392732    -0.3296944    -0.3215466    -0.3149354     -0.307098    -0.2979656    -0.2887982    -0.2816075    -0.2755098    -0.2690667    -0.2605826    -0.2478127    -0.2319118    -0.2147973    -0.1966026     -0.177461    -0.1574526    -0.1366887    -0.1153263
 -9.360203E-02 -7.188059E-02 -4.739073E-02 -2.245691E-02  2.335672E-03  2.681021E-02  5.085867E-02     0.0743832  9.727281E-02        0.1194     0.1379732     0.1533177     0.1680294     0.1797166     0.1887428     0.1974322     0.2057736     0.2137582       0.22138     0.2286371
     0.2372624     0.2484953     0.2600221     0.2702902     0.2793529     0.2871762     0.2938691     0.3052126     0.3196358     0.3238448             0
             0    -0.4162455    -0.4102369    -0.4036349    -0.3977316    -0.3901187    -0.3805652    -0.3703357    -0.3619686    -0.3546954    -0.3468363    -0.3362788    -0.3199749    -0.2991245    -0.2762593    -0.2516513    -0.2255805    -0.1982334    -0.1698173    -0.1405783
    -0.1108523 -8.113649E-02     -0.047651 -1.354168E-02  2.041647E-02  5.399541E-02  8.704393E-02     0.1194017     0.1508616     0.1811602     0.2063823     0.2270034     0.2464778     0.2616296     0.2731272     0.2839653     0.2941139     0.3035505     0.3122604     0.3202391
     0.3293117     0.3402425     0.3501957     0.3578024      0.363412       0.36722     0.3695237     0.3716746     0.3664345      0.350127             0
             0    -0.4786919    -0.4809633    -0.4792487    -0.4764257    -0.4713973    -0.4635659    -0.4537615    -0.4449958        -0.437    -0.4280032    -0.4155066    -0.3954465    -0.3689228    -0.3393415    -0.3073218     -0.273461    -0.2381414    -0.2016957     -0.164444
    -0.1267708 -8.923259E-02 -4.698645E-02 -3.878188E-03  3.925114E-02  8.223882E-02     0.1249975     0.1673924     0.2091703     0.2499206     0.2841597     0.3122127     0.3385894     0.3588231     0.3739197     0.3878051     0.4003725     0.4115371     0.4212438     0.4294733
     0.4379413     0.4462058     0.4510315     0.4520053     0.4503033     0.4466418     0.4416377     0.4299115     0.4016211     0.3673804             0
             0    -0.5262198    -0.5405161    -0.5472895    -0.5504625    -0.5512853    -0.5484169    -0.5413265    -0.5332322    -0.5249981    -0.5149546    -0.5001665    -0.4750617    -0.4407611    -0.4023479    -0.3611839    -0.3183858    -0.2745526    -0.2300746    -0.1852384
    -0.1403552 -9.590996E-02 -4.600359E-02  5.035051E-03  5.647175E-02     0.1083851      0.160958     0.2143245      0.268459     0.3230652     0.3706371     0.4106303     0.4490303     0.4787825     0.5008724     0.5208052     0.5381334     0.5524575       0.56349      0.571121
     0.5765355     0.5763742     0.5681274     0.5547273     0.5392992     0.5233639     0.5077407     0.4780049      0.426677      0.378426             0
             0    -0.5540155    -0.5796421    -0.5962415    -0.6073617    -0.6172922     -0.623808    -0.6234369    -0.6180324    -0.6103427    -0.5990426    -0.5806627    -0.5475228    -0.5022156    -0.4529605    -0.4020079    -0.3507696    -0.2997327      -0.24906    -0.1987954
    -0.1490317    -0.1000754 -4.523493E-02  1.095231E-02  6.795503E-02     0.1261828     0.1862469     0.2488386     0.3146507     0.3842784     0.4487802     0.5060858     0.5645918     0.6128354     0.6499074     0.6840665     0.7135309     0.7362713     0.7504232     0.7550605
     0.7500509     0.7262672      0.688876     0.6495416     0.6135849     0.5821611      0.555046     0.5084208     0.4405278     0.3840659             0
             0    -0.5667911    -0.5988933    -0.6220327    -0.6391815    -0.6572961    -0.6743929    -0.6844389    -0.6849269     -0.679266    -0.6656114     -0.640925    -0.5967581    -0.5401086    -0.4818553    -0.4239975    -0.3674856    -0.3123371    -0.2583574    -0.2053323
    -0.1531694    -0.1020415    -0.0448457  1.380888E-02  7.352426E-02     0.1349228      0.198917     0.2666449     0.3394924     0.4191615     0.4966336     0.5690951     0.6482443     0.7194472     0.7780393     0.8361892     0.8900093     0.9330667     0.9563709     0.9517835
     0.9209261     0.8535307      0.776891     0.7104416     0.6568403     0.6140192     0.5794343     0.5229594      0.446725     0.3865018             0
             0    -0.5739353    -0.6100731    -0.6376856    -0.6593778    -0.6845922    -0.7131563     -0.739612    -0.7556958     -0.760519    -0.7361972    -0.6956814    -0.6347585    -0.5662074    -0.5003918     -0.437484    -0.3774449    -0.3197049    -0.2637232    -0.2090727
    -0.1555233    -0.1031545 -4.461885E-02  1.544194E-02  7.671694E-02     0.1399674     0.2063107     0.2772101     0.3546011     0.4411728     0.5283847     0.6133884     0.7119302      0.808684     0.8952047     0.9908898      1.092874       1.19069       1.25496      1.210139
      1.110632     0.9689719     0.8450462     0.7527177     0.6847245     0.6335764     0.5939508     0.5312538     0.4501439     0.3878228             0
             0    -0.5776147    -0.6159871    -0.6462724    -0.6709519    -0.7016174    -0.7417942    -0.7956765    -0.8680629    -0.9915594     -0.848469    -0.7515291    -0.6629981    -0.5826064    -0.5110984     -0.444934    -0.3828099    -0.3236148     -0.266544    -0.2110272
    -0.1567484    -0.1037319 -4.449917E-02  1.629422E-02  7.838646E-02     0.1426176     0.2102252     0.2828715     0.3628505     0.4535561     0.5470645     0.6409621     0.7551403     0.8766403     0.9957377      1.146925      1.347375      1.627299      2.042299      1.651585
      1.333411      1.067875     0.8926832      0.778883     0.7007756     0.6443619     0.6017611     0.5355822     0.4518894     0.3884901             0
