 51            10 
             0    -0.2273281    -0.2205953    -0.2149151    -0.2103687    -0.2050732    -0.1990425    -0.1931363     -0.188588     -0.184777    -0.1807963    -0.1756122    -0.1679283    -0.1585236    -0.1497823     -0.141808    -0.1334144    -0.1209626    -0.1072071 -9.333507E-02
 -7.861736E-02    -0.0633944 -4.770792E-02    -0.0316555 -1.543271E-02  1.044831E-03     0.0177957  3.479196E-02  5.104644E-02  6.623728E-02  7.939059E-02  9.044246E-02     0.1012206     0.1099783      0.116892     0.1237538     0.1305875     0.1373888     0.1441866     0.1505586
     0.1579155     0.1682947     0.1795314     0.1899271     0.2000362     0.2097552     0.2189072     0.2361023     0.2640958     0.2876773             0
             0    -0.2304588    -0.2237232    -0.2180232    -0.2134554    -0.2081287    -0.2020546    -0.1960975    -0.1915046    -0.1876528    -0.1836258    -0.1783758      -0.17058    -0.1610101    -0.1520798    -0.1438746    -0.1351548    -0.1223692    -0.1082727 -9.403297E-02
 -7.889776E-02 -6.322183E-02 -4.706543E-02    -0.0305461    -0.0138649  3.052702E-03     0.0202155  3.760839E-02  5.422126E-02  6.975317E-02  8.321055E-02  9.452345E-02     0.1055586     0.1145212     0.1215908     0.1285988     0.1355656     0.1424874     0.1493948     0.1558603
     0.1633295     0.1738199     0.1851214     0.1955375     0.2056077     0.2151874     0.2240949     0.2407062     0.2677544     0.2899877             0
             0    -0.2799874    -0.2734978    -0.2677072    -0.2629791    -0.2573716    -0.2508748    -0.2444047    -0.2393597    -0.2350971    -0.2306075    -0.2247113    -0.2158591    -0.2048319    -0.1943891    -0.1846393    -0.1741104    -0.1567089    -0.1369069    -0.1166681
    -0.0950499 -7.261799E-02 -4.949968E-02 -2.589598E-02 -2.126254E-03  2.188224E-02      0.046106  7.047961E-02  9.355604E-02     0.1148722     0.1330733     0.1481718     0.1626691     0.1742275     0.1832182     0.1919964     0.2005825     0.2089665     0.2171808     0.2247248
     0.2332476     0.2448046     0.2566508     0.2669509     0.2762925     0.2845984     0.2917894     0.3042431     0.3197697     0.3240172             0
             0    -0.3225377    -0.3176875    -0.3128164    -0.3086931     -0.303653    -0.2976567    -0.2915423    -0.2866975     -0.282563    -0.2781669    -0.2723415    -0.2634839    -0.2522732    -0.2414915    -0.2312812     -0.220068    -0.1975159    -0.1708192     -0.143232
     -0.113676 -8.299777E-02 -5.139379E-02 -1.913644E-02  1.334966E-02  4.617386E-02      0.079301     0.1126198     0.1441074     0.1730656     0.1975889     0.2177321     0.2368047     0.2517231     0.2631431     0.2740858     0.2845592     0.2945361     0.3040427     0.3125126
     0.3217343     0.3334589      0.344339     0.3526593      0.359084     0.3637478      0.366829      0.370439      0.367056     0.3504329             0
             0    -0.3528623    -0.3504386     -0.347125    -0.3441073     -0.340204    -0.3353401    -0.3301875    -0.3260089    -0.3223967    -0.3185139    -0.3133225    -0.3053503    -0.2951854    -0.2853845    -0.2762114     -0.266192    -0.2386327    -0.2046849    -0.1694637
    -0.1318467    -0.0929649 -5.302473E-02 -1.228002E-02  2.884378E-02  7.059836E-02      0.113036     0.1560892     0.1971342     0.2352203     0.2676458     0.2942747     0.3193463     0.3386936     0.3532861     0.3669868     0.3797503     0.3914966      0.402221     0.4113021
     0.4205588     0.4308389     0.4382272     0.4417551     0.4423325     0.4405694     0.4371019     0.4277795     0.4024802      0.367764             0
             0    -0.3735709    -0.3738044    -0.3723416    -0.3706845    -0.3682204    -0.3648135    -0.3608994    -0.3575726     -0.354626    -0.3513989    -0.3470286    -0.3402608    -0.3317046    -0.3236889    -0.3168036    -0.3099236    -0.2774493    -0.2360642    -0.1933431
    -0.1481541    -0.1018434 -5.452317E-02 -6.302222E-03  4.253472E-02  9.252134E-02     0.1439596     0.1970188      0.248596     0.2976352     0.3403939     0.3760569     0.4099941     0.4362133     0.4558297     0.4739184     0.4902362     0.5045174     0.5166311     0.5258944
     0.5340207     0.5397103     0.5389005     0.5329997     0.5235885      0.512095     0.4997211      0.474391     0.4275855     0.3788521             0
             0    -0.3846779    -0.3869385    -0.3870443    -0.3866048    -0.3854914    -0.3834862    -0.3807321    -0.3781413    -0.3757229    -0.3729663    -0.3691337    -0.3631098    -0.3556693    -0.3491647    -0.3446918    -0.3416421    -0.3051874    -0.2578484     -0.209522
    -0.1590038    -0.1077031 -5.556579E-02 -2.499009E-03  5.141661E-02     0.1070335     0.1649954     0.2258853     0.2864856     0.3460661     0.4001088     0.4467082     0.4926033     0.5291495     0.5568214     0.5823399     0.6048445     0.6234176     0.6374097     0.6459772
     0.6507031      0.645884     0.6296854     0.6091136     0.5865699     0.5640454     0.5428194     0.5033208     0.4413932     0.3845104             0
             0    -0.3895838    -0.3928953    -0.3938832     -0.394171    -0.3939231    -0.3928838    -0.3909627    -0.3888659    -0.3867504    -0.3841916    -0.3805056    -0.3746159    -0.3675165    -0.3616978    -0.3586057    -0.3579862    -0.3192824       -0.2687    -0.2174599
    -0.1642698    -0.1105329 -5.608096E-02 -6.948521E-04  5.567231E-02     0.1140647     0.1753508     0.2404197     0.3061287     0.3722005     0.4339505     0.4887946     0.5448196     0.5913798     0.6276606     0.6619597     0.6924666     0.7169407     0.7333154      0.740069
     0.7393449     0.7202816     0.6873315     0.6536261     0.6210461      0.591083     0.5644554     0.5169993     0.4475548     0.3869534             0
             0    -0.3922738     -0.396209    -0.3977474    -0.3985106    -0.3988655    -0.3985609    -0.3973496    -0.3956927    -0.3938119    -0.3913091    -0.3875555    -0.3815206    -0.3744562    -0.3689704    -0.3667248    -0.3676953    -0.3275795    -0.2750146    -0.2220402
    -0.1672907    -0.1121518 -5.637882E-02  3.281817E-04  5.809776E-02     0.1180955     0.1813385     0.2489298     0.3178263     0.3881522     0.4552924     0.5163131     0.5806315     0.6363971     0.6814086     0.7257023     0.7665693     0.7998444     0.8202277     0.8229794
     0.8136286     0.7768355     0.7272499     0.6824763     0.6423675     0.6072689     0.5771338     0.5247566     0.4509493     0.3882781             0
             0    -0.3936419    -0.3979111    -0.3997564    -0.4007964     -0.401527    -0.4017377    -0.4011357    -0.3999594    -0.3983617    -0.3957288    -0.3916907    -0.3853447    -0.3781731     -0.372816    -0.3710282    -0.3729076    -0.3320013    -0.2783515    -0.2244463
    -0.1688712    -0.1129971 -5.653539E-02  8.593965E-04  5.936138E-02     0.1202037     0.1844889     0.2534471     0.3241136     0.3968928     0.4673138     0.5323374      0.602519     0.6656485     0.7185227     0.7732754     0.8272724     0.8750687     0.9057866     0.8973469
     0.8732587     0.8160568     0.7520103     0.6991923     0.6542044     0.6160167     0.5838754     0.5287881     0.4526807     0.3889471             0
