 51            10 
             0 -1.563631E-03 -1.600743E-06  1.191165E-03  2.122512E-03  3.188265E-03  4.385784E-03  5.545948E-03  6.433151E-03  7.173415E-03  7.943579E-03  8.942862E-03  1.041646E-02  1.220921E-02  1.410431E-02  1.609502E-02  1.817417E-02     0.0203342  2.256718E-02     0.0248649
  2.721883E-02  2.962017E-02  3.205984E-02  3.452844E-02  3.701644E-02  3.951428E-02  4.201253E-02     0.0445019  4.697342E-02  4.941841E-02  5.152733E-02  5.331155E-02  5.506918E-02  5.650923E-02  5.764708E-02  5.876994E-02  5.987705E-02  6.096767E-02     0.0620411  6.309671E-02
  6.439313E-02  6.615777E-02  6.809403E-02  6.994618E-02  7.171112E-02  7.338627E-02  7.496958E-02  7.794936E-02  8.336177E-02  8.838415E-02             0
             0 -1.831536E-03 -2.615196E-04  9.386883E-04  1.876258E-03  2.949551E-03  4.155975E-03  5.325148E-03  6.219446E-03  6.965736E-03  7.742277E-03  8.749965E-03  1.023623E-02  1.204479E-02  1.395696E-02  1.596593E-02  1.806442E-02  2.024474E-02  2.249886E-02  2.481839E-02
  2.719465E-02  2.961867E-02  3.208121E-02  3.457265E-02  3.708327E-02  3.960333E-02  4.212316E-02  4.463333E-02  4.712463E-02  4.958823E-02  5.171224E-02  5.350857E-02  5.527743E-02  5.672606E-02  5.787035E-02  5.899921E-02  6.011187E-02     0.0612076  6.228569E-02  6.334549E-02
  6.464661E-02  6.641663E-02  6.835729E-02  7.021216E-02  7.197825E-02  7.365311E-02  7.523482E-02  7.820909E-02  8.359782E-02  8.857163E-02             0
             0 -6.004508E-03    -0.0043174 -3.005289E-03 -1.973349E-03 -7.848484E-04  5.584463E-04  1.866831E-03  2.871099E-03  3.710992E-03  4.586746E-03   5.72542E-03  7.409527E-03  9.465608E-03  1.164571E-02  1.394168E-02  1.634463E-02  1.884502E-02  2.143271E-02  2.409702E-02
  2.682681E-02  2.961043E-02  3.243578E-02  3.529022E-02  3.816081E-02  4.103454E-02  4.389846E-02  4.673984E-02  4.954631E-02  5.230599E-02  5.466992E-02  5.665834E-02  5.860479E-02  6.018867E-02  6.143412E-02  6.265694E-02  6.385624E-02  6.503118E-02  6.618103E-02     0.0673051
  6.867722E-02  7.052726E-02  7.253058E-02  7.442073E-02  7.619657E-02  7.785785E-02  7.940516E-02  8.227424E-02  8.725455E-02  9.143919E-02             0
             0 -9.342861E-03 -7.612176E-03 -6.239287E-03 -5.150602E-03 -3.887182E-03 -2.449108E-03 -1.039234E-03  4.784582E-05  9.595802E-04  1.912807E-03  3.155372E-03  4.999648E-03  7.260715E-03  9.666718E-03     0.0122081     0.0148743  1.765389E-02  2.053469E-02  2.350393E-02
  2.654825E-02  2.965371E-02  3.280574E-02  3.598902E-02     0.0391877  4.238568E-02  4.556671E-02  4.871458E-02  5.181327E-02  5.484716E-02      0.057432  5.959576E-02  6.170217E-02  6.340548E-02  6.473868E-02  6.604122E-02  6.731199E-02  6.855002E-02  6.975448E-02  7.092468E-02
  7.234393E-02  7.423817E-02  7.626033E-02  7.814014E-02     0.0798796  8.148205E-02  8.295175E-02     0.0856355  9.009144E-02  9.350174E-02             0
             0 -1.159148E-02 -9.873464E-03 -8.484568E-03 -7.374084E-03 -6.075345E-03 -4.586221E-03 -3.116289E-03 -1.977522E-03 -1.019619E-03  -1.53452E-05  1.297145E-03  3.252065E-03  5.658369E-03  8.227128E-03  1.094717E-02  1.380616E-02  1.679087E-02  1.988744E-02  2.308153E-02
  2.635835E-02  2.970261E-02  3.309837E-02  3.652877E-02  3.997629E-02  4.342286E-02  4.684994E-02  5.023865E-02  5.356976E-02  5.682397E-02  5.958734E-02  6.189283E-02  6.412774E-02  6.592564E-02  6.732727E-02  6.869057E-02     0.0700141  7.129666E-02  7.253727E-02  7.373521E-02
  7.517872E-02  7.708566E-02  7.909226E-02  8.093029E-02  8.260625E-02  8.412815E-02  8.550471E-02      0.087985  9.195975E-02  9.478325E-02             0
             0 -1.306054E-02 -1.138014E-02 -9.999569E-03 -8.887609E-03 -7.577857E-03 -6.065655E-03  -4.56297E-03 -3.393382E-03 -2.406701E-03 -1.369462E-03 -1.052634E-05  2.020214E-03  4.528613E-03  7.213177E-03  1.006078E-02  1.305717E-02  1.618749E-02  1.943655E-02  2.278897E-02
  2.622925E-02  2.974156E-02  3.330952E-02  3.691579E-02  4.054224E-02  4.417004E-02  4.777958E-02     0.0513504  5.486107E-02  5.828923E-02  6.119647E-02  6.361743E-02     0.0659577  6.783291E-02  6.928993E-02  7.070149E-02  7.206564E-02     0.0733807  7.464547E-02  7.585914E-02
  7.731192E-02  7.921105E-02  8.118082E-02  8.295986E-02  8.456071E-02  8.599684E-02     0.0872816  8.957329E-02  9.316052E-02  9.557323E-02             0
             0 -1.382195E-02 -1.217573E-02 -1.081012E-02 -9.705104E-03 -8.397402E-03  -6.88018E-03 -5.364949E-03 -4.181272E-03 -3.180407E-03 -2.126008E-03 -7.419314E-04  1.331432E-03  3.898529E-03   6.64987E-03  9.570515E-03  1.264474E-02  1.585658E-02  1.919014E-02  2.262963E-02
  2.615938E-02  2.976356E-02  3.342588E-02  3.712912E-02  4.085524E-02  4.458546E-02  4.830009E-02  5.197832E-02  5.559796E-02  5.913522E-02  6.213594E-02  6.463398E-02  6.704625E-02  6.897517E-02  7.047077E-02  7.191569E-02  7.330717E-02     0.0746429  7.592124E-02  7.714124E-02
  7.859312E-02  8.047403E-02  8.240254E-02  8.412681E-02  8.566532E-02  8.703604E-02  8.825537E-02  9.042001E-02  9.377565E-02  9.596663E-02             0
             0 -1.415299E-02 -1.252492E-02 -1.116851E-02 -1.006864E-02 -8.764186E-03 -7.247114E-03 -5.728053E-03 -4.538942E-03 -3.532144E-03 -2.470175E-03 -1.074629E-03  1.018683E-03  3.613417E-03   6.39596E-03  9.350346E-03  1.246012E-02  1.570885E-02  1.908036E-02  2.255875E-02
  2.612835E-02     0.0297734  3.347774E-02  3.722427E-02  4.099512E-02  4.477166E-02  4.853429E-02  5.226223E-02  5.593319E-02  5.952301E-02  6.257005E-02  6.510726E-02  6.755716E-02      0.069515  7.103171E-02  7.249509E-02  7.390166E-02  7.524849E-02  7.653339E-02  7.775526E-02
  7.920387E-02  8.107017E-02  8.297168E-02  8.466354E-02  8.616764E-02  8.750407E-02  8.869042E-02  9.079298E-02  9.404172E-02  9.613474E-02             0
             0    -0.0143331 -1.271583E-02 -1.136524E-02 -1.026886E-02 -8.966989E-03 -7.450894E-03 -5.930449E-03 -4.738698E-03 -3.728773E-03 -2.662617E-03 -1.260554E-03  8.442582E-04  3.454868E-03  6.255156E-03  9.228549E-03  1.235819E-02  1.562741E-02  1.901991E-02  2.251976E-02
  2.611128E-02  2.977882E-02  3.350628E-02  3.727667E-02  4.107223E-02  4.487444E-02  4.866382E-02  5.241969E-02  5.611975E-02  5.973975E-02  6.281389E-02  6.537442E-02  6.784724E-02     0.0698232  7.135341E-02  7.282884E-02  7.424543E-02  7.559959E-02  7.688855E-02  7.811088E-02
  7.955598E-02  8.141083E-02  8.329367E-02  8.496462E-02  8.644748E-02  8.776336E-02     0.0889304  9.099721E-02  9.418612E-02  9.622544E-02             0
             0 -1.442425E-02 -1.281276E-02    -0.0114654 -1.037104E-02 -9.070802E-03 -7.555601E-03 -6.034821E-03 -4.841921E-03 -3.830476E-03 -2.762148E-03 -1.356612E-03  7.543677E-04  3.373393E-03  6.182977E-03  9.166231E-03  1.230612E-02  1.558585E-02  1.898908E-02  2.249988E-02
  2.610259E-02  2.978158E-02  3.352083E-02  3.730338E-02  4.111157E-02  4.492693E-02  4.873007E-02  5.250035E-02  5.621554E-02     0.0598514  6.293996E-02     0.0655131     0.0679986  6.998488E-02  7.152303E-02  7.300578E-02  7.442871E-02  7.578766E-02  7.707918E-02  7.830121E-02
  7.974313E-02  8.158993E-02  8.346131E-02  8.512024E-02  8.659135E-02  8.789615E-02  8.905293E-02      0.091101  9.425908E-02  9.627111E-02             0
