 51            10 
             0    -0.2580589    -0.2492282    -0.2424098    -0.2369089     -0.230471    -0.2232932    -0.2163881    -0.2111357    -0.2067694    -0.2022445    -0.1963984    -0.1878374    -0.1773565    -0.1658345    -0.1527453    -0.1385591    -0.1245051    -0.1098714 -9.465465E-02
 -7.945134E-02 -6.430295E-02 -4.855647E-02    -0.0323095 -1.638158E-02  -2.74371E-05  1.664454E-02  3.269577E-02  4.890906E-02  6.520063E-02  7.874555E-02  8.989176E-02     0.1005509     0.1089954     0.1154969     0.1221687     0.1289887     0.1355051     0.1417026     0.1480435
      0.156132      0.166474     0.1777981     0.1885521     0.1977962     0.2077666     0.2181281     0.2360125     0.2638559      0.287514             0
             0    -0.2626535    -0.2537042    -0.2467563    -0.2411566    -0.2346072    -0.2272821    -0.2202076    -0.2148103     -0.210315     -0.205648    -0.1996082    -0.1907467    -0.1798954    -0.1679935    -0.1545731    -0.1401192    -0.1257704    -0.1107895    -0.0951808
 -7.952916E-02 -6.388249E-02 -4.762936E-02 -3.089733E-02 -1.448822E-02  2.306844E-03  1.935936E-02     0.0357777  5.235988E-02  6.900279E-02     0.0828674  9.430239E-02     0.1052624     0.1139568     0.1206455     0.1274859     0.1344473     0.1410834     0.1473854     0.1538209
     0.1619961     0.1724444     0.1838827     0.1947038     0.2040041     0.2138645     0.2237944     0.2408154     0.2676641     0.2900962             0
             0    -0.3410684    -0.3318226    -0.3241312     -0.317726    -0.3100015    -0.3010963    -0.2922424     -0.285348    -0.2795315    -0.2734187    -0.2654163    -0.2534864    -0.2386021    -0.2220255    -0.2031129    -0.1825695    -0.1621484     -0.140768    -0.1184408
 -9.602164E-02 -7.360232E-02 -5.033104E-02 -2.641356E-02 -3.022841E-03  2.081952E-02  4.490176E-02  6.792561E-02  9.096175E-02     0.1138266     0.1326028     0.1478864     0.1623105     0.1735477     0.1820748      0.190662     0.1992705     0.2073403     0.2148631      0.222388
     0.2317602      0.243346     0.2553826     0.2661809     0.2749051     0.2834642     0.2915354     0.3043286     0.3197577     0.3241296             0
             0    -0.4194665    -0.4145924    -0.4090407     -0.403817     -0.396831    -0.3879836     -0.378428    -0.3705754    -0.3637362    -0.3563395     -0.346406    -0.3311044    -0.3113545    -0.2888403    -0.2627904    -0.2342884    -0.2060608    -0.1765718    -0.1458454
    -0.1150631 -8.434316E-02 -5.250396E-02 -1.980529E-02  1.217014E-02  4.477478E-02  7.771944E-02     0.1092114     0.1406724     0.1717752     0.1971154     0.2175469     0.2365716     0.2511226     0.2619935     0.2727363     0.2832923     0.2929552     0.3017147     0.3101922
      0.320399     0.3322832     0.3434249     0.3523163     0.3584836     0.3633039     0.3668465     0.3705719     0.3671663     0.3505965             0
             0    -0.4843335    -0.4900504    -0.4912468    -0.4906607    -0.4879982    -0.4824668    -0.4744206    -0.4667037    -0.4594257    -0.4510283    -0.4391518    -0.4197744    -0.3935734    -0.3630733    -0.3276413    -0.2890607    -0.2515181    -0.2128865    -0.1731345
    -0.1337171 -9.467485E-02    -0.0543927 -1.307221E-02     0.0274118  6.889481E-02     0.1111026     0.1518153      0.192908     0.2338889     0.2674821     0.2945881     0.3197151     0.3387011     0.3526883     0.3662343     0.3792192     0.3907177     0.4006984      0.409829
     0.4201424     0.4307508     0.4384276     0.4424601     0.4433138     0.4414805     0.4376954     0.4280429     0.4027145     0.3679844             0
             0    -0.5350025     -0.557363    -0.5715587    -0.5810732    -0.5892208     -0.593596    -0.5917482    -0.5862687    -0.5793856    -0.5699191    -0.5549596    -0.5281855    -0.4904727    -0.4468332    -0.3974091    -0.3451397    -0.2961595    -0.2473402      -0.19831
    -0.1505845    -0.1039161 -5.612304E-02 -7.193635E-03  4.089181E-02  9.056415E-02     0.1417251     0.1919351     0.2437589     0.2966958     0.3412431     0.3778545     0.4122831      0.438442     0.4576139     0.4758846     0.4929083     0.5072587     0.5187701     0.5280803
     0.5369779     0.5428843     0.5419593     0.5359238     0.5273035     0.5152413     0.5012835     0.4748705       0.42793     0.3791215             0
             0    -0.5655135    -0.6050144    -0.6363692     -0.661543    -0.6896126    -0.7162546    -0.7319185    -0.7342194    -0.7295902    -0.7178407    -0.6950778    -0.6508231    -0.5906637    -0.5260382    -0.4580157    -0.3901262    -0.3297625    -0.2720239    -0.2156747
    -0.1619239    -0.1100542 -5.732754E-02 -3.454023E-03  4.964064E-02     0.1049212     0.1625784     0.2202603     0.2814487     0.3461153     0.4030489     0.4517896     0.4997484     0.5378819     0.5665165     0.5941637     0.6196872     0.6400803     0.6542643     0.6623144
     0.6652939     0.6579567     0.6390043       0.61587     0.5939053     0.5699034     0.5455248     0.5040267     0.4418098     0.3848098             0
             0    -0.5797656    -0.6295999    -0.6734615    -0.7120163    -0.7606043    -0.8164448    -0.8634683    -0.8842187    -0.8861255    -0.8679749    -0.8269548    -0.7517244    -0.6626515    -0.5770705    -0.4938681    -0.4149804    -0.3474396     -0.284571    -0.2242892
    -0.1674622    -0.1130299 -5.792383E-02  -1.68054E-03  5.383352E-02     0.1118817     0.1728548      0.234547     0.3011272     0.3731842     0.4389662     0.4975299     0.5582592     0.6100019      0.651055     0.6931501     0.7339764     0.7670847     0.7873923     0.7904885
     0.7782798     0.7466174     0.7044886     0.6641903     0.6311812     0.5988403     0.5679244     0.5178413     0.4480062     0.3872669             0
             0    -0.5878047    -0.6442686     -0.697136    -0.7465074    -0.8143772    -0.9045656     -1.003578     -1.071419     -1.100386     -1.055313    -0.9674003    -0.8405913    -0.7175049    -0.6123767    -0.5171164    -0.4303718    -0.3580565    -0.2919562    -0.2292906
    -0.1706501    -0.1147358 -5.826905E-02  -6.75076E-04  5.622347E-02     0.1158735     0.1788009     0.2429234     0.3129049     0.3898887     0.4620805     0.5284561     0.6006882     0.6669505     0.7234679     0.7873215     0.8568391     0.9220404     0.9667348     0.9479618
     0.8955362     0.8222891     0.7528466     0.6964815     0.6546278     0.6163653     0.5811223     0.5256855     0.4514206     0.3885995             0
             0    -0.5919695    -0.6521835    -0.7106535    -0.7675511    -0.8511586    -0.9777129     -1.161235     -1.374094     -1.626718     -1.358089     -1.125306    -0.9143226    -0.7551368    -0.6340926    -0.5305336     -0.438905    -0.3637998    -0.2958912    -0.2319293
     -0.172322    -0.1156279 -5.845068E-02 -1.530489E-04  5.746871E-02      0.117962     0.1819312     0.2473751     0.3192627     0.3991326     0.4753612     0.5471172     0.6283482     0.7082739     0.7823489     0.8776301      1.003627      1.171117      1.410658      1.206523
      1.027177     0.8840795     0.7853887     0.7158533     0.6678597     0.6259321     0.5881711     0.5297658     0.4531624     0.3892725             0
