 51            10 
             0    -0.2561093    -0.2470495      -0.23988    -0.2342316    -0.2277224    -0.2203604    -0.2131819    -0.2076664    -0.2030504    -0.1982338    -0.1919671    -0.1826911      -0.17136    -0.1593496    -0.1467175    -0.1335254    -0.1198374    -0.1057258 -9.127369E-02
 -7.656297E-02     -0.061545 -4.433794E-02 -2.713891E-02 -1.001578E-02   6.96565E-03  2.374145E-02     0.0402497  5.643077E-02     0.0722278  8.566735E-02  9.691652E-02     0.1078759     0.1167525     0.1237113     0.1305234     0.1371848      0.143692     0.1500421     0.1562324
     0.1637676     0.1738855      0.184782     0.1950063     0.2045578     0.2134406     0.2216634     0.2368155     0.2626281      0.284198             0
             0    -0.2611938    -0.2520819    -0.2448442    -0.2391412    -0.2325666    -0.2251194    -0.2178416     -0.212239    -0.2075436    -0.2026375    -0.1962453    -0.1867647    -0.1751576    -0.1628361    -0.1498693    -0.1363243    -0.1222573    -0.1077351 -9.284418E-02
 -7.768054E-02 -6.222447E-02 -4.461047E-02 -2.698388E-02 -9.438667E-03   7.95651E-03  2.513519E-02  4.203285E-02  5.858688E-02  7.473676E-02  8.846378E-02  9.994348E-02     0.1111157     0.1201534      0.127232     0.1341543     0.1409163     0.1475143     0.1539454     0.1602073
     0.1678207      0.178026     0.1889911     0.1992549     0.2088176     0.2176831     0.2258626     0.2408831     0.2662009       0.28692             0
             0    -0.3390296    -0.3294506    -0.3213098    -0.3146954    -0.3068424    -0.2976936    -0.2885135    -0.2813152    -0.2752129    -0.2687671    -0.2602828    -0.2475215    -0.2316421    -0.2145584    -0.1963875    -0.1772499    -0.1572536    -0.1365215    -0.1152031
 -9.345854E-02 -7.127687E-02 -4.598641E-02 -2.071539E-02  4.373226E-03  2.914999E-02     0.0534845  7.724416E-02      0.100294     0.1224976     0.1410675     0.1563695     0.1710057     0.1826096     0.1915621     0.2001738     0.2084366      0.216344     0.2238916     0.2310773
     0.2396065     0.2506026     0.2617585     0.2715603     0.2800823     0.2874114      0.293645     0.3041258     0.3170608     0.3203489             0
             0    -0.4158865    -0.4098286    -0.4031989    -0.3972716     -0.389622    -0.3800314    -0.3697744    -0.3613924    -0.3541107    -0.3462476    -0.3356921     -0.319408    -0.2986045    -0.2758035    -0.2512533    -0.2252096    -0.1978956    -0.1695337    -0.1403582
    -0.1105926 -8.019476E-02 -4.541546E-02 -1.064988E-02  2.390669E-02  5.809374E-02     0.0917306     0.1246077       0.15648     0.1870647     0.2124227     0.2330894     0.2525439     0.2676312     0.2790559     0.2898033     0.2998472     0.3091682     0.3177541     0.3256013
     0.3344927     0.3450553     0.3544167     0.3613383     0.3661377     0.3691432     0.3706718     0.3713537     0.3636853     0.3462792             0
             0    -0.4781648    -0.4802437    -0.4783868    -0.4754663    -0.4703261    -0.4623857     -0.452505    -0.4437025    -0.4356895    -0.4266895    -0.4142081    -0.3942122    -0.3678181    -0.3383987    -0.3065356    -0.2727765    -0.2375505    -0.2012106    -0.1640608
    -0.1263372 -8.788653E-02 -4.378774E-02  3.639432E-04  4.446802E-02     0.0884546     0.1322022     0.1755095     0.2180643     0.2594132     0.2939964     0.3222228     0.3486523     0.3688381     0.3838548     0.3976262     0.4100536     0.4210603     0.4305979     0.4386521
     0.4468916     0.4547659     0.4588485     0.4589875     0.4561763     0.4512952     0.4450605     0.4309755     0.3989942     0.3633231             0
             0    -0.5254884    -0.5393084    -0.5456668    -0.5485421    -0.5490258    -0.5458121    -0.5384756    -0.5302712    -0.5219958    -0.5119633     -0.497254    -0.4723807    -0.4384688    -0.4004828    -0.3597175     -0.317197    -0.2735867    -0.2293117    -0.1846453
    -0.1397217 -9.416954E-02 -4.191075E-02  1.052431E-02  6.328571E-02     0.1165671     0.1705073     0.2251441     0.2803454     0.3357083     0.3835798     0.4235569     0.4616564     0.4909479     0.5125923     0.5320447       0.54891     0.5628447     0.5736105     0.5811253
     0.5865807     0.5867918     0.5784714     0.5648003     0.5483575     0.5309333     0.5136471     0.4806024     0.4242821      0.374249             0
             0    -0.5531129    -0.5779099    -0.5936611    -0.6041003    -0.6131695    -0.6186783    -0.6174542    -0.6116215    -0.6037848     -0.592595     -0.574607     -0.542312    -0.4980895    -0.4498281    -0.3997044    -0.3490219    -0.2983886    -0.2480388    -0.1980211
    -0.1482428 -9.806572E-02 -4.056326E-02  1.723779E-02     0.0757807     0.1355976     0.1972331     0.2612261     0.3280602     0.3980478     0.4619525     0.5179366     0.5741488     0.6196445     0.6541779     0.6856462     0.7125835     0.7333949     0.7466812     0.7517949
     0.7488194     0.7297376     0.6962745     0.6595362     0.6239479     0.5914307     0.5625743     0.5120891     0.4383161     0.3798337             0
             0    -0.5657964    -0.5968361    -0.6187789     -0.634873    -0.6514834    -0.6664502    -0.6739794    -0.6725772    -0.6660334    -0.6532236    -0.6303915    -0.5887429     -0.534328    -0.4777386    -0.4211125    -0.3653822     -0.310768    -0.2571902    -0.2044599
    -0.1523004 -9.990072E-02 -3.989937E-02  2.046883E-02  8.182211E-02     0.1449054     0.2105437     0.2796734     0.3533665     0.4328281     0.5084928     0.5777427     0.6513515      0.715434       0.76691     0.8167401     0.8617962      0.897292     0.9169665      0.915531
     0.8938323     0.8422244     0.7775509     0.7182143     0.6670178     0.6238243     0.5876473     0.5271404     0.4446051     0.3822469             0
             0     -0.572885    -0.6078042    -0.6339557    -0.6542614     -0.677258    -0.7019164    -0.7213951    -0.7283099     -0.725028    -0.7087734    -0.6773927    -0.6234572    -0.5589365     -0.495515    -0.4341894    -0.3751057    -0.3179926    -0.2624658     -0.208141
    -0.1546069    -0.1009384 -3.951698E-02  2.231292E-02  8.527957E-02     0.1502652     0.2182847     0.2905609     0.3686284     0.4544832     0.5387509     0.6186132     0.7078916     0.7916377      0.863866     0.9406239      1.019025      1.091055      1.136872      1.109567
      1.041874     0.9381369     0.8378583     0.7578518     0.6943474     0.6435435     0.6025072     0.5357245     0.4480771     0.3835558             0
             0    -0.5765343    -0.6135969    -0.6422491    -0.6652855    -0.6930134    -0.7265757    -0.7614999    -0.7849405     -0.791824    -0.7653095    -0.7172831    -0.6477275    -0.5740877    -0.5057023    -0.4413872    -0.3803336     -0.321822     -0.265237    -0.2100634
    -0.1558068    -0.1014765 -3.931664E-02  2.327425E-02  8.708542E-02     0.1530765      0.222373      0.296372     0.3769077      0.466536     0.5562486     0.6434262     0.7448985     0.8469023       0.94221      1.056787      1.199765      1.386768      1.645666       1.40808
      1.201809      1.015346     0.8782734     0.7817584     0.7098572     0.6543398     0.6104735     0.5402022     0.4498504      0.384217             0
