 51            10 
             0    -0.2563472    -0.2466209    -0.2383511    -0.2326778    -0.2268568    -0.2198357    -0.2126896    -0.2070507    -0.2022495    -0.1971502     -0.190389    -0.1800595    -0.1677413    -0.1547845    -0.1423774    -0.1306703    -0.1177066    -0.1036713 -8.868228E-02
 -7.279255E-02    -0.0559862 -3.969876E-02 -2.399606E-02 -7.522936E-03  8.376593E-03  2.353103E-02  3.896876E-02  5.452181E-02  7.004989E-02  8.351594E-02  9.494633E-02     0.1062496     0.1155602     0.1229516     0.1298271     0.1361817      0.142466     0.1486709     0.1547877
     0.1623127     0.1725663       0.18382     0.1945959     0.2049032      0.214222     0.2225338      0.238135     0.2652395     0.2881534             0
             0    -0.2619134    -0.2528431     -0.245431     -0.239712     -0.233442    -0.2261255     -0.218946    -0.2134199    -0.2087881    -0.2039424    -0.1976048    -0.1880588    -0.1764346     -0.163767    -0.1505528     -0.137569    -0.1235897    -0.1089077 -9.362638E-02
 -7.782242E-02 -6.126087E-02 -4.461575E-02 -2.822379E-02 -1.108503E-02  5.754483E-03  2.197792E-02     0.0383387  5.466257E-02  7.081348E-02  8.461332E-02  9.619271E-02      0.107529     0.1168197     0.1242227     0.1312054     0.1377341      0.144214     0.1506127     0.1569197
     0.1646724     0.1751245     0.1864499     0.1971746     0.2073288     0.2167474     0.2253469     0.2413942     0.2681357     0.2902281             0
             0    -0.3400371    -0.3305787    -0.3222951    -0.3157176    -0.3082591    -0.2993045    -0.2902772    -0.2831954     -0.277188    -0.2708312    -0.2624272    -0.2495789    -0.2336698    -0.2160697    -0.1975247    -0.1791259    -0.1592194    -0.1382457    -0.1163755
 -9.373971E-02 -7.002357E-02    -0.0462134 -2.279563E-02  1.624453E-03  2.552541E-02  4.843219E-02     0.0713679  9.403707E-02     0.1161973     0.1348436     0.1502718     0.1651297     0.1770779     0.1864666     0.1951932     0.2032147     0.2110346       0.21861     0.2259267
     0.2347294     0.2461892     0.2579747     0.2685093     0.2778644     0.2859757     0.2928606     0.3047628     0.3198463     0.3241814             0
             0    -0.4175917    -0.4120381    -0.4055928    -0.3999797    -0.3929161    -0.3837241    -0.3737756    -0.3655995    -0.3584694    -0.3507334     -0.340275    -0.3238221    -0.3028681    -0.2791914    -0.2539469    -0.2286991    -0.2013385    -0.1725255    -0.1425164
    -0.1115081 -7.907244E-02 -4.654652E-02 -1.455305E-02  1.883145E-02  5.153475E-02     0.0829078     0.1143256     0.1453323     0.1755194     0.2007085     0.2213377     0.2409157     0.2563486     0.2682768     0.2791549     0.2889187     0.2981842     0.3068901     0.3150146
     0.3244247     0.3358917      0.346473     0.3547506     0.3609492     0.3652801     0.3680088     0.3710049     0.3669111      0.350577             0
             0     -0.481016    -0.4846973    -0.4840911    -0.4823662    -0.4784281     -0.471565    -0.4624707    -0.4541036    -0.4463536    -0.4375134    -0.4250641    -0.4045563    -0.3774803    -0.3462882    -0.3128735    -0.2795197    -0.2437063      -0.20639    -0.1678897
    -0.1284254 -8.738336E-02 -4.634893E-02 -5.955778E-03  3.634437E-02  7.802853E-02     0.1183743     0.1591951      0.199921     0.2399686     0.2736116     0.3011808     0.3272037     0.3474283     0.3628138     0.3765425     0.3884862     0.3993773     0.4091075     0.4176349
      0.426788     0.4363798      0.442846     0.4455883     0.4453132     0.4428179     0.4388093     0.4286223     0.4022112     0.3679076             0
             0    -0.5298079    -0.5474118    -0.5575176    -0.5637987    -0.5673906    -0.5674227    -0.5624357    -0.5553578    -0.5476055    -0.5376751    -0.5225366    -0.4957702    -0.4592394    -0.4171192    -0.3726639    -0.3292527    -0.2837988    -0.2375253    -0.1906658
    -0.1433213 -9.456374E-02 -4.604753E-02  1.743005E-03  5.205656E-02     0.1021151     0.1513132     0.2020722     0.2539324     0.3063354     0.3516445     0.3895144     0.4257933     0.4541072     0.4754821     0.4941868     0.5098501     0.5232762     0.5341723     0.5424212
     0.5495076     0.5531072     0.5495715     0.5409544     0.5291712     0.5159688     0.5025516     0.4757394     0.4272715     0.3790026             0
             0    -0.5586946    -0.5900126    -0.6134588    -0.6312729    -0.6478671     -0.662342    -0.6682668    -0.6657776    -0.6591749    -0.6475765    -0.6271599    -0.5882732     -0.535962    -0.4785801    -0.4208495     -0.367011    -0.3127284    -0.2590984    -0.2059635
    -0.1531086 -9.921687E-02    -0.0458454  6.744898E-03  6.237971E-02     0.1182475     0.1740206     0.2328238     0.2946917     0.3596596     0.4186662     0.4701806     0.5219138     0.5641446     0.5967095     0.6254022     0.6489937     0.6678714     0.6807621     0.6870624
     0.6873628      0.675442      0.651473     0.6238925     0.5960879     0.5701613     0.5470636     0.5051948      0.441081     0.3846674             0
             0    -0.5720633    -0.6114407     -0.644254     -0.671385    -0.7006667    -0.7327316    -0.7562769    -0.7632367     -0.759622    -0.7448206    -0.7146497    -0.6574841    -0.5869949    -0.5157751    -0.4478925    -0.3871434    -0.3275726    -0.2698663    -0.2134519
    -0.1578387    -0.1014502 -4.575131E-02  9.138326E-03  6.735396E-02     0.1261081      0.185279     0.2484639     0.3161808     0.3892087     0.4581617     0.5208675     0.5872743     0.6452307     0.6922095     0.7357026     0.7731547     0.8032866     0.8209703     0.8220426
     0.8074849     0.7696253     0.7204825     0.6744307     0.6336592     0.5987971     0.5696335     0.5191801     0.4472496     0.3871139             0
             0    -0.5795668    -0.6240455    -0.6634676    -0.6978669    -0.7386137    -0.7900365    -0.8395002    -0.8657146     -0.870358    -0.8471807    -0.7975745    -0.7140151    -0.6238335    -0.5405085    -0.4648748    -0.3993573    -0.3363667    -0.2761435      -0.21777
    -0.1605474    -0.1027245 -4.569886E-02      0.010501     0.0701967     0.1306273     0.1918134      0.257673     0.3291058     0.4075498     0.4837474     0.5553628     0.6349043     0.7093375     0.7737165     0.8384177     0.9009524     0.9585242     0.9954715     0.9771402
     0.9273005     0.8486276     0.7710886     0.7082537     0.6573116     0.6161071     0.5829378     0.5271295     0.4506498     0.3884406             0
             0    -0.5834411    -0.6307772    -0.6742458      -0.71354    -0.7632539    -0.8335121     -0.918582    -0.9870867     -1.026281    -0.9684902    -0.8764879    -0.7569826    -0.6477768    -0.5552041    -0.4744225    -0.4060237    -0.3410775    -0.2794659    -0.2200379
    -0.1619632    -0.1033889     -0.045672  1.121034E-02  7.168029E-02     0.1329954     0.1952603     0.2625811     0.3361057     0.4177379     0.4985065       0.57624     0.6659449     0.7555317     0.8389802     0.9328056      1.043195      1.185334      1.375848      1.205853
      1.053116     0.9110973     0.8046291      0.728499     0.6706558      0.625537      0.590044     0.5312673     0.4523847     0.3891107             0
