 51            10 
             0 -1.416296E-03  1.467655E-04  1.340019E-03   2.27168E-03  3.337732E-03  4.535538E-03   5.69594E-03  6.583306E-03  7.323698E-03  8.093987E-03   9.09342E-03  1.056722E-02  1.236019E-02  1.425549E-02  1.624639E-02  1.832572E-02  2.048591E-02  2.271905E-02     0.0250169
  2.737096E-02  2.977241E-02  3.221218E-02  3.468088E-02  3.716896E-02  3.966687E-02  4.216517E-02  4.465459E-02  4.712614E-02  4.957115E-02  5.168007E-02  5.346429E-02  5.522191E-02  5.666195E-02  5.779979E-02  5.892263E-02  6.002972E-02  6.112032E-02  6.219374E-02  6.324931E-02
  6.454571E-02  6.631028E-02  6.824646E-02  7.009852E-02  7.186335E-02  7.353839E-02  7.512157E-02  7.810108E-02  8.351269E-02  8.853305E-02             0
             0 -1.684201E-03 -1.131534E-04  1.087543E-03  2.025426E-03  3.099019E-03  4.305729E-03   5.47514E-03  6.369601E-03   7.11602E-03  7.892684E-03  8.900522E-03  1.038699E-02  1.219577E-02  1.410814E-02     0.0161173  1.821596E-02  2.039645E-02  2.265072E-02  2.497039E-02
  2.734678E-02  2.977092E-02  3.223355E-02  3.472508E-02  3.723579E-02  3.975591E-02  4.227581E-02  4.478601E-02  4.727735E-02  4.974096E-02  5.186499E-02  5.366131E-02  5.543016E-02  5.687878E-02  5.802306E-02  5.915191E-02  6.026455E-02  6.136025E-02  6.243832E-02     0.0634981
  6.479918E-02  6.656914E-02  6.850972E-02  7.036451E-02  7.213049E-02  7.380523E-02  7.538681E-02     0.0783608  8.374874E-02  8.872053E-02             0
             0 -5.857172E-03 -4.169034E-03 -2.856434E-03 -1.824181E-03 -6.353804E-04  7.082004E-04  2.016824E-03  3.021255E-03  3.861276E-03  4.737153E-03  5.875978E-03  7.560287E-03  9.616584E-03  1.179689E-02  1.409305E-02  1.649618E-02  1.899673E-02  2.158457E-02  2.424903E-02
  2.697894E-02  2.976267E-02  3.258813E-02  3.544266E-02  3.831333E-02  4.118713E-02     0.0440511  4.689252E-02  4.969902E-02  5.245872E-02  5.482266E-02  5.681108E-02  5.875752E-02     0.0603414  6.158683E-02  6.280963E-02  6.400891E-02  6.518384E-02  6.633367E-02  6.745771E-02
     0.0688298  7.067977E-02  7.268301E-02  7.457307E-02     0.0763488  7.800998E-02  7.955716E-02  8.242595E-02  8.740547E-02  9.158809E-02             0
             0 -9.195526E-03  -7.46381E-03 -6.090432E-03 -5.001434E-03 -3.737714E-03 -2.299353E-03 -8.892415E-04  1.980018E-04  1.109864E-03  2.063214E-03   3.30593E-03  5.150408E-03  7.411691E-03  9.817898E-03  1.235947E-02  1.502585E-02     0.0178056  2.068656E-02  2.365594E-02
  2.670038E-02  2.980595E-02  3.295809E-02  3.614146E-02  3.934022E-02  4.253826E-02  4.571935E-02  4.886726E-02  5.196598E-02  5.499989E-02  5.758474E-02     0.0597485  6.185491E-02     0.0635582  6.489139E-02  6.619392E-02  6.746466E-02  6.870268E-02  6.990711E-02  7.107729E-02
     0.0724965  7.439069E-02  7.641277E-02  7.829248E-02  8.003184E-02  8.163417E-02  8.310374E-02  8.578721E-02  9.024236E-02  9.365064E-02             0
             0 -1.144415E-02 -9.725097E-03 -8.335714E-03 -7.224916E-03 -5.925877E-03 -4.436467E-03 -2.966297E-03 -1.827366E-03 -8.693354E-04  1.350621E-04  1.447703E-03  3.402825E-03  5.809345E-03  8.378308E-03  1.109854E-02  1.395771E-02  1.694258E-02  2.003931E-02  2.323353E-02
  2.651048E-02  2.985485E-02  3.325072E-02  3.668121E-02  4.012881E-02  4.357544E-02  4.700258E-02  5.039133E-02  5.372248E-02     0.0569767  5.974009E-02  6.204557E-02  6.428047E-02  6.607836E-02  6.747998E-02  6.884326E-02  7.016678E-02  7.144932E-02  7.268991E-02  7.388783E-02
  7.533129E-02  7.723817E-02  7.924469E-02  8.108263E-02  8.275849E-02  8.428027E-02     0.0856567  8.813672E-02  9.211067E-02  9.493215E-02             0
             0    -0.0129132 -1.123177E-02 -9.850713E-03  -8.73844E-03 -7.428389E-03 -5.915901E-03 -4.412977E-03 -3.243226E-03 -2.256418E-03 -1.219054E-03  1.400315E-04  2.170973E-03   4.67959E-03  7.364357E-03  1.021215E-02  1.320872E-02  1.633921E-02  1.958841E-02  2.294097E-02
  2.638138E-02     0.0298938  3.346187E-02  3.706823E-02  4.069475E-02  4.432262E-02  4.793222E-02  5.150308E-02  5.501378E-02  5.844197E-02  6.134921E-02  6.377017E-02  6.611043E-02  6.798563E-02  6.944264E-02  7.085419E-02  7.221831E-02  7.353336E-02     0.0747981  7.601175E-02
  7.746449E-02  7.936356E-02  8.133325E-02     0.0831122  8.471294E-02  8.614897E-02  8.743359E-02      0.089725  9.331144E-02  9.572213E-02             0
             0 -1.367461E-02 -1.202737E-02 -1.066126E-02 -9.555936E-03 -8.247934E-03 -6.730426E-03 -5.214956E-03 -4.031116E-03 -3.030124E-03 -1.975601E-03 -5.913735E-04  1.482192E-03  4.049506E-03  6.801051E-03  9.721885E-03  1.279629E-02     0.0160083      0.019342  2.278163E-02
  2.631151E-02     0.0299158  3.357823E-02  3.728155E-02  4.100775E-02  4.473804E-02  4.845273E-02      0.052131  5.575067E-02  5.928795E-02  6.228868E-02  6.478672E-02  6.719898E-02  6.912789E-02  7.062348E-02  7.206839E-02  7.345985E-02  7.479557E-02  7.607388E-02  7.729385E-02
  7.874569E-02  8.062654E-02  8.255497E-02  8.427915E-02  8.581755E-02  8.718816E-02  8.840736E-02  9.057172E-02  9.392656E-02  9.611553E-02             0
             0 -1.400566E-02 -1.237656E-02 -1.101965E-02 -9.919474E-03 -8.614718E-03  -7.09736E-03 -5.578061E-03 -4.388785E-03  -3.38186E-03 -2.319767E-03 -9.240713E-04  1.169443E-03  3.764394E-03   6.54714E-03  9.501716E-03  1.261167E-02  1.586056E-02  1.923222E-02  2.271076E-02
  2.628048E-02  2.992564E-02  3.363009E-02  3.737671E-02  4.114764E-02  4.492424E-02  4.868692E-02  5.241491E-02  5.608591E-02  5.967574E-02  6.272279E-02       0.06526     0.0677099  6.966773E-02  7.118443E-02  7.264779E-02  7.405435E-02  7.540114E-02  7.668603E-02  7.790788E-02
  7.935644E-02  8.122268E-02  8.312412E-02  8.481588E-02  8.631988E-02  8.765619E-02  8.884241E-02     0.0909447  9.419264E-02  9.628364E-02             0
             0 -1.418577E-02 -1.256747E-02 -1.121639E-02 -1.011969E-02  -8.81752E-03 -7.301139E-03 -5.780456E-03 -4.588542E-03  -3.57849E-03 -2.512209E-03 -1.109996E-03  9.950179E-04  3.605844E-03  6.406337E-03  9.379919E-03  1.250974E-02  1.577912E-02  1.917177E-02  2.267176E-02
  2.626341E-02  2.993106E-02  3.365863E-02  3.742911E-02  4.122475E-02  4.502703E-02  4.881646E-02  5.257237E-02  5.627247E-02  5.989249E-02  6.296664E-02  6.552716E-02  6.799998E-02  6.997592E-02  7.150612E-02  7.298154E-02  7.439811E-02  7.575224E-02  7.704118E-02  7.826349E-02
  7.970855E-02  8.156333E-02     0.0834461  8.511696E-02  8.659972E-02  8.791549E-02  8.908239E-02  9.114893E-02  9.433704E-02  9.637434E-02             0
             0 -1.427692E-02 -1.266439E-02 -1.131655E-02 -1.022187E-02 -8.921335E-03 -7.405847E-03 -5.884829E-03 -4.691765E-03 -3.680192E-03 -2.611741E-03 -1.206054E-03  9.051274E-04   3.52437E-03  6.334157E-03  9.317602E-03  1.245766E-02  1.573756E-02  1.914095E-02  2.265188E-02
  2.625472E-02  2.993382E-02  3.367317E-02  3.745582E-02  4.126409E-02  4.507951E-02  4.888271E-02  5.265303E-02  5.636826E-02  6.000413E-02     0.0630927  6.566584E-02  6.815133E-02  7.013761E-02  7.167573E-02  7.315847E-02  7.458138E-02  7.594032E-02  7.723181E-02  7.845382E-02
     0.0798957  8.174244E-02  8.361374E-02  8.527257E-02  8.674359E-02  8.804828E-02  8.920493E-02  9.125271E-02       0.09441  9.642001E-02             0
