 51            10 
             0    -0.2559618    -0.2469012    -0.2397313    -0.2340828    -0.2275734    -0.2202111    -0.2130325    -0.2075169    -0.2029008    -0.1980841    -0.1918173    -0.1825411    -0.1712099    -0.1591993    -0.1465671    -0.1333749    -0.1196867     -0.105575 -9.112279E-02
 -7.641198E-02 -6.139391E-02 -4.418673E-02 -2.698759E-02 -9.864376E-03  7.117124E-03  2.389298E-02  4.040128E-02  5.658238E-02  7.237943E-02  8.581899E-02  9.706816E-02     0.1080275     0.1169041      0.123863      0.130675     0.1373363     0.1438436     0.1501936     0.1563839
     0.1639191     0.1740369     0.1849333     0.1951575     0.2047089     0.2135916     0.2218143      0.236966     0.2627778     0.2843456             0
             0    -0.2610462    -0.2519336    -0.2446956    -0.2389923    -0.2324176    -0.2249702    -0.2176922    -0.2120894     -0.207394    -0.2024878    -0.1960955    -0.1866147    -0.1750075    -0.1626859    -0.1497189    -0.1361738    -0.1221066    -0.1075843    -0.0926933
 -7.752954E-02 -6.207339E-02 -4.445927E-02 -2.683258E-02 -9.287282E-03  8.107968E-03     0.0252867  4.218442E-02  5.873847E-02  7.488837E-02     0.0886154     0.1000951     0.1112673      0.120305     0.1273836     0.1343059     0.1410678     0.1476658     0.1540969     0.1603587
     0.1679721     0.1781774     0.1891424     0.1994061     0.2089686      0.217834     0.2260134     0.2410336     0.2663506     0.2870675             0
             0     -0.338882    -0.3293023    -0.3211612    -0.3145466    -0.3066934    -0.2975443     -0.288364    -0.2811657    -0.2750633    -0.2686174     -0.260133    -0.2473715    -0.2314919    -0.2144082    -0.1962371    -0.1770994    -0.1571029    -0.1363707    -0.1150522
 -9.330755E-02 -7.112578E-02 -4.583521E-02 -2.056409E-02  4.524609E-03  2.930144E-02  5.363601E-02  7.739572E-02     0.1004456     0.1226492     0.1412191     0.1565211     0.1711573     0.1827612     0.1917137     0.2003254     0.2085881     0.2164955     0.2240431     0.2312287
      0.239758     0.2507539     0.2619098     0.2717114     0.2802333     0.2875623     0.2937959     0.3042763     0.3172105     0.3204964             0
             0    -0.4157389    -0.4096803    -0.4030503    -0.3971228    -0.3894729    -0.3798822     -0.369625    -0.3612429    -0.3539611    -0.3460979    -0.3355423    -0.3192581    -0.2984544    -0.2756533    -0.2511029     -0.225059     -0.197745    -0.1693829    -0.1402073
    -0.1104416 -8.004368E-02 -4.526426E-02 -1.049858E-02  2.405808E-02  5.824519E-02  9.188212E-02     0.1247592     0.1566315     0.1872163     0.2125744     0.2332411     0.2526955     0.2677828     0.2792074     0.2899548     0.2999988     0.3093197     0.3179056     0.3257528
     0.3346441     0.3452066      0.354568     0.3614895     0.3662887     0.3692941     0.3708226     0.3715042     0.3638349     0.3464268             0
             0    -0.4780173    -0.4800954    -0.4782381    -0.4753175    -0.4701771    -0.4622365    -0.4523556     -0.443553    -0.4355399    -0.4265398    -0.4140583    -0.3940623    -0.3676679    -0.3382484    -0.3063852     -0.272626    -0.2373999    -0.2010598      -0.16391
    -0.1261862 -8.773544E-02 -4.363654E-02  5.152424E-04     0.0446194  8.860605E-02     0.1323537      0.175661     0.2182159     0.2595648      0.294148     0.3223744     0.3488039     0.3689897     0.3840064     0.3977777     0.4102052     0.4212118     0.4307494     0.4388036
      0.447043     0.4549173     0.4589998     0.4591387     0.4563274     0.4514462     0.4452113      0.431126     0.3991439     0.3634706             0
             0    -0.5253409    -0.5391601    -0.5455182    -0.5483932    -0.5488768    -0.5456628    -0.5383261    -0.5301217    -0.5218462    -0.5118136    -0.4971042    -0.4722308    -0.4383187    -0.4003326    -0.3595671    -0.3170464    -0.2734361    -0.2291609    -0.1844944
    -0.1395707 -9.401846E-02 -4.175955E-02  1.067561E-02  6.343709E-02     0.1167186     0.1706588     0.2252956      0.280497     0.3358599     0.3837315     0.4237085      0.461808     0.4910994     0.5127439     0.5321963     0.5490615     0.5629962      0.573762     0.5812768
     0.5867321     0.5869432     0.5786227     0.5649515     0.5485086     0.5310842     0.5137979     0.4807529     0.4244318     0.3743966             0
             0    -0.5529653    -0.5777617    -0.5935125    -0.6039515    -0.6130204     -0.618529    -0.6173048     -0.611472    -0.6036352    -0.5924453    -0.5744572    -0.5421621    -0.4979394    -0.4496779     -0.399554    -0.3488713    -0.2982379    -0.2478881    -0.1978702
    -0.1480918 -9.791463E-02 -4.041206E-02  1.738909E-02  7.593209E-02     0.1357491     0.1973846     0.2613776     0.3282118     0.3981994     0.4621041     0.5180882     0.5743004     0.6197962     0.6543295     0.6857978     0.7127351     0.7335464     0.7468326     0.7519463
     0.7489708      0.729889     0.6964257     0.6596874     0.6240989     0.5915816     0.5627251     0.5122396     0.4384658     0.3799812             0
             0    -0.5656489    -0.5966879    -0.6186303    -0.6347241    -0.6513343     -0.666301      -0.67383    -0.6724277    -0.6658838    -0.6530738    -0.6302417    -0.5885929    -0.5341779    -0.4775884    -0.4209621    -0.3652316    -0.3106173    -0.2570394     -0.204309
    -0.1521494 -9.974962E-02 -3.974817E-02  2.062013E-02     0.0819735     0.1450568     0.2106952     0.2798249     0.3535181     0.4329797     0.5086445     0.5778943      0.651503     0.7155856     0.7670616     0.8168917     0.8619477     0.8974435      0.917118     0.9156824
     0.8939837     0.8423758     0.7777022     0.7183655     0.6671688     0.6239753     0.5877981      0.527291     0.4447548     0.3823944             0
             0    -0.5727375    -0.6076559    -0.6338071    -0.6541126    -0.6771089    -0.7017671    -0.7212457    -0.7281604    -0.7248784    -0.7086236    -0.6772428    -0.6233073    -0.5587864    -0.4953648     -0.434039    -0.3749551    -0.3178419     -0.262315    -0.2079901
    -0.1544559    -0.1007873 -3.936578E-02  2.246423E-02  8.543096E-02     0.1504166     0.2184362     0.2907124       0.36878     0.4546348     0.5389026     0.6187649     0.7080433     0.7917893     0.8640176     0.9407755      1.019177      1.091207      1.137023      1.109719
      1.042025     0.9382882     0.8380095      0.758003     0.6944985     0.6436945      0.602658      0.535875     0.4482268     0.3837033             0
             0    -0.5763868    -0.6134486    -0.6421005    -0.6651367    -0.6928643    -0.7264265    -0.7613505     -0.784791    -0.7916744    -0.7651597    -0.7171333    -0.6475776    -0.5739376    -0.5055521    -0.4412368     -0.380183    -0.3216713    -0.2650862    -0.2099125
    -0.1556558    -0.1013254 -3.916544E-02  2.342555E-02     0.0872368      0.153228     0.2225246     0.2965235     0.3770593     0.4666876     0.5564002     0.6435778     0.7450501     0.8470538     0.9423616      1.056939      1.199916       1.38692      1.645817      1.408232
      1.201961      1.015497     0.8784246     0.7819096     0.7100083     0.6544908     0.6106244     0.5403528          0.45     0.3843645             0
