 51            10 
             0    -0.2561627    -0.2470885    -0.2399109    -0.2342596    -0.2277505    -0.2203892    -0.2132109    -0.2076948    -0.2030779    -0.1982599    -0.1919905    -0.1827084    -0.1713675    -0.1593451    -0.1467016     -0.133499    -0.1197941    -0.1056521 -9.115437E-02
 -7.643355E-02 -6.192602E-02 -4.735949E-02 -2.967003E-02 -1.226824E-02   4.84636E-03  2.166764E-02  3.817612E-02  5.433631E-02  7.009727E-02  8.348197E-02  9.465505E-02      0.105491     0.1142037     0.1209859     0.1275634      0.133917     0.1400253     0.1458636     0.1514034
     0.1579157     0.1676124     0.1783616     0.1896183     0.2014352     0.2118912     0.2212255     0.2379708     0.2655028     0.2882456             0
             0    -0.2613291    -0.2522086    -0.2449475    -0.2392435    -0.2326931    -0.2252692    -0.2180088     -0.212417    -0.2077288    -0.2028276    -0.1964372    -0.1869468    -0.1753142    -0.1629532    -0.1499589    -0.1364234    -0.1223494    -0.1077865 -9.281857E-02
 -7.758346E-02 -6.245241E-02 -4.608581E-02 -2.811366E-02 -1.070569E-02  6.448192E-03  2.338013E-02     0.0400857  5.652677E-02  7.264417E-02  8.640301E-02  9.794199E-02     0.1091991     0.1183215     0.1254701     0.1324594      0.139281     0.1459263     0.1523779     0.1585982
     0.1659805     0.1765922     0.1877797     0.1985744     0.2086965     0.2179137     0.2264165     0.2420655     0.2684991     0.2902991             0
             0    -0.3392702    -0.3296993    -0.3215439     -0.314936    -0.3071196    -0.2980067    -0.2888543    -0.2816733    -0.2755823    -0.2691442     -0.260663    -0.2478871    -0.2319676    -0.2148212    -0.1966029    -0.1774709    -0.1574588    -0.1366656    -0.1152386
 -9.340016E-02 -7.170691E-02 -4.826222E-02 -2.256997E-02  2.241627E-03  2.659152E-02  5.049379E-02  7.390437E-02  9.672557E-02     0.1188253      0.137401     0.1527617     0.1675023     0.1792222     0.1882765     0.1969926     0.2053572     0.2133584     0.2209765     0.2281702
     0.2365199     0.2480639     0.2596327     0.2701192     0.2793604      0.287208     0.2939273     0.3053421     0.3198868      0.324142             0
             0    -0.4163334    -0.4103804    -0.4038054    -0.3979239    -0.3903523    -0.3808387    -0.3706394    -0.3622902    -0.3550283    -0.3471763    -0.3366209    -0.3203011     -0.299408     -0.276478    -0.2518119    -0.2257334    -0.1983655    -0.1698986    -0.1405665
    -0.1106881 -8.102825E-02 -4.900674E-02 -1.389133E-02  2.006424E-02  5.344222E-02  8.625544E-02      0.118417     0.1497389     0.1799535     0.2051385     0.2257489     0.2452336     0.2604104      0.271934     0.2828007     0.2929785     0.3024431     0.3111679     0.3191112
     0.3279589     0.3392878     0.3494413     0.3573447     0.3631753     0.3670703      0.369449     0.3717422     0.3667139     0.3504477             0
             0    -0.4789251    -0.4813893    -0.4798153    -0.4770812    -0.4721644    -0.4644428    -0.4547169    -0.4459912    -0.4380162    -0.4290272    -0.4165214    -0.3964044    -0.3697574    -0.3400167    -0.3078386    -0.2739043    -0.2385094    -0.2019636    -0.1645709
    -0.1266981 -8.924445E-02 -4.888946E-02 -4.553662E-03  3.852768E-02  8.120434E-02     0.1235886     0.1656353     0.2071144     0.2476105     0.2816566     0.3095651     0.3358251     0.3559918     0.3710521     0.3849184     0.3974846      0.408671      0.418419     0.4266844
     0.4351014     0.4439428     0.4493546     0.4508415     0.4494869     0.4460767     0.4412658     0.4298394     0.4019015     0.3677158             0
             0    -0.5266371    -0.5413977    -0.5485819    -0.5520297    -0.5531788    -0.5506469     -0.543797    -0.5358124    -0.5276231    -0.5175764    -0.5027228    -0.4774052      -0.44273     -0.403902    -0.3623366    -0.3193031    -0.2752748    -0.2306037    -0.1855519
    -0.1404081 -9.606526E-02 -4.843361E-02  4.011522E-03  5.533568E-02     0.1067975     0.1587998     0.2115688     0.2650886     0.3190378     0.3659712      0.405378     0.4431711     0.4724332      0.494161     0.5137829     0.5308794     0.5450923     0.5561718     0.5640275
     0.5699332     0.5709005     0.5642843     0.5520416     0.5373359     0.5220434     0.5068671     0.4777304     0.4269427     0.3787701             0
             0    -0.5545903    -0.5810204    -0.5984597     -0.610213    -0.6209574    -0.6284115    -0.6287847    -0.6237189     -0.616142    -0.6047806    -0.5861154    -0.5522556    -0.5059321    -0.4557275    -0.4039485    -0.3522159    -0.3008147    -0.2498343    -0.1992736
     -0.149192    -0.1003415 -4.802562E-02  9.675166E-03  6.650572E-02     0.1241542     0.1834504     0.2451541     0.3099168     0.3782227      0.441192     0.4968666     0.5533841     0.5996928     0.6351305     0.6676683     0.6956972     0.7174618     0.7314252      0.736927
     0.7343521     0.7138445     0.6808356     0.6443159     0.6099281     0.5798525      0.553582     0.5079535      0.440777     0.3844142             0
             0    -0.5674514    -0.6005812    -0.6249035    -0.6430283    -0.6625184    -0.6814138    -0.6931338    -0.6944108    -0.6889157    -0.6751506    -0.6497304    -0.6039045    -0.5453451    -0.4855529    -0.4264835    -0.3692685    -0.3136337    -0.2592708    -0.2059005
     -0.153387    -0.1023642 -4.781254E-02  1.240483E-02     0.0719148     0.1326622     0.1957704     0.2624213      0.333904     0.4116992     0.4867623     0.5563915     0.6316395     0.6984186     0.7527717     0.8060494     0.8547279     0.8933461      0.914789     0.9133361
     0.8906718     0.8322625     0.7643289     0.7029239     0.6518214      0.610996     0.5775784     0.5223811      0.446965     0.3868518             0
             0    -0.5746472    -0.6119632    -0.6410162    -0.6639763    -0.6911187    -0.7225011    -0.7519085    -0.7685932    -0.7710456     -0.749151    -0.7080891     -0.644219    -0.5727125    -0.5047894    -0.4403509    -0.3794504    -0.3211381    -0.2647227    -0.2096956
    -0.1557752    -0.1035103 -4.768691E-02  1.396415E-02  7.501336E-02     0.1375682     0.2029505     0.2726472     0.3484502     0.4327255     0.5167825     0.5978053     0.6903263     0.7793044     0.8573802     0.9416723      1.028767      1.109059      1.159563      1.130348
       1.05729     0.9374884     0.8281183     0.7433043     0.6786658     0.6300441     0.5918299      0.530606     0.4503782     0.3881737             0
             0    -0.5783546    -0.6179928    -0.6498836    -0.6760409    -0.7090926    -0.7530566    -0.8102426    -0.8703369    -0.9167477    -0.8507995    -0.7662048    -0.6743663    -0.5900332    -0.5159524    -0.4480321    -0.3849444    -0.3251247    -0.2675909    -0.2116797
    -0.1570187    -0.1041053 -4.762022E-02  1.477755E-02  7.663289E-02     0.1401441     0.2067486     0.2781191     0.3563749     0.4445106      0.534334     0.6233378     0.7295381     0.8394531     0.9441931      1.072087      1.232485      1.438901      1.709453      1.464405
      1.241649      1.025529     0.8720856      0.768135     0.6940387     0.6405171     0.5994844      0.534896     0.4521205     0.3888414             0
