 51            10 
             0    -0.2560954    -0.2470251    -0.2398503    -0.2341996    -0.2276896     -0.220327    -0.2131478    -0.2076314    -0.2030144    -0.1981966    -0.1919278    -0.1826478    -0.1713106     -0.159293    -0.1466539     -0.133455    -0.1197573    -0.1056311 -9.116582E-02
 -7.649836E-02 -6.183019E-02 -4.496615E-02    -0.0280188 -1.108063E-02   5.76503E-03  2.244668E-02  3.890076E-02  5.506761E-02  7.088917E-02  8.438119E-02  9.569269E-02     0.1067291     0.1156801     0.1227028     0.1295828     0.1363158     0.1428986     0.1493287     0.1556045
     0.1632557     0.1735614     0.1847141     0.1952329     0.2051046     0.2143114     0.2228513      0.238613     0.2655559     0.2882702             0
             0    -0.2612258    -0.2521055    -0.2448561    -0.2391522    -0.2325872    -0.2251502    -0.2178801    -0.2122819    -0.2075893    -0.2026847    -0.1962924    -0.1868059     -0.175185    -0.1628441    -0.1498633    -0.1363182    -0.1222447    -0.1077012 -9.277881E-02
 -7.762562E-02 -6.247955E-02 -4.538672E-02    -0.0279518 -1.056534E-02  6.668812E-03  2.369766E-02  4.047886E-02  5.696462E-02  7.309877E-02  8.685429E-02  9.838083E-02     0.1096168     0.1187161     0.1258454     0.1328172     0.1396253     0.1462642     0.1527296     0.1590202
     0.1666724     0.1770213     0.1882248     0.1988239     0.2087842     0.2179954     0.2264879     0.2420927     0.2684499     0.2901772             0
             0    -0.3391257    -0.3295461     -0.321398    -0.3147866     -0.306949    -0.2978164    -0.2886488     -0.281458    -0.2753602     -0.268917    -0.2604328    -0.2476628    -0.2317617    -0.2146471    -0.1964522    -0.1773105    -0.1573019     -0.136538    -0.1151754
 -9.345105E-02 -7.172952E-02 -4.723958E-02 -2.230568E-02  2.486975E-03  2.696157E-02  5.101008E-02  7.453465E-02  9.742428E-02     0.1195515     0.1381247     0.1534692     0.1681809     0.1798681     0.1888942     0.1975836      0.205925     0.2139097     0.2215313     0.2287885
     0.2374137     0.2486466     0.2601732     0.2704413     0.2795039     0.2873271     0.2940198     0.3053631     0.3197854     0.3239923             0
             0     -0.416098    -0.4100886    -0.4034863    -0.3975827    -0.3899696    -0.3804159    -0.3701862    -0.3618191    -0.3545458    -0.3466866     -0.336129    -0.3198249    -0.2989744    -0.2761091    -0.2515009      -0.22543    -0.1980828    -0.1696665    -0.1404275
    -0.1107013 -8.098542E-02 -4.749985E-02 -1.339045E-02  2.056778E-02  5.414677E-02  8.719534E-02     0.1195532      0.151013     0.1813117     0.2065338     0.2271548     0.2466293     0.2617811     0.2732787     0.2841167     0.2942654     0.3037019     0.3124117     0.3203904
      0.329463     0.3403938     0.3503468     0.3579535      0.363563     0.3673709     0.3696744      0.371825     0.3665841     0.3502744             0
             0    -0.4785444     -0.480815    -0.4791001    -0.4762769    -0.4712482    -0.4634166     -0.453612    -0.4448462    -0.4368504    -0.4278535    -0.4153568    -0.3952966    -0.3687727    -0.3391912    -0.3071714    -0.2733105    -0.2379908    -0.2015449    -0.1642931
    -0.1266199 -8.908153E-02    -0.0468353 -3.726953E-03  3.940245E-02  8.239018E-02      0.125149     0.1675438     0.2093218     0.2500721     0.2843112     0.3123642     0.3387409     0.3589745     0.3740711     0.3879566     0.4005239     0.4116886     0.4213952     0.4296247
     0.4380926      0.446357     0.4511827     0.4521564     0.4504542     0.4467927     0.4417885      0.430062     0.4017707     0.3675279             0
             0    -0.5260723    -0.5403678    -0.5471409    -0.5503137    -0.5511362    -0.5482677     -0.541177    -0.5330827    -0.5248485    -0.5148049    -0.5000167    -0.4749118     -0.440611    -0.4021976    -0.3610334    -0.3182352    -0.2744019    -0.2299238    -0.1850875
    -0.1402042 -9.575889E-02 -4.585244E-02  5.186287E-03  5.662305E-02     0.1085365     0.1611094      0.214476     0.2686105     0.3232167     0.3707886     0.4107818     0.4491817      0.478934     0.5010238     0.5209566     0.5382848     0.5526089     0.5636414     0.5712723
     0.5766868     0.5765255     0.5682786     0.5548783     0.5394502     0.5235148     0.5078914     0.4781553     0.4268267     0.3785734             0
             0    -0.5538679    -0.5794938    -0.5960929    -0.6072129    -0.6171432    -0.6236587    -0.6232875    -0.6178828    -0.6101931    -0.5988929    -0.5805128    -0.5473729    -0.5020655    -0.4528102    -0.4018576     -0.350619     -0.299582    -0.2489092    -0.1986445
    -0.1488807 -9.992431E-02 -4.508377E-02  1.110354E-02  6.810634E-02     0.1263341     0.1863983     0.2489901     0.3148022     0.3844299     0.4489317     0.5062373     0.5647432     0.6129869     0.6500588     0.6842179     0.7136824     0.7364227     0.7505746     0.7552119
     0.7502022     0.7264184     0.6890272     0.6496927     0.6137359      0.582312     0.5551967     0.5085712     0.4406774     0.3842134             0
             0    -0.5666436     -0.598745     -0.621884    -0.6390326    -0.6571471    -0.6742437    -0.6842895    -0.6847774    -0.6791164    -0.6654617    -0.6407752    -0.5966081    -0.5399584     -0.481705    -0.4238471     -0.367335    -0.3121864    -0.2582066    -0.2051814
    -0.1530184    -0.1018905 -4.469454E-02  1.396011E-02  7.367557E-02     0.1350742     0.1990684     0.2667963     0.3396439      0.419313     0.4967851     0.5692466     0.6483958     0.7195987     0.7781908     0.8363406     0.8901607     0.9332181     0.9565223     0.9519349
     0.9210774      0.853682     0.7770422     0.7105927     0.6569913       0.61417      0.579585     0.5231099     0.4468746     0.3866493             0
             0    -0.5737877    -0.6099249    -0.6375369     -0.659229    -0.6844431     -0.713007    -0.7394626    -0.7555463    -0.7603694    -0.7360474    -0.6955316    -0.6346085    -0.5660573    -0.5002416    -0.4373336    -0.3772943    -0.3195543    -0.2635725    -0.2089218
    -0.1553723    -0.1030034    -0.0444677  1.559318E-02  7.686824E-02     0.1401187     0.2064621     0.2773616     0.3547526     0.4413243     0.5285362     0.6135399     0.7120817     0.8088354     0.8953562     0.9910413      1.093025      1.190842      1.255111       1.21029
      1.110784     0.9691232     0.8451974     0.7528688     0.6848755     0.6337273     0.5941015     0.5314042     0.4502935     0.3879703             0
             0    -0.5774672    -0.6158388    -0.6461238    -0.6708031    -0.7014683    -0.7416449     -0.795527    -0.8679133    -0.9914098    -0.8483193    -0.7513793    -0.6628481    -0.5824564    -0.5109481    -0.4447836    -0.3826593    -0.3234641    -0.2663933    -0.2108763
    -0.1565974    -0.1035809 -4.434801E-02  1.644545E-02  7.853775E-02     0.1427689     0.2103766     0.2830229      0.363002     0.4537076      0.547216     0.6411136     0.7552918     0.8767918     0.9958892      1.147076      1.347526       1.62745      2.042451      1.651736
      1.333562      1.068027     0.8928344     0.7790341     0.7009266     0.6445127     0.6019118     0.5357327     0.4520389     0.3886375             0
