 51            10 
             0    -0.2271824    -0.2204482    -0.2147674    -0.2102206    -0.2049249    -0.1988938    -0.1929873    -0.1884389    -0.1846277    -0.1806469    -0.1754627    -0.1677785    -0.1583736    -0.1496321    -0.1416577    -0.1332639     -0.120812    -0.1070564 -9.318426E-02
 -7.846645E-02 -6.324339E-02 -4.755682E-02 -3.150433E-02 -1.528148E-02  1.196124E-03  1.794704E-02  3.494335E-02  5.119786E-02  6.638872E-02  7.954204E-02  9.059391E-02     0.1013721     0.1101298     0.1170434     0.1239052     0.1307389     0.1375401      0.144338     0.1507099
     0.1580668     0.1684459     0.1796826     0.1900783     0.2001872     0.2099061     0.2190579     0.2362527     0.2642454     0.2878245             0
             0    -0.2303131    -0.2235761    -0.2178756    -0.2133074    -0.2079803    -0.2019059    -0.1959485    -0.1913555    -0.1875036    -0.1834763    -0.1782262    -0.1704302    -0.1608601    -0.1519296    -0.1437243    -0.1350044    -0.1222186     -0.108122 -9.388214E-02
 -7.874683E-02 -6.307081E-02 -4.691433E-02 -3.039492E-02 -1.371365E-02  3.204008E-03  2.036686E-02  3.775979E-02  5.437269E-02  6.990462E-02  8.336201E-02  9.467491E-02       0.10571     0.1146726     0.1217422     0.1287502      0.135717     0.1426388     0.1495462     0.1560116
     0.1634808     0.1739712     0.1852725     0.1956886     0.2057587     0.2153383     0.2242457     0.2408567     0.2679041     0.2901349             0
             0    -0.2798417    -0.2733507    -0.2675595    -0.2628311    -0.2572232    -0.2507261    -0.2442557    -0.2392106    -0.2349478    -0.2304581    -0.2245617    -0.2157093    -0.2046819    -0.1942389     -0.184489    -0.1739599    -0.1565583    -0.1367562    -0.1165173
 -9.489896E-02 -7.246697E-02 -4.934857E-02    -0.0257448 -1.975004E-03  2.203355E-02  4.625736E-02      0.070631  9.370747E-02     0.1150237     0.1332248     0.1483232     0.1628205     0.1743789     0.1833697     0.1921479      0.200734     0.2091179     0.2173321     0.2248762
     0.2333989     0.2449559      0.256802      0.267102     0.2764435     0.2847493     0.2919402     0.3043936     0.3199193     0.3241644             0
             0     -0.322392    -0.3175404    -0.3126687    -0.3085451    -0.3035046     -0.297508    -0.2913933    -0.2865483    -0.2824137    -0.2780175    -0.2721919    -0.2633341    -0.2521231    -0.2413413    -0.2311308    -0.2199175    -0.1973653    -0.1706685    -0.1430812
     -0.113525 -8.284675E-02 -5.124268E-02 -1.898526E-02  1.350091E-02  4.632517E-02  7.945236E-02     0.1127712     0.1442589      0.173217     0.1977404     0.2178836     0.2369562     0.2518746     0.2632946     0.2742372     0.2847106     0.2946874     0.3041941      0.312664
     0.3218856     0.3336102     0.3444901     0.3528104      0.359235     0.3638987     0.3669798     0.3705895     0.3672056     0.3505801             0
             0    -0.3527166    -0.3502916    -0.3469773    -0.3439593    -0.3400556    -0.3351914    -0.3300385    -0.3258598    -0.3222474    -0.3183645    -0.3131729    -0.3052005    -0.2950353    -0.2852343    -0.2760611    -0.2660415    -0.2384821    -0.2045342    -0.1693128
    -0.1316958 -9.281386E-02 -5.287362E-02 -1.212884E-02  2.899503E-02  7.074966E-02     0.1131873     0.1562406     0.1972857     0.2353718     0.2677973     0.2944262     0.3194977      0.338845     0.3534375     0.3671382     0.3799017      0.391648     0.4023724     0.4114534
     0.4207101     0.4309901     0.4383784     0.4419062     0.4424835     0.4407203     0.4372526       0.42793     0.4026299     0.3679112             0
             0    -0.3734252    -0.3736574    -0.3721939    -0.3705364     -0.368072    -0.3646648    -0.3607504    -0.3574235    -0.3544767    -0.3512495     -0.346879     -0.340111    -0.3315546    -0.3235386    -0.3166533    -0.3097732    -0.2772987    -0.2359135    -0.1931922
    -0.1480032    -0.1016924 -5.437206E-02 -6.151034E-03  4.268597E-02  9.267265E-02     0.1441109     0.1971703     0.2487475     0.2977866     0.3405454     0.3762084     0.4101455     0.4363647     0.4559811     0.4740698     0.4903876     0.5046688     0.5167825     0.5260457
     0.5341719     0.5398616     0.5390517     0.5331508     0.5237395     0.5122458     0.4998718     0.4745414     0.4277351     0.3789994             0
             0    -0.3845322    -0.3867914    -0.3868967    -0.3864568    -0.3853431    -0.3833376    -0.3805832    -0.3779922    -0.3755736    -0.3728169    -0.3689841      -0.36296    -0.3555193    -0.3490145    -0.3445414    -0.3414917    -0.3050368    -0.2576977    -0.2093712
    -0.1588529    -0.1075521 -5.541468E-02 -2.347821E-03  5.156787E-02     0.1071848     0.1651468     0.2260367      0.286637     0.3462176     0.4002603     0.4468597     0.4927548      0.529301     0.5569728     0.5824914     0.6049959      0.623569     0.6375611     0.6461285
     0.6508545     0.6460352     0.6298366     0.6092647     0.5867209     0.5641963     0.5429701     0.5034713     0.4415429     0.3846576             0
             0    -0.3894381    -0.3927482    -0.3937355     -0.394023    -0.3937748    -0.3927351    -0.3908137    -0.3887167    -0.3866011    -0.3840422     -0.380356    -0.3744661    -0.3673665    -0.3615476    -0.3584554    -0.3578357    -0.3191319    -0.2685493     -0.217309
    -0.1641189    -0.1103819 -5.592985E-02 -5.436642E-04  5.582357E-02      0.114216     0.1755022     0.2405711     0.3062801     0.3723519     0.4341019     0.4889461      0.544971     0.5915312      0.627812     0.6621112      0.692618     0.7170921     0.7334668     0.7402203
     0.7394962     0.7204328     0.6874827     0.6537772     0.6211971     0.5912339     0.5646062     0.5171497     0.4477044     0.3871006             0
             0    -0.3921281    -0.3960619    -0.3975998    -0.3983626    -0.3987171    -0.3984123    -0.3972006    -0.3955435    -0.3936626    -0.3911597    -0.3874059    -0.3813708    -0.3743061    -0.3688202    -0.3665745    -0.3675448    -0.3274289    -0.2748639    -0.2218893
    -0.1671398    -0.1120007 -5.622771E-02  4.793698E-04  5.824902E-02     0.1182468     0.1814899     0.2490812     0.3179777     0.3883036     0.4554438     0.5164645     0.5807829     0.6365485     0.6815601     0.7258537     0.7667207     0.7999958     0.8203791     0.8231307
     0.8137799     0.7769867      0.727401     0.6826274     0.6425185     0.6074198     0.5772846     0.5249071     0.4510989     0.3884253             0
             0    -0.3934962    -0.3977641    -0.3996087    -0.4006483    -0.4013786     -0.401589    -0.4009867    -0.3998102    -0.3982125    -0.3955793    -0.3915411    -0.3851948    -0.3780231    -0.3726658    -0.3708778    -0.3727571    -0.3318507    -0.2782008    -0.2242954
    -0.1687203    -0.1128461 -5.638427E-02  1.010585E-03  5.951263E-02      0.120355     0.1846403     0.2535985      0.324265     0.3970442     0.4674653     0.5324888     0.6026704     0.6657999     0.7186742     0.7734268     0.8274238     0.8752201      0.905938     0.8974982
       0.87341     0.8162081     0.7521615     0.6993434     0.6543553     0.6161677     0.5840261     0.5289386     0.4528303     0.3890943             0
