 51            10 
             0    -0.2560381    -0.2469719    -0.2397992    -0.2341494    -0.2276395    -0.2202769    -0.2130977    -0.2075816    -0.2029649    -0.1981475    -0.1918796    -0.1826012    -0.1712667    -0.1592522    -0.1466162    -0.1334202    -0.1197269    -0.1056077 -9.115069E-02
 -7.649051E-02 -6.228576E-02 -5.017428E-02 -3.000781E-02 -1.159728E-02  5.934135E-03  2.294201E-02     0.0395517  5.578714E-02  7.162804E-02  8.510983E-02  9.640004E-02     0.1074057      0.116325     0.1233198     0.1301696     0.1368705      0.143419     0.1498125     0.1560489
     0.1636462     0.1738634     0.1848936     0.1952701     0.2049854     0.2140332     0.2224166     0.2378742     0.2641749     0.2829391             0
             0    -0.2611456    -0.2520282    -0.2447844    -0.2390806    -0.2325103    -0.2250679    -0.2177936     -0.212193    -0.2074987    -0.2025932    -0.1962007    -0.1867168    -0.1751024     -0.162771    -0.1497969     -0.136251    -0.1221801     -0.107647 -9.274205E-02
 -7.761324E-02     -0.062962 -4.526818E-02 -2.740136E-02 -9.928788E-03  7.386482E-03     0.0244907  4.133048E-02  5.785062E-02  7.399282E-02  8.773422E-02  9.923745E-02     0.1104416     0.1195102     0.1266142     0.1335613     0.1403464     0.1469649     0.1534133       0.15969
     0.1673241     0.1776009     0.1886858     0.1991172      0.208878     0.2179169     0.2262533     0.2415666     0.2674049     0.2885772             0
             0    -0.3390162    -0.3294355    -0.3212907    -0.3146775    -0.3068317    -0.2976905    -0.2885163    -0.2813214    -0.2752211    -0.2687763    -0.2602917    -0.2475256    -0.2316348    -0.2145355    -0.1963522    -0.1772114     -0.157208    -0.1364596    -0.1151216
 -9.342974E-02 -7.241075E-02 -4.702969E-02 -2.144654E-02  3.502947E-03  2.812908E-02  5.232099E-02  7.596344E-02  9.893338E-02      0.121099     0.1396706      0.154994      0.169668     0.1813137      0.190303     0.1989536     0.2072558     0.2152019     0.2227868     0.2300087
     0.2385873     0.2497016     0.2610434     0.2710785     0.2798702      0.287447     0.2939108     0.3048235     0.3185034     0.3221952             0
             0    -0.4159338    -0.4098987    -0.4032824    -0.3973669     -0.389735    -0.3801624    -0.3699186    -0.3615437    -0.3542659    -0.3464043    -0.3358473    -0.3195527    -0.2987249    -0.2758914    -0.2513117    -0.2252528     -0.197921    -0.1695313    -0.1403275
    -0.1106406 -8.186471E-02 -4.705703E-02 -1.196048E-02  2.230886E-02  5.619229E-02  8.953539E-02     0.1221531     0.1538194     0.1842612     0.2095515     0.2301954       0.24966     0.2647797     0.2762408     0.2870336     0.2971301     0.3065089      0.315157     0.3230704
     0.3320538     0.3428008     0.3524579     0.3597229     0.3649268     0.3683341     0.3702508     0.3716682     0.3652154     0.3482976             0
             0    -0.4782986    -0.4804725    -0.4786864    -0.4758149    -0.4707303     -0.462844     -0.453001    -0.4442165    -0.4362116    -0.4272127    -0.4147231    -0.3946941    -0.3682342    -0.3387331    -0.3067912    -0.2729788    -0.2377042    -0.2013105    -0.1641143
    -0.1264909 -9.011858E-02 -4.608947E-02 -1.625966E-03  4.200571E-02  8.549327E-02     0.1287469     0.1715984     0.2137652     0.2548153      0.289227     0.3173673     0.3437711     0.3639814     0.3790385     0.3928673      0.405365     0.4164509     0.4260732     0.4342152
     0.4425696     0.4506402     0.4550921     0.4556499     0.4533921     0.4491206     0.4435014     0.4305968     0.4004632     0.3654436             0
             0    -0.5257265    -0.5397844    -0.5463503    -0.5493757    -0.5500296    -0.5469889    -0.5397756    -0.5316261     -0.523371    -0.5133322    -0.4985822    -0.4735914    -0.4394835    -0.4012823    -0.3603169    -0.3176542    -0.2739299    -0.2295521    -0.1848061
    -0.1399918 -9.691361E-02    -0.0448156  7.907413E-03  6.002413E-02     0.1126221     0.1658794     0.2198823     0.2745517     0.3295386     0.3772632     0.4172516     0.4555051     0.4850304     0.5069003     0.5265954     0.5436942     0.5578249     0.5687243     0.5762964
     0.5817291     0.5817553     0.5734618     0.5599263      0.543986     0.5273029     0.5108468     0.4794565      0.425635     0.3764277             0
             0     -0.553438    -0.5786506    -0.5948264    -0.6056092    -0.6151122    -0.6211293    -0.6203397    -0.6147276    -0.6069666     -0.595718    -0.5775259    -0.5447988     -0.500028    -0.4512658    -0.4007263     -0.349761    -0.2989225    -0.2484096    -0.1982742
    -0.1486012    -0.1011466 -4.385776E-02  1.422073E-02  7.201308E-02     0.1310363     0.1918876     0.2551824     0.3215093     0.3913234     0.4555357     0.5121912     0.5695646      0.616449     0.6522644     0.6850911     0.7133036     0.7350878     0.7488095     0.7536799
     0.7496724     0.7282319     0.6927707     0.6547249     0.6189374     0.5869566     0.5589659     0.5104078     0.4395773     0.3820392             0
             0    -0.5661682    -0.5977407    -0.6202828    -0.6369095    -0.6542813    -0.6703376    -0.6791881    -0.6788085    -0.6727422    -0.6594723    -0.6356338    -0.5926613     -0.537104    -0.4796727    -0.4224279    -0.3663008    -0.3114153    -0.2576346    -0.2047628
    -0.1527039    -0.1031435 -4.337898E-02  1.726361E-02  7.781838E-02     0.1400604     0.2048786     0.2733108     0.3465869     0.4261624     0.5027464     0.5736222     0.6500307     0.7177082     0.7727761     0.8268051     0.8762846     0.9155978      0.937108     0.9340702
     0.9077358     0.8481898     0.7774578     0.7145388      0.662113     0.6190881      0.583699      0.525203     0.4458204     0.3844633             0
             0     -0.573285    -0.6088154    -0.6356992    -0.6567062    -0.6808329    -0.7075254    -0.7307832    -0.7427531    -0.7435266    -0.7232338    -0.6868132    -0.6290916    -0.5624743    -0.4978338    -0.4357117    -0.3761432    -0.3187121    -0.2629557     -0.208474
     -0.155037    -0.1042736 -4.310151E-02  1.900166E-02  8.114345E-02     0.1452628     0.2124465     0.2840383     0.3617748     0.4480012     0.5337624     0.6162246     0.7101814     0.8004932     0.8799351     0.9662474      1.056561      1.141662       1.19713      1.160636
      1.076803     0.9539665     0.8417313     0.7555175     0.6897304     0.6387308     0.5983891     0.5336424     0.4492658     0.3857781             0
             0    -0.5769496    -0.6146693    -0.6441404    -0.6680099    -0.6972473    -0.7343243    -0.7796912    -0.8284787    -0.8754866    -0.8088645    -0.7355055    -0.6554969    -0.5782737    -0.5082855    -0.4430372    -0.3814403     -0.322582    -0.2657519    -0.2104127
     -0.156251    -0.1048598 -4.295561E-02     0.0199082  8.288115E-02     0.1479937     0.2164482     0.2897753     0.3700407     0.4602229     0.5518589      0.642433     0.7503208      0.862165     0.9694817      1.102551      1.274662      1.510056      1.868552       1.53287
      1.268521      1.042132     0.8857939     0.7805695      0.705518     0.6495245     0.6062787     0.5380456     0.4510252     0.3864422             0
