 51            10 
             0  3.906464E-02  3.925389E-02     0.0393712  3.945674E-02  3.954945E-02  3.964912E-02  3.974223E-02     0.0398118  3.986905E-02  3.992785E-02  4.000326E-02     0.0401127  4.024339E-02  4.037938E-02  4.052029E-02  4.066577E-02  4.081542E-02  4.096883E-02  4.112559E-02
  4.128527E-02  4.144742E-02     0.0416116  4.177735E-02     0.0419442  4.211171E-02     0.0422794     0.0424468  4.261347E-02  4.277895E-02     0.0429223  4.304403E-02  4.316444E-02  4.326353E-02  4.334207E-02  4.341983E-02  4.349675E-02  4.357279E-02  4.364789E-02  4.372202E-02
  4.381339E-02  4.393847E-02  4.407677E-02  4.421009E-02  4.433811E-02  4.446052E-02  4.457703E-02  4.479776E-02  4.520451E-02  4.556597E-02             0
             0  3.906097E-02     0.0392504  3.936785E-02  3.945351E-02  3.954634E-02  3.964616E-02  3.973942E-02  3.980909E-02  3.986643E-02  3.992533E-02  4.000086E-02  4.011049E-02  4.024141E-02  4.037763E-02     0.0405188  4.066454E-02  4.081446E-02  4.096815E-02     0.0411252
  4.128517E-02  4.144761E-02  4.161209E-02  4.177813E-02  4.194528E-02  4.211307E-02  4.228104E-02  4.244872E-02  4.261565E-02  4.278137E-02  4.292493E-02  4.304683E-02     0.0431674  4.326661E-02  4.334525E-02  4.342309E-02     0.0435001  4.357623E-02  4.365141E-02  4.372561E-02
  4.381707E-02  4.394226E-02  4.408067E-02  4.421407E-02  4.434216E-02  4.446463E-02  4.458119E-02  4.480197E-02     0.0452087  4.556985E-02             0
             0  3.900448E-02  3.919669E-02  3.931633E-02  3.940371E-02  3.949854E-02  3.960061E-02  3.969607E-02  3.976744E-02     0.0398262  3.988658E-02  3.996403E-02     0.0400765     0.0402109  4.035081E-02  4.049586E-02  4.064565E-02  4.079977E-02  4.095779E-02  4.111926E-02
  4.128373E-02  4.145072E-02  4.161975E-02  4.179034E-02  4.196198E-02     0.0421342  4.230648E-02  4.247835E-02     0.0426493  4.281885E-02  4.296558E-02  4.309007E-02  4.321309E-02  4.331423E-02  4.339434E-02  4.347359E-02  4.355194E-02  4.362933E-02  4.370572E-02  4.378105E-02
  4.387383E-02  4.400069E-02  4.414072E-02  4.427548E-02  4.440466E-02  4.452797E-02  4.464514E-02  4.486671E-02  4.527285E-02     0.0456292             0
             0  3.896394E-02  3.915801E-02  3.927914E-02     0.0393677  3.946391E-02  3.956756E-02  3.966457E-02  3.973714E-02  3.979691E-02  3.985834E-02  3.993718E-02     0.0400517  4.018863E-02  4.033123E-02  4.047911E-02  4.063188E-02     0.0407891  4.095033E-02  4.111509E-02
  4.128291E-02  4.145329E-02  4.162574E-02  4.179973E-02  4.197476E-02  4.215029E-02  4.232582E-02  4.250082E-02  4.267478E-02     0.0428472  4.299628E-02  4.312269E-02  4.324751E-02  4.335005E-02  4.343122E-02  4.351149E-02  4.359079E-02  4.366907E-02     0.0437463     0.0438224
  4.391609E-02  4.404405E-02  4.418512E-02     0.0443207  4.445048E-02     0.0445742     0.0446916  4.491331E-02  4.531808E-02       0.04567             0
             0  3.893877E-02     0.0391339  3.925591E-02  3.934517E-02     0.0394422  3.954681E-02  3.964477E-02  3.971808E-02  3.977847E-02  3.984056E-02  3.992024E-02  4.003605E-02  4.017455E-02  4.031884E-02  4.046853E-02  4.062319E-02  4.078238E-02  4.094565E-02  4.111251E-02
  4.128247E-02  4.145503E-02  4.162967E-02  4.180586E-02  4.198306E-02  4.216074E-02  4.233836E-02     0.0425154  4.269131E-02  4.286557E-02  4.301618E-02  4.314381E-02  4.326978E-02  4.337321E-02  4.345506E-02  4.353596E-02  4.361585E-02  4.369469E-02  4.377242E-02      0.043849
  4.394322E-02  4.407182E-02  4.421347E-02  4.434946E-02  4.447953E-02  4.460339E-02  4.472082E-02  4.494239E-02  4.534584E-02  4.569462E-02             0
             0  3.892325E-02      0.039119  3.924151E-02  3.933119E-02  3.942872E-02  3.953389E-02  3.963243E-02  3.970619E-02  3.976696E-02  3.982945E-02  3.990966E-02  4.002626E-02  4.016574E-02  4.031109E-02     0.0404619  4.061774E-02  4.077817E-02  4.094272E-02  4.111091E-02
  4.128223E-02  4.145616E-02  4.163218E-02  4.180976E-02  4.198834E-02  4.216738E-02  4.234634E-02  4.252467E-02  4.270183E-02  4.287728E-02  4.302885E-02  4.315727E-02  4.328397E-02  4.338797E-02  4.347024E-02  4.355154E-02     0.0436318  4.371098E-02  4.378903E-02  4.386589E-02
  4.396043E-02     0.0440894  4.423136E-02  4.436756E-02  4.449774E-02  4.462164E-02  4.473904E-02     0.0449604  4.536283E-02  4.570951E-02             0
             0  3.891552E-02  3.911155E-02  3.923431E-02  3.932419E-02  3.942195E-02  3.952741E-02  3.962623E-02  3.970021E-02  3.976117E-02  3.982386E-02  3.990434E-02  4.002133E-02  4.016131E-02  4.030719E-02  4.045856E-02      0.040615  4.077606E-02  4.094126E-02  4.111011E-02
  4.128211E-02  4.145674E-02  4.163346E-02  4.181174E-02  4.199103E-02  4.217076E-02  4.235041E-02     0.0425294     0.0427072  4.288325E-02  4.303533E-02  4.316415E-02  4.329123E-02  4.339551E-02      0.043478     0.0435595  4.363995E-02     0.0437193     0.0437975     0.0438745
  4.396919E-02  4.409834E-02  4.424044E-02  4.437673E-02  4.450694E-02  4.463084E-02  4.474819E-02     0.0449694  4.537126E-02  4.571684E-02             0
             0  3.891222E-02  3.910837E-02  3.923123E-02  3.932119E-02  3.941905E-02  3.952463E-02  3.962357E-02  3.969764E-02  3.975868E-02  3.982146E-02  3.990205E-02  4.001921E-02     0.0401594  4.030551E-02  4.045712E-02  4.061382E-02  4.077515E-02  4.094062E-02  4.110977E-02
  4.128206E-02  4.145699E-02  4.163401E-02  4.181259E-02  4.199218E-02  4.217222E-02  4.235216E-02  4.253144E-02  4.270951E-02  4.288584E-02  4.303813E-02  4.316712E-02  4.329437E-02  4.339878E-02  4.348136E-02  4.356294E-02  4.364348E-02     0.0437229  4.380117E-02  4.387822E-02
  4.397298E-02     0.0441022  4.424435E-02  4.438068E-02     0.0445109  4.463479E-02  4.475211E-02  4.497326E-02  4.537485E-02  4.571995E-02             0
             0  3.891044E-02  3.910665E-02  3.922956E-02  3.931957E-02  3.941749E-02  3.952313E-02  3.962213E-02  3.969626E-02  3.975734E-02  3.982016E-02  3.990081E-02  4.001806E-02  4.015837E-02     0.0403046  4.045635E-02  4.061318E-02  4.077465E-02  4.094028E-02  4.110958E-02
  4.128204E-02  4.145712E-02  4.163431E-02  4.181306E-02  4.199281E-02  4.217301E-02  4.235311E-02  4.253254E-02  4.271077E-02  4.288724E-02  4.303964E-02  4.316873E-02  4.329607E-02  4.340055E-02  4.348318E-02  4.356482E-02  4.364539E-02  4.372485E-02  4.380316E-02  4.388025E-02
  4.397504E-02  4.410429E-02  4.424647E-02  4.438281E-02  4.451304E-02  4.463692E-02  4.475424E-02  4.497534E-02  4.537679E-02  4.572163E-02             0
             0  3.890954E-02  3.910578E-02  3.922872E-02  3.931875E-02     0.0394167  3.952237E-02     0.0396214  3.969556E-02  3.975666E-02     0.0398195  3.990019E-02  4.001749E-02  4.015785E-02  4.030414E-02  4.045595E-02  4.061286E-02  4.077441E-02  4.094011E-02  4.110949E-02
  4.128202E-02  4.145719E-02  4.163446E-02  4.181329E-02  4.199313E-02  4.217341E-02  4.235359E-02     0.0425331     0.0427114  4.288794E-02  4.304041E-02  4.316955E-02  4.329693E-02  4.340144E-02     0.0434841  4.356576E-02  4.364636E-02  4.372584E-02  4.380416E-02  4.388127E-02
  4.397608E-02  4.410535E-02  4.424755E-02  4.438389E-02  4.451412E-02      0.044638  4.475531E-02  4.497639E-02  4.537776E-02  4.572247E-02             0
