 51            10 
             0 -1.416376E-03  1.466855E-04  1.339939E-03     0.0022716  3.337651E-03  4.535458E-03  5.695859E-03  6.583225E-03  7.323617E-03  8.093905E-03  9.093338E-03  1.056714E-02  1.236011E-02  1.425541E-02  1.624631E-02  1.832564E-02  2.048583E-02  2.271897E-02  2.501682E-02
  2.737087E-02  2.977233E-02     0.0322121     0.0346808  3.716888E-02  3.966679E-02  4.216508E-02     0.0446545  4.712605E-02  4.957106E-02  5.167999E-02     0.0534642  5.522183E-02  5.666187E-02     0.0577997  5.892255E-02  6.002964E-02  6.112024E-02  6.219365E-02  6.324923E-02
  6.454562E-02     0.0663102  6.824638E-02  7.009844E-02  7.186326E-02     0.0735383  7.512149E-02  7.810099E-02  8.351261E-02  8.853297E-02             0
             0  -1.68428E-03 -1.132334E-04  1.087463E-03  2.025345E-03  3.098938E-03  4.305648E-03  5.475059E-03   6.36952E-03  7.115939E-03  7.892603E-03  8.900441E-03  1.038691E-02  1.219568E-02  1.410806E-02  1.611722E-02  1.821588E-02  2.039637E-02  2.265064E-02  2.497031E-02
     0.0273467  2.977084E-02  3.223347E-02      0.034725  3.723571E-02  3.975583E-02  4.227572E-02  4.478593E-02  4.727726E-02  4.974088E-02     0.0518649  5.366123E-02  5.543008E-02     0.0568787  5.802298E-02  5.915182E-02  6.026447E-02  6.136017E-02  6.243824E-02  6.349802E-02
     0.0647991  6.656905E-02  6.850964E-02  7.036442E-02     0.0721304  7.380515E-02  7.538673E-02  7.836072E-02  8.374865E-02  8.872045E-02             0
             0 -5.857252E-03 -4.169114E-03 -2.856514E-03 -1.824261E-03 -6.354612E-04  7.081195E-04  2.016743E-03  3.021174E-03  3.861194E-03  4.737072E-03  5.875897E-03  7.560206E-03  9.616503E-03  1.179681E-02  1.409297E-02     0.0164961  1.899665E-02  2.158449E-02  2.424894E-02
  2.697885E-02  2.976259E-02  3.258805E-02  3.544258E-02  3.831325E-02  4.118704E-02  4.405102E-02  4.689244E-02  4.969894E-02  5.245864E-02  5.482258E-02  5.681099E-02  5.875744E-02  6.034131E-02  6.158675E-02  6.280955E-02  6.400883E-02  6.518376E-02  6.633358E-02  6.745762E-02
  6.882972E-02  7.067969E-02  7.268293E-02  7.457299E-02  7.634872E-02     0.0780099  7.955708E-02  8.242587E-02  8.740538E-02  9.158801E-02             0
             0 -9.195605E-03  -7.46389E-03 -6.090512E-03 -5.001514E-03 -3.737795E-03 -2.299434E-03 -8.893226E-04  1.979206E-04  1.109782E-03  2.063133E-03  3.305848E-03  5.150327E-03   7.41161E-03  9.817816E-03  1.235939E-02  1.502577E-02  1.780552E-02  2.068648E-02  2.365586E-02
     0.0267003  2.980587E-02  3.295801E-02  3.614138E-02  3.934014E-02  4.253818E-02  4.571926E-02  4.886718E-02     0.0519659  5.499981E-02  5.758465E-02  5.974842E-02  6.185482E-02  6.355812E-02  6.489131E-02  6.619383E-02  6.746458E-02  6.870259E-02  6.990703E-02  7.107721E-02
  7.249642E-02  7.439061E-02  7.641268E-02     0.0782924  8.003176E-02  8.163408E-02  8.310366E-02  8.578713E-02  9.024227E-02  9.365056E-02             0
             0 -1.144423E-02 -9.725178E-03 -8.335794E-03 -7.224997E-03 -5.925958E-03 -4.436548E-03 -2.966378E-03 -1.827447E-03 -8.694167E-04  1.349808E-04  1.447621E-03  3.402743E-03  5.809263E-03  8.378226E-03  1.109846E-02  1.395762E-02     0.0169425  2.003922E-02  2.323345E-02
  2.651039E-02  2.985477E-02  3.325063E-02  3.668113E-02  4.012873E-02  4.357535E-02     0.0470025  5.039125E-02  5.372239E-02  5.697662E-02       0.05974  6.204548E-02  6.428039E-02  6.607828E-02  6.747989E-02  6.884318E-02     0.0701667  7.144924E-02  7.268982E-02  7.388774E-02
  7.533121E-02  7.723809E-02  7.924461E-02  8.108254E-02     0.0827584  8.428019E-02  8.565662E-02  8.813664E-02  9.211059E-02  9.493206E-02             0
             0 -1.291328E-02 -1.123185E-02 -9.850794E-03 -8.738521E-03  -7.42847E-03 -5.915982E-03 -4.413059E-03 -3.243307E-03 -2.256499E-03 -1.219136E-03    1.3995E-04  2.170892E-03  4.679508E-03  7.364275E-03  1.021207E-02  1.320864E-02  1.633912E-02  1.958833E-02  2.294089E-02
  2.638129E-02  2.989372E-02  3.346179E-02  3.706814E-02  4.069467E-02  4.432254E-02  4.793214E-02      0.051503     0.0550137  5.844188E-02  6.134912E-02  6.377009E-02  6.611035E-02  6.798555E-02  6.944256E-02  7.085411E-02  7.221823E-02  7.353327E-02  7.479802E-02  7.601166E-02
     0.0774644  7.936348E-02  8.133317E-02  8.311212E-02  8.471286E-02  8.614888E-02  8.743351E-02  8.972492E-02  9.331135E-02  9.572205E-02             0
             0 -1.367469E-02 -1.202745E-02 -1.066134E-02 -9.556017E-03 -8.248015E-03 -6.730507E-03 -5.215038E-03 -4.031197E-03 -3.030205E-03 -1.975682E-03 -5.914549E-04   1.48211E-03  4.049424E-03  6.800969E-03  9.721803E-03     0.0127962  1.600821E-02  1.934192E-02  2.278155E-02
  2.631142E-02  2.991572E-02  3.357815E-02  3.728147E-02  4.100767E-02  4.473796E-02  4.845265E-02  5.213092E-02  5.575059E-02  5.928787E-02     0.0622886  6.478664E-02     0.0671989  6.912781E-02     0.0706234     0.0720683  7.345977E-02  7.479548E-02     0.0760738  7.729377E-02
     0.0787456  8.062646E-02  8.255489E-02  8.427907E-02  8.581747E-02  8.718808E-02  8.840728E-02  9.057164E-02  9.392648E-02  9.611546E-02             0
             0 -1.400574E-02 -1.237664E-02 -1.101973E-02 -9.919554E-03 -8.614798E-03 -7.097441E-03 -5.578142E-03 -4.388867E-03 -3.381941E-03 -2.319849E-03 -9.241528E-04  1.169361E-03  3.764312E-03  6.547058E-03  9.501635E-03  1.261159E-02  1.586048E-02  1.923214E-02  2.271068E-02
     0.0262804  2.992556E-02  3.363001E-02  3.737663E-02  4.114756E-02  4.492415E-02  4.868684E-02  5.241483E-02  5.608582E-02  5.967566E-02  6.272271E-02  6.525991E-02  6.770981E-02  6.966764E-02  7.118434E-02  7.264771E-02  7.405426E-02  7.540106E-02  7.668594E-02  7.790779E-02
  7.935636E-02  8.122259E-02  8.312403E-02     0.0848158     0.0863198  8.765611E-02  8.884232E-02  9.094461E-02  9.419256E-02  9.628356E-02             0
             0 -1.418585E-02 -1.256755E-02 -1.121647E-02 -1.011977E-02 -8.817601E-03  -7.30122E-03 -5.780538E-03 -4.588623E-03 -3.578571E-03 -2.512291E-03 -1.110077E-03  9.949364E-04  3.605762E-03  6.406255E-03  9.379837E-03  1.250966E-02  1.577904E-02  1.917169E-02  2.267168E-02
  2.626333E-02  2.993098E-02  3.365855E-02  3.742903E-02  4.122467E-02  4.502694E-02  4.881638E-02  5.257229E-02  5.627238E-02     0.0598924  6.296655E-02  6.552707E-02     0.0679999  6.997584E-02  7.150604E-02  7.298145E-02  7.439803E-02  7.575216E-02     0.0770411  7.826341E-02
  7.970847E-02  8.156325E-02  8.344602E-02  8.511688E-02  8.659963E-02  8.791541E-02  8.908231E-02  9.114885E-02  9.433696E-02  9.637427E-02             0
             0     -0.014277 -1.266447E-02 -1.131663E-02 -1.022195E-02 -8.921415E-03 -7.405928E-03  -5.88491E-03 -4.691847E-03 -3.680274E-03 -2.611822E-03 -1.206136E-03  9.050458E-04  3.524288E-03  6.334075E-03   9.31752E-03  1.245758E-02  1.573748E-02  1.914087E-02     0.0226518
  2.625464E-02  2.993374E-02  3.367309E-02  3.745574E-02  4.126401E-02  4.507943E-02  4.888262E-02  5.265295E-02  5.636818E-02  6.000405E-02  6.309262E-02  6.566576E-02  6.815125E-02  7.013752E-02  7.167565E-02  7.315839E-02     0.0745813  7.594024E-02  7.723173E-02  7.845374E-02
  7.989562E-02  8.174236E-02  8.361366E-02  8.527249E-02     0.0867435     0.0880482  8.920484E-02  9.125262E-02  9.440992E-02  9.641994E-02             0
