 51            10 
             0    -0.2561998    -0.2464726    -0.2382024    -0.2325289    -0.2267077    -0.2196864    -0.2125401    -0.2069012    -0.2020998    -0.1970005    -0.1902392    -0.1799095    -0.1675912    -0.1546342    -0.1422269    -0.1305197    -0.1175559    -0.1035205 -8.853137E-02
 -7.264155E-02 -5.583511E-02 -3.954758E-02 -2.384481E-02 -7.371624E-03  8.527959E-03  2.368244E-02     0.0391202  5.467327E-02  7.020137E-02  8.366743E-02  9.509781E-02      0.106401     0.1157116      0.123103     0.1299785     0.1363332     0.1426174     0.1488223      0.154939
      0.162464     0.1727176     0.1839712     0.1947469     0.2050542     0.2143728     0.2226845     0.2382854     0.2653891     0.2883008             0
             0    -0.2617659    -0.2526948    -0.2452824    -0.2395631     -0.233293    -0.2259763    -0.2187966    -0.2132704    -0.2086385    -0.2037927     -0.197455    -0.1879088    -0.1762845    -0.1636168    -0.1504024    -0.1374185    -0.1234391    -0.1087569 -9.347553E-02
 -7.767147E-02 -6.110983E-02 -4.446462E-02 -2.807258E-02 -1.093376E-02   5.90581E-03     0.0221293  3.849011E-02  5.481401E-02  7.096494E-02  8.476478E-02  9.634417E-02     0.1076804     0.1169712     0.1243741     0.1313568     0.1378855     0.1443654      0.150764      0.157071
     0.1648237     0.1752757     0.1866011     0.1973256     0.2074798     0.2168983     0.2254976     0.2415446     0.2682854     0.2903755             0
             0    -0.3398895    -0.3304304    -0.3221465    -0.3155687    -0.3081101    -0.2991553    -0.2901278    -0.2830459    -0.2770385    -0.2706815    -0.2622774     -0.249429    -0.2335198    -0.2159195    -0.1973744    -0.1789754    -0.1590688     -0.138095    -0.1162246
 -9.358875E-02 -6.987253E-02 -4.606227E-02 -2.264443E-02  1.775724E-03  2.567674E-02  4.858356E-02  7.151932E-02  9.418851E-02     0.1163487     0.1349951     0.1504233     0.1652812     0.1772294     0.1866181     0.1953446     0.2033661      0.211186     0.2187614      0.226078
     0.2348807     0.2463405     0.2581258     0.2686604     0.2780154     0.2861266     0.2930113     0.3049133     0.3199959     0.3243288             0
             0    -0.4174441    -0.4118898    -0.4054442    -0.3998308    -0.3927671    -0.3835749    -0.3736262      -0.36545    -0.3583198    -0.3505837    -0.3401252    -0.3236722     -0.302718    -0.2790411    -0.2537965    -0.2285486    -0.2011879    -0.1723748    -0.1423656
    -0.1113571 -7.892139E-02 -4.639538E-02 -1.440185E-02  1.898273E-02  5.168608E-02  8.305917E-02      0.114477     0.1454838     0.1756708       0.20086     0.2214892     0.2410671     0.2565001     0.2684282     0.2793063     0.2890701     0.2983356     0.3070415      0.315166
     0.3245759     0.3360429     0.3466241     0.3549017     0.3611001      0.365431     0.3681595     0.3711554     0.3670608     0.3507244             0
             0    -0.4808685     -0.484549    -0.4839424    -0.4822173    -0.4782791    -0.4714158    -0.4623213    -0.4539541    -0.4462041    -0.4373637    -0.4249143    -0.4044064    -0.3773302    -0.3461379    -0.3127232    -0.2793692    -0.2435557    -0.2062392    -0.1677389
    -0.1282745 -8.723231E-02 -4.619779E-02 -5.804572E-03  3.649564E-02  7.817986E-02     0.1185257     0.1593465     0.2000725     0.2401201     0.2737631     0.3013323     0.3273551     0.3475798     0.3629652      0.376694     0.3886376     0.3995287     0.4092588     0.4177863
     0.4269393      0.436531     0.4429971     0.4457394     0.4454642     0.4429688     0.4389601     0.4287728     0.4023608      0.368055             0
             0    -0.5296603    -0.5472635     -0.557369    -0.5636498    -0.5672416    -0.5672734    -0.5622864    -0.5552083    -0.5474559    -0.5375254    -0.5223868    -0.4956203    -0.4590893     -0.416969    -0.3725135    -0.3291022    -0.2836482    -0.2373745    -0.1905149
    -0.1431704 -9.441268E-02 -4.589639E-02  1.894212E-03  5.220784E-02     0.1022664     0.1514646     0.2022237     0.2540838     0.3064869     0.3517959     0.3896659     0.4259447     0.4542587     0.4756335     0.4943382     0.5100015     0.5234276     0.5343237     0.5425725
      0.549659     0.5532585     0.5497226     0.5411054     0.5293221     0.5161197     0.5027024     0.4758898     0.4274212       0.37915             0
             0     -0.558547    -0.5898643    -0.6133102    -0.6311241    -0.6477181    -0.6621928    -0.6681174    -0.6656281    -0.6590253    -0.6474268    -0.6270101    -0.5881233     -0.535812    -0.4784299    -0.4206991    -0.3668605    -0.3125778    -0.2589477    -0.2058127
    -0.1529577 -9.906582E-02 -4.569426E-02  6.896105E-03  6.253098E-02     0.1183988      0.174172     0.2329752     0.2948432      0.359811     0.4188176     0.4703321     0.5220652     0.5642961     0.5968609     0.6255537     0.6491451     0.6680228     0.6809134     0.6872137
     0.6875141     0.6755933     0.6516241     0.6240436     0.5962389     0.5703121     0.5472144     0.5053453     0.4412306     0.3848148             0
             0    -0.5719156    -0.6112924    -0.6441054    -0.6712362    -0.7005177    -0.7325823    -0.7561275    -0.7630872    -0.7594724    -0.7446709    -0.7144999    -0.6573342    -0.5868449    -0.5156249    -0.4477422    -0.3869929    -0.3274219    -0.2697156    -0.2133011
    -0.1576878    -0.1012991 -4.560018E-02  9.289533E-03  6.750523E-02     0.1262594     0.1854304     0.2486153     0.3163322     0.3893602     0.4583132      0.521019     0.5874257     0.6453822     0.6923609      0.735854     0.7733061     0.8034379     0.8211217     0.8221939
     0.8076362     0.7697766     0.7206337     0.6745818     0.6338102      0.598948     0.5697843     0.5193305     0.4473992     0.3872613             0
             0    -0.5794193    -0.6238972     -0.663319     -0.697718    -0.7384647    -0.7898872    -0.8393509    -0.8655651    -0.8702084    -0.8470311    -0.7974247    -0.7138652    -0.6236834    -0.5403582    -0.4647244    -0.3992068    -0.3362161    -0.2759928    -0.2176192
    -0.1603964    -0.1025734 -4.554773E-02     0.0106522  7.034797E-02     0.1307786     0.1919648     0.2578244     0.3292572     0.4077013     0.4838988     0.5555143     0.6350557     0.7094889      0.773868     0.8385691     0.9011038     0.9586756     0.9956229     0.9772915
     0.9274518     0.8487788     0.7712398     0.7084047     0.6574626     0.6162579     0.5830885     0.5272799     0.4507994      0.388588             0
             0    -0.5832936    -0.6306289    -0.6740971    -0.7133911    -0.7631048    -0.8333628    -0.9184327    -0.9869372     -1.026132    -0.9683405    -0.8763381    -0.7568327    -0.6476268    -0.5550538    -0.4742722    -0.4058732    -0.3409269    -0.2793152     -0.219887
    -0.1618122    -0.1032379 -4.552086E-02  1.136154E-02  7.183157E-02     0.1331467     0.1954116     0.2627325     0.3362572     0.4178893      0.498658     0.5763915     0.6660964     0.7556832     0.8391317      0.932957      1.043347      1.185485         1.376      1.206005
      1.053267     0.9112485     0.8047802     0.7286501     0.6708068     0.6256879     0.5901948     0.5314177     0.4525343     0.3892581             0
