 51            10 
             0    -0.2579111    -0.2490798    -0.2422612    -0.2367601     -0.230322     -0.223144    -0.2162388    -0.2109862    -0.2066198    -0.2020949    -0.1962487    -0.1876875    -0.1772065    -0.1656844    -0.1525951    -0.1384086    -0.1243546    -0.1097208 -9.450386E-02
 -7.930045E-02 -6.415197E-02 -4.840541E-02 -3.215835E-02 -1.623037E-02  1.238363E-04  1.679586E-02  3.284714E-02  4.906046E-02  6.535205E-02  7.889698E-02  9.004319E-02     0.1007023     0.1091468     0.1156484     0.1223202     0.1291401     0.1356564      0.141854     0.1481948
     0.1562833     0.1666252     0.1779493     0.1887032     0.1979472     0.2079175     0.2182789     0.2361629     0.2640056     0.2876613             0
             0    -0.2625058    -0.2535559    -0.2466077    -0.2410078    -0.2344582    -0.2271329    -0.2200583    -0.2146608    -0.2101654    -0.2054984    -0.1994585    -0.1905968    -0.1797454    -0.1678434    -0.1544228    -0.1399688    -0.1256198    -0.1106388 -9.502999E-02
 -7.937825E-02 -6.373149E-02 -4.747827E-02 -3.074617E-02 -1.433699E-02  2.458133E-03     0.0195107  3.592908E-02  5.251129E-02  6.915423E-02  8.301884E-02  9.445383E-02     0.1054139     0.1141082     0.1207969     0.1276373     0.1345987     0.1412347     0.1475367     0.1539722
     0.1621474     0.1725956     0.1840339     0.1948549     0.2041551     0.2140153     0.2239451     0.2409659     0.2678138     0.2902435             0
             0    -0.3409207    -0.3316743    -0.3239826    -0.3175772    -0.3098525    -0.3009471    -0.2920931    -0.2851985     -0.279382    -0.2732691    -0.2652666    -0.2533365    -0.2384521    -0.2218754    -0.2029626    -0.1824191    -0.1619978    -0.1406173      -0.11829
 -9.587073E-02 -7.345132E-02 -5.017995E-02 -2.626239E-02 -2.871607E-03  2.097081E-02     0.0450531  6.807699E-02  9.111316E-02      0.113978     0.1327542     0.1480378      0.162462     0.1736992     0.1822262     0.1908134     0.1994219     0.2074917     0.2150145     0.2225393
     0.2319115     0.2434973     0.2555338      0.266332      0.275056     0.2836151     0.2916861      0.304479     0.3199074      0.324277             0
             0    -0.4193188    -0.4144441    -0.4088921    -0.4036682     -0.396682    -0.3878344    -0.3782786    -0.3704259    -0.3635866    -0.3561899    -0.3462562    -0.3309545    -0.3112045    -0.2886901    -0.2626401    -0.2341379    -0.2059102    -0.1764211    -0.1456946
    -0.1149121 -8.419215E-02 -5.235287E-02 -1.965412E-02  1.232137E-02  4.492608E-02  7.787079E-02     0.1093628     0.1408238     0.1719267     0.1972668     0.2176983      0.236723     0.2512741      0.262145     0.2728877     0.2834437     0.2931066      0.301866     0.3103436
     0.3205503     0.3324344      0.343576     0.3524674     0.3586346     0.3634548     0.3669973     0.3707224     0.3673159     0.3507438             0
             0    -0.4841858    -0.4899021    -0.4910982    -0.4905119    -0.4878492    -0.4823175    -0.4742713    -0.4665542    -0.4592761    -0.4508786    -0.4390021    -0.4196246    -0.3934234    -0.3629232     -0.327491    -0.2889103    -0.2513675    -0.2127358    -0.1729837
    -0.1335662 -9.452384E-02 -5.424161E-02 -1.292104E-02  2.756304E-02  6.904611E-02     0.1112539     0.1519667     0.1930594     0.2340403     0.2676335     0.2947396     0.3198666     0.3388525     0.3528397     0.3663857     0.3793706     0.3908691     0.4008497     0.4099803
     0.4202937     0.4309021     0.4385788     0.4426112     0.4434648     0.4416314     0.4378462     0.4281933     0.4028642     0.3681317             0
             0    -0.5348548    -0.5572146    -0.5714101    -0.5809245    -0.5890718    -0.5934469    -0.5915989    -0.5861192     -0.579236    -0.5697694    -0.5548098    -0.5280356    -0.4903227     -0.446683    -0.3972588    -0.3449892    -0.2960089    -0.2471895    -0.1981591
    -0.1504336    -0.1037651 -5.597194E-02 -7.042464E-03  4.104305E-02  9.071545E-02     0.1418765     0.1920865     0.2439103     0.2968472     0.3413945     0.3780059     0.4124345     0.4385934     0.4577654      0.476036     0.4930597       0.50741     0.5189214     0.5282317
     0.5371292     0.5430356     0.5421105     0.5360749     0.5274546     0.5153921     0.5014343     0.4750209     0.4280796     0.3792688             0
             0    -0.5653658    -0.6048661    -0.6362206    -0.6613941    -0.6894636    -0.7161053    -0.7317691    -0.7340699    -0.7294406     -0.717691    -0.6949281    -0.6506732    -0.5905137     -0.525888    -0.4578654    -0.3899758    -0.3296119    -0.2718732    -0.2155239
     -0.161773    -0.1099032 -5.717644E-02 -3.302851E-03  4.979188E-02     0.1050725     0.1627298     0.2204117     0.2816001     0.3462667     0.4032004      0.451941     0.4998999     0.5380332     0.5666679     0.5943151     0.6198386     0.6402317     0.6544157     0.6624657
     0.6654451     0.6581079     0.6391556     0.6160211     0.5940564     0.5700544     0.5456755     0.5041772     0.4419595     0.3849572             0
             0    -0.5796179    -0.6294515    -0.6733128    -0.7118675    -0.7604553    -0.8162956     -0.863319    -0.8840692    -0.8859759    -0.8678253    -0.8268051    -0.7515745    -0.6625015    -0.5769203    -0.4937178    -0.4148299     -0.347289    -0.2844203    -0.2241384
    -0.1673112    -0.1128789 -5.777274E-02 -1.529368E-03  5.398476E-02      0.112033     0.1730061     0.2346984     0.3012786     0.3733356     0.4391176     0.4976813     0.5584107     0.6101533     0.6512065     0.6933015     0.7341278     0.7672361     0.7875437     0.7906398
     0.7784311     0.7467687     0.7046399     0.6643413     0.6313322     0.5989912     0.5680752     0.5179917     0.4481558     0.3874142             0
             0     -0.587657    -0.6441203    -0.6969873    -0.7463586    -0.8142282    -0.9044164     -1.003429      -1.07127     -1.100237     -1.055163    -0.9672505    -0.8404413    -0.7173548    -0.6122265    -0.5169661    -0.4302214    -0.3579059    -0.2918055    -0.2291398
    -0.1704992    -0.1145848 -5.811795E-02  -5.23904E-04  5.637471E-02     0.1160248     0.1789523     0.2430748     0.3130563     0.3900401      0.462232     0.5286075     0.6008397      0.667102     0.7236193     0.7874729     0.8569905     0.9221918     0.9668862     0.9481131
     0.8956875     0.8224403     0.7529978     0.6966326     0.6547788     0.6165162     0.5812731     0.5258359     0.4515703     0.3887468             0
             0    -0.5918217    -0.6520352    -0.7105049    -0.7674022    -0.8510095    -0.9775636     -1.161085     -1.373945     -1.626569     -1.357939     -1.125157    -0.9141726    -0.7549868    -0.6339424    -0.5303833    -0.4387546    -0.3636492    -0.2957405    -0.2317785
    -0.1721711    -0.1154769 -5.829958E-02 -1.877002E-06  5.761995E-02     0.1181133     0.1820826     0.2475264      0.319414      0.399284     0.4755127     0.5472686     0.6284996     0.7084254     0.7825003     0.8777815      1.003778      1.171268       1.41081      1.206674
      1.027328     0.8842307     0.7855399     0.7160044     0.6680107      0.626083     0.5883219     0.5299163     0.4533121     0.3894199             0
