 51            10 
             0    -0.2562429    -0.2471646    -0.2399832    -0.2343314    -0.2278246    -0.2204658    -0.2132892    -0.2077742    -0.2031577    -0.1983398    -0.1920698    -0.1827852    -0.1714394    -0.1594102    -0.1467607    -0.1335539     -0.119839    -0.1056716 -9.110739E-02
 -7.617795E-02 -6.079543E-02 -4.427555E-02 -2.766617E-02 -1.103231E-02  5.549435E-03  2.201162E-02     0.0383018  5.436664E-02  7.014926E-02  8.366162E-02  9.502631E-02     0.1061538     0.1152148     0.1223458     0.1293564     0.1362457     0.1430153     0.1496678      0.156207
      0.164244     0.1747373     0.1858987     0.1962416     0.2057265     0.2146848     0.2230778     0.2386904     0.2656677     0.2885534             0
             0    -0.2614976    -0.2523818    -0.2450928    -0.2393865    -0.2328735    -0.2254772    -0.2182373    -0.2126594    -0.2079816    -0.2030888    -0.1967044     -0.187206    -0.1755518    -0.1631445    -0.1501177     -0.136618    -0.1225493    -0.1079505    -0.0928879
    -0.0774224 -6.152648E-02    -0.0447656 -2.779975E-02 -1.074567E-02  6.206834E-03  2.295741E-02  3.954102E-02  5.591879E-02     0.0720189  8.578673E-02  9.734669E-02     0.1086401     0.1178079     0.1249981     0.1320251      0.138884     0.1455939      0.152169     0.1586242
     0.1665674     0.1770473     0.1883072     0.1988711     0.2086333     0.2178018     0.2263087     0.2420133     0.2685412     0.2904418             0
             0    -0.3395085    -0.3299606    -0.3217856    -0.3151814    -0.3074168    -0.2983448     -0.289224    -0.2820643    -0.2759892    -0.2695638    -0.2610915    -0.2483042    -0.2323502    -0.2151323    -0.1968592    -0.1777698    -0.1577594    -0.1369126     -0.115351
 -9.318808E-02    -0.0704118 -4.643199E-02 -2.219562E-02  2.102742E-03  2.616183E-02  4.980353E-02  7.303882E-02  9.576816E-02     0.1178409     0.1364264     0.1518131     0.1665996     0.1783766     0.1874827     0.1962449     0.2046527      0.212727     0.2204839     0.2279398
     0.2369117     0.2483391     0.2599712     0.2702771     0.2792056     0.2870366     0.2937858     0.3052964     0.3199992     0.3243202             0
             0    -0.4167387    -0.4109011    -0.4043766    -0.3985316    -0.3910512    -0.3816194    -0.3714824    -0.3631715    -0.3559351    -0.3481013    -0.3375548    -0.3212052    -0.3002296    -0.2771618    -0.2523665    -0.2263061    -0.1989102    -0.1703489    -0.1408215
    -0.1105011 -7.938055E-02 -4.666618E-02 -1.356889E-02  1.965548E-02  5.260263E-02  8.501735E-02     0.1168894     0.1480299     0.1781487     0.2032958     0.2238998     0.2434091     0.2586372     0.2702144     0.2811325     0.2913582     0.3009061     0.3097877     0.3180194
     0.3275303     0.3388419     0.3490824     0.3569835     0.3626905     0.3666647     0.3691387     0.3716194      0.366867     0.3506561             0
             0    -0.4796045    -0.4824495    -0.4811557    -0.4785804    -0.4738892    -0.4663869    -0.4568195     -0.448177    -0.4402479    -0.4312799    -0.4187636    -0.3985389    -0.3716491    -0.3415857    -0.3090684     -0.275036    -0.2395118    -0.2027764    -0.1650898
    -0.1266379 -8.735324E-02 -4.617306E-02 -4.419068E-03     0.0376913  7.975526E-02     0.1215349     0.1630814     0.2041629     0.2443365     0.2781342     0.3058549     0.3319678     0.3520637      0.367097     0.3809528     0.3935156     0.4047554      0.414654     0.4232188
     0.4323072     0.4414711     0.4471665     0.4491703     0.4481978     0.4451205     0.4405669     0.4295368     0.4020596     0.3679435             0
             0    -0.5276681    -0.5433353    -0.5513437    -0.5552966    -0.5570833    -0.5552145    -0.5488405    -0.5410769    -0.5329822    -0.5229386    -0.5079697    -0.4822456    -0.4468294    -0.4071839    -0.3647791    -0.3213504    -0.2769654     -0.231925    -0.1864281
    -0.1405463    -0.0940334 -4.547147E-02  3.886913E-03     0.0539998     0.1046295     0.1557412     0.2076599     0.2603441     0.3134135     0.3594792     0.3980835     0.4350519     0.4636658     0.4849267     0.5041465     0.5209008     0.5349267     0.5460365     0.5541759
      0.560774      0.563219     0.5578072     0.5475088     0.5344213     0.5200649     0.5054981     0.4771615      0.427084     0.3790094             0
             0    -0.5559236    -0.5839186     -0.603045    -0.6159804    -0.6282993    -0.6375762    -0.6393755    -0.6349552    -0.6276041    -0.6161411    -0.5969616    -0.5617449    -0.5134281    -0.4613759    -0.4078961    -0.3552856    -0.3032058    -0.2516338     -0.200467
    -0.1495098 -9.825523E-02 -4.494404E-02  9.337833E-03  6.477887E-02     0.1214015     0.1795206     0.2399634     0.3032809     0.3697778     0.4306352     0.4840672     0.5378842     0.5816309     0.6149514     0.6454219      0.671558     0.6919549     0.7053514     0.7111625
     0.7097411     0.6945891     0.6661544     0.6348983     0.6045702     0.5765183      0.551413      0.507127      0.440898      0.384659             0
             0    -0.5689487    -0.6040795    -0.6307788    -0.6507344    -0.6728603     -0.695158    -0.7098978    -0.7126368    -0.7076513    -0.6935125    -0.6667702    -0.6179757    -0.5557623    -0.4930098    -0.4314706    -0.3729886    -0.3164425    -0.2613416    -0.2072677
    -0.1538024    -0.1002595 -4.468151E-02  1.195674E-02  6.998575E-02     0.1295993     0.1913598     0.2564824     0.3260777     0.4012966     0.4730465     0.5388213     0.6088876     0.6700405     0.7192348     0.7668909     0.8099107     0.8439392     0.8631685     0.8626305
     0.8433001     0.7980921     0.7409189     0.6889453     0.6444696     0.6066752     0.5748756     0.5214055     0.4470743     0.3870989             0
             0    -0.5762439    -0.6158534    -0.6478009    -0.6731387    -0.7039285    -0.7404601    -0.7750414    -0.7948084    -0.7993993    -0.7755073    -0.7315043    -0.6624888    -0.5855154    -0.5135957    -0.4460613    -0.3836002    -0.3242127    -0.2669616    -0.2111683
    -0.1562495    -0.1013971 -4.452978E-02  1.345057E-02  7.296491E-02     0.1343196     0.1982458     0.2662362     0.3398399     0.4209556     0.5006929     0.5763656     0.6610959     0.7406806     0.8093234     0.8821868     0.9563593      1.024545      1.068233      1.043025
     0.9799481     0.8863373     0.7964059     0.7254303     0.6697739     0.6250176     0.5887654      0.529537     0.4504804     0.3884221             0
             0    -0.5800052    -0.6221076    -0.6572229    -0.6861448    -0.7236453    -0.7743702    -0.8395452    -0.9103488    -0.9956678    -0.8909541    -0.7957895    -0.6959693    -0.6045122    -0.5256268    -0.4541793    -0.3893424    -0.3283485    -0.2699222    -0.2132097
    -0.1575249    -0.1019884 -4.445014E-02  1.422909E-02  7.452082E-02     0.1367955     0.2018832     0.2714445     0.3473122     0.4319138     0.5167151     0.5992216     0.6953751     0.7920793     0.8823563     0.9906581      1.125401      1.301924      1.547946      1.322561
      1.128047     0.9572877      0.833584     0.7474194     0.6841302     0.6350559     0.5962071      0.533775     0.4522188     0.3890904             0
