 51            10 
             0    -0.1152235    -0.1189228    -0.1166761    -0.1142091    -0.1109447    -0.1069966    -0.1030114 -9.990323E-02 -9.728432E-02 -9.453809E-02 -9.095202E-02 -8.562399E-02 -7.909524E-02 -7.215914E-02 -6.484748E-02    -0.0571912 -4.921947E-02 -4.095811E-02 -3.242652E-02
 -2.363196E-02 -1.456128E-02 -5.181673E-03  4.374691E-03  1.400951E-02  2.364654E-02  3.322416E-02  4.269066E-02  5.200133E-02  6.111672E-02  6.889106E-02  7.540977E-02  8.177142E-02  8.693282E-02     0.0909837  9.495368E-02  9.884034E-02     0.1026415     0.1063552     0.1099796
     0.1143968     0.1203383     0.1267522     0.1327843     0.1384321     0.1436951     0.1485744     0.1575695      0.172696     0.1793709             0
             0    -0.1175639    -0.1214092    -0.1191614    -0.1166755    -0.1133761    -0.1093768    -0.1053322    -0.1021735 -9.950966E-02 -9.671397E-02 -9.306034E-02    -0.0876258    -0.0809577 -7.386606E-02 -6.638443E-02 -5.854521E-02 -5.037833E-02    -0.0419106 -3.316328E-02
 -2.414646E-02 -1.485029E-02 -5.244071E-03  4.540011E-03  1.440124E-02  2.426109E-02  3.405569E-02  4.373116E-02  5.324062E-02  6.254242E-02  7.046714E-02  7.710552E-02  8.357683E-02     0.0888207  9.293258E-02  9.695847E-02     0.1008958     0.1047424     0.1084963     0.1121558
     0.1166102     0.1225907     0.1290299     0.1350693     0.1407079     0.1459467     0.1507887     0.1596867     0.1745001     0.1806346             0
             0    -0.1542085    -0.1605451    -0.1583636    -0.1556103    -0.1517564     -0.146923     -0.141903    -0.1379147    -0.1345161    -0.1309146    -0.1261651    -0.1190127    -0.1101098    -0.1005274 -9.031939E-02 -7.954118E-02 -6.824643E-02     -0.056485 -4.429855E-02
 -3.171228E-02 -1.872238E-02 -5.295567E-03  8.364911E-03  2.210009E-02  3.578133E-02  4.929905E-02  6.255559E-02     0.0754609  8.793053E-02  9.839096E-02     0.1070315     0.1153184     0.1219083     0.1270039     0.1319176     0.1366449     0.1411821     0.1455264     0.1496762
     0.1546196     0.1610294     0.1675879      0.173406     0.1785204     0.1829741     0.1868145     0.1933641     0.2016951      0.198085             0
             0    -0.1898768     -0.200424    -0.1993853    -0.1970849    -0.1933508     -0.188264    -0.1826589    -0.1780444    -0.1740305    -0.1696979    -0.1638897    -0.1549552    -0.1435807     -0.131134    -0.1177208    -0.1034504 -8.842546E-02     -0.072736 -5.645131E-02
 -3.960891E-02 -2.219892E-02 -4.167293E-03  1.420984E-02  3.271943E-02  5.118714E-02  6.945715E-02  8.737824E-02     0.1047948     0.1215422     0.1354588      0.146826     0.1575584     0.1659156     0.1722663     0.1782662     0.1839026     0.1891658     0.1940498     0.1985523
     0.2037058     0.2099411     0.2156481     0.2200624     0.2233361       0.22563     0.2271009     0.2286823      0.226395     0.2115544             0
             0    -0.2183221      -0.23441    -0.2357159    -0.2347551    -0.2320408     -0.227535    -0.2219499    -0.2170509    -0.2126416    -0.2077426    -0.2010141    -0.1903598    -0.1764307    -0.1609512    -0.1441475    -0.1262378    -0.1074094 -8.780672E-02 -6.752287E-02
 -4.658871E-02 -2.495783E-02 -2.516722E-03  2.042985E-02  4.366444E-02  6.701686E-02  9.032949E-02     0.1134298     0.1361078     0.1580986     0.1764504     0.1914147     0.2054328     0.2161712     0.2241934     0.2315993     0.2383481     0.2444091     0.2497631     0.2544043
     0.2593243     0.2644302     0.2678131     0.2691556        0.2689     0.2674607     0.2651902     0.2595449     0.2449572      0.220377             0
             0    -0.2395724    -0.2618864    -0.2665589    -0.2677897    -0.2670456    -0.2640541    -0.2591625    -0.2543272    -0.2497175    -0.2443601    -0.2367415    -0.2242247    -0.2074138    -0.1885576    -0.1681148    -0.1464772    -0.1239386    -0.1006899 -7.682234E-02
    -0.0523257 -2.707857E-02 -8.665182E-04  2.603574E-02  5.347077E-02  8.134412E-02      0.109576     0.1380575     0.1666054     0.1949118     0.2190438     0.2389694     0.2577599     0.2721036     0.2826992     0.2922752     0.3007036     0.3078808     0.3137391     0.3182572
     0.3222643     0.3246708     0.3234025     0.3192786     0.3133604     0.3064838      0.299241     0.2847814     0.2581606     0.2260196             0
             0    -0.2517654    -0.2790378    -0.2870076     -0.290642    -0.2923558    -0.2915802    -0.2880213    -0.2836065    -0.2789953    -0.2732822    -0.2647948    -0.2503088     -0.230533    -0.2084425    -0.1847904    -0.1601218    -0.1347824    -0.1089528 -8.267725E-02
 -5.587605E-02 -2.834095E-02  2.442978E-04  2.966423E-02  5.984799E-02  9.081163E-02     0.1226083     0.1552813     0.1888076     0.2230194     0.2531784     0.2787499     0.3034862     0.3227417     0.3370352     0.3498721     0.3608945     0.3697736     0.3762695     0.3802949
     0.3823648     0.3798773     0.3713628     0.3598224     0.3471448     0.3344981     0.3225183     0.3004637     0.2654425     0.2288991             0
             0    -0.2573129    -0.2872064    -0.2971414     -0.302335    -0.3058201    -0.3068697     -0.304623    -0.3007265    -0.2962117    -0.2902431    -0.2810375    -0.2649549    -0.2430177    -0.2188055    -0.1932273    -0.1668647     -0.140045    -0.1129083 -8.545142E-02
 -5.754456E-02 -2.892575E-02  7.795361E-04  3.139391E-02     0.0628999  9.538373E-02     0.1289895     0.1638781     0.2001774     0.2379062     0.2719768     0.3015222     0.3308658     0.3543794     0.3721483     0.3883194     0.4022211     0.4131214     0.4203698     0.4236575
     0.4232197     0.4152669     0.4000472       0.38262      0.365197     0.3488747     0.3341051     0.3078702     0.2686955     0.2301424             0
             0    -0.2603984    -0.2918616    -0.3030546    -0.3093028    -0.3140788    -0.3166087    -0.3156086    -0.3122959    -0.3079318    -0.3017246    -0.2918251    -0.2743388    -0.2507353    -0.2250373    -0.1981992    -0.1707804    -0.1430687    -0.1151637    -0.0870247
 -5.848691E-02 -2.925394E-02  1.084819E-03  3.237646E-02  6.463745E-02  9.799928E-02     0.1326669     0.1688843     0.2068953     0.2468806     0.2835988     0.3159903     0.3488873     0.3760246     0.3970106     0.4165956     0.4338194     0.4473983     0.4558225     0.4579241
     0.4540958     0.4401802     0.4189822     0.3969669     0.3761705     0.3573988     0.3408562     0.3120665     0.2704885     0.2308167             0
             0    -0.2619818    -0.2942902     -0.306195    -0.3130689    -0.3186672    -0.3222534    -0.3223275     -0.319647    -0.3154967     -0.309031    -0.2984428    -0.2798021     -0.255047    -0.2284266    -0.2008564    -0.1728492    -0.1446538    -0.1163397 -8.784194E-02
 -5.897509E-02 -2.942332E-02  1.243822E-03  3.288712E-02  6.554191E-02  9.936517E-02     0.1345969     0.1715309     0.2104841     0.2517488     0.2900358     0.3242028      0.359485     0.3893319     0.4129907     0.4358318     0.4568683     0.4744352     0.4856088      0.484991
     0.4761496     0.4561067     0.4301851     0.4050565     0.3821724     0.3619695     0.3444299     0.3142455     0.2714033     0.2311572             0
