 51            10 
             0  1.840585E-02  1.965558E-02  2.034216E-02  2.085824E-02  2.144046E-02  2.209044E-02  2.271778E-02  2.319655E-02  2.359559E-02  2.401033E-02  2.454798E-02  2.533991E-02  2.630208E-02  2.731807E-02  2.838433E-02  2.949709E-02  3.065237E-02  3.184601E-02  3.307368E-02
  3.433088E-02  3.561298E-02  3.691521E-02  3.823265E-02  3.956034E-02  4.089328E-02  4.222653E-02  4.355524E-02  4.487468E-02     0.0461803  4.730681E-02  4.826012E-02     0.0491995  4.996939E-02  5.057785E-02  5.117843E-02  5.177072E-02  5.235434E-02     0.0529289  5.349407E-02
  5.418835E-02  5.513376E-02     0.0561717  5.716509E-02  5.811224E-02  5.901168E-02  5.986223E-02  6.146356E-02  6.436939E-02  6.662284E-02             0
             0  1.827357E-02  1.952484E-02  2.021503E-02  2.073423E-02  2.132027E-02  2.197475E-02  2.260666E-02  2.308903E-02  2.349111E-02  2.390908E-02  2.445097E-02     0.0252493  2.621946E-02  2.724406E-02  2.831953E-02  2.944204E-02  3.060755E-02  3.181184E-02  3.305049E-02
  3.431895E-02  3.561247E-02  3.692621E-02  3.825516E-02  3.959423E-02  4.093836E-02  4.228248E-02  4.362166E-02  4.495107E-02  4.626606E-02  4.740017E-02  4.835959E-02  4.930463E-02  5.007885E-02  5.069056E-02  5.129417E-02  5.188927E-02  5.247547E-02  5.305239E-02  5.361968E-02
  5.431635E-02     0.0552645  5.630468E-02  5.729949E-02  5.824725E-02  5.914659E-02  5.999638E-02  6.159502E-02  6.448909E-02  6.671765E-02             0
             0  1.621371E-02  1.748549E-02     0.0182297  1.879627E-02  1.944064E-02  2.016447E-02  2.086687E-02  2.140488E-02     0.0218543  2.232241E-02  2.293049E-02  2.382872E-02  2.492378E-02     0.0260835  2.730365E-02  2.857959E-02  2.990633E-02  3.127862E-02  3.269088E-02
  3.413728E-02  3.561178E-02  3.710806E-02     0.0386196  4.013974E-02  4.166174E-02  4.317893E-02     0.0446847  4.617267E-02  4.763665E-02  4.889154E-02     0.0499477  5.098223E-02  5.182464E-02  5.248739E-02  5.313843E-02  5.377731E-02  5.440357E-02  5.501682E-02  5.561671E-02
  5.634944E-02  5.733838E-02  5.841078E-02  5.942409E-02  6.037756E-02     0.0612709  6.210422E-02  6.365161E-02  6.634343E-02  6.816864E-02             0
             0  1.457113E-02  1.583522E-02  1.660865E-02  1.720395E-02  1.788648E-02  1.865851E-02  1.941232E-02  1.999219E-02  2.047787E-02  2.098505E-02  2.164545E-02  2.262424E-02  2.382225E-02  2.509532E-02  2.643852E-02  2.784637E-02  2.931299E-02  3.083209E-02  3.239704E-02
  3.400091E-02  3.563648E-02     0.0372962     0.0389722  4.065637E-02  4.234045E-02     0.0440161      0.045675  4.730894E-02     0.0489099  5.027515E-02  5.141895E-02  5.253347E-02  5.343566E-02  5.414237E-02     0.0548334  5.550819E-02  5.616621E-02  5.680704E-02  5.743029E-02
  5.818703E-02  5.919881E-02  6.028161E-02  6.129083E-02  6.222726E-02  6.309234E-02  6.388799E-02  6.534488E-02  6.777795E-02  6.921092E-02             0
             0  1.346786E-02  1.470699E-02     0.0154883  1.609516E-02     0.0167962  1.759456E-02  1.837899E-02  1.898503E-02      0.019494  2.002686E-02  2.072234E-02  2.175647E-02  2.302694E-02  2.438109E-02  2.581321E-02  2.731701E-02  2.888572E-02  3.051223E-02  3.218913E-02
  3.390877E-02  3.566321E-02  3.744422E-02  3.924312E-02  4.105097E-02  4.285849E-02  4.465622E-02  4.643448E-02  4.818347E-02  4.989336E-02  5.134682E-02     0.0525606     0.0537386  5.468756E-02  5.542814E-02     0.0561493  5.685033E-02  5.753059E-02  5.818959E-02  5.882694E-02
  5.959623E-02  6.061526E-02  6.169166E-02  6.268163E-02  6.358805E-02  6.441461E-02  6.516538E-02  6.652363E-02  6.872054E-02  6.985791E-02             0
             0  1.274878E-02  1.395813E-02  1.473598E-02  1.534458E-02  1.605223E-02  1.686313E-02  1.766459E-02  1.828634E-02  1.880985E-02  1.935923E-02  2.007787E-02  2.114958E-02  2.247043E-02  2.388163E-02  2.537661E-02  2.694818E-02  2.858881E-02  3.029072E-02  3.204601E-02
  3.384662E-02  3.568433E-02  3.755061E-02  3.943655E-02  4.133284E-02     0.0432298  4.511736E-02  4.698505E-02  4.882191E-02  5.061665E-02       0.05214  5.340976E-02  5.463873E-02  5.562507E-02  5.639245E-02  5.713703E-02  5.785783E-02  5.855406E-02     0.0592251  5.987053E-02
  6.064506E-02     0.0616616  6.272187E-02  6.368493E-02  6.455643E-02     0.0653426  6.604968E-02     0.0673175  6.932528E-02  7.025652E-02             0
             0  1.237678E-02  1.356413E-02  1.433554E-02  1.494171E-02     0.0156495  1.646399E-02  1.727243E-02  1.790152E-02  1.843224E-02  1.899017E-02  1.972118E-02  2.081363E-02  2.216288E-02  2.360641E-02  2.513685E-02  2.674637E-02     0.0284269  3.017031E-02  3.196846E-02
     0.0338132  3.569625E-02  3.760909E-02  3.954282E-02  4.148814E-02  4.343535E-02  4.537426E-02  4.729415E-02  4.918364E-02  5.103062E-02  5.259833E-02  5.390437E-02  5.516697E-02  5.617824E-02  5.696347E-02  5.772348E-02      0.058457  5.916297E-02  5.984063E-02  6.048951E-02
  6.126446E-02  6.227401E-02  6.331681E-02  6.425577E-02  6.509913E-02  6.585518E-02  6.653167E-02  6.773932E-02  6.963468E-02  7.045493E-02             0
             0  1.221518E-02  1.339153E-02  1.415902E-02  1.476326E-02  1.547019E-02  1.628538E-02  1.709628E-02  1.772832E-02  1.826207E-02  1.882374E-02  1.956031E-02  2.066224E-02  2.202459E-02  2.348298E-02  2.502963E-02  2.665634E-02  2.835483E-02     0.0301168  3.193406E-02
     0.0337984  3.570159E-02  3.763513E-02  3.959016E-02  4.155743E-02  4.352729E-02  4.548956E-02  4.743348E-02  4.934755E-02     0.0512194  5.280869E-02  5.413272E-02  5.541233E-02  5.643643E-02  5.723095E-02  5.799901E-02  5.873911E-02  5.944999E-02  6.013072E-02     0.0607808
  6.155499E-02  6.255925E-02     0.0635912     0.0645164     0.0653446  6.608512E-02  6.674636E-02  6.792483E-02  6.976844E-02  7.053971E-02             0
             0     0.0121273  1.329727E-02  1.406228E-02  1.466522E-02  1.537138E-02  1.618665E-02  1.699867E-02  1.763221E-02  1.816759E-02  1.873131E-02  1.947096E-02  2.057825E-02  2.194799E-02  2.341474E-02  2.497045E-02  2.660673E-02  2.831515E-02  3.008738E-02  3.191515E-02
  3.379028E-02  3.570453E-02  3.764945E-02     0.0396162     0.0415956  4.357799E-02  4.555326E-02  4.751063E-02  4.943857E-02     0.0513246  5.292637E-02  5.426094E-02  5.555065E-02  5.658252E-02  5.738271E-02  5.815573E-02  5.889988E-02  5.961375E-02  6.029626E-02  6.094687E-02
  6.172021E-02  6.272059E-02  6.374536E-02  6.466193E-02  6.548093E-02  6.621224E-02     0.0668646  6.802633E-02      0.069841  7.058545E-02             0
             0  1.208284E-02  1.324944E-02  1.401308E-02  1.461526E-02  1.532093E-02  1.613612E-02  1.694861E-02  1.758288E-02  1.811906E-02  1.868383E-02  1.942508E-02  2.053515E-02  2.190876E-02  2.337984E-02  2.494022E-02  2.658141E-02  2.829493E-02  3.007239E-02  3.190552E-02
  3.378614E-02  3.570603E-02  3.765674E-02  3.962947E-02  4.161505E-02  4.360387E-02     0.0455858     0.0475501  4.948523E-02  5.137867E-02  5.298703E-02  5.432721E-02     0.0556224  5.665853E-02  5.746187E-02  5.823769E-02  5.898416E-02  5.969974E-02  6.038323E-02  6.103401E-02
  6.180666E-02  6.280458E-02  6.382515E-02  6.473688E-02  6.555086E-02  6.627724E-02  6.692491E-02  6.807788E-02  6.987767E-02  7.060847E-02             0
