 51            10 
             0    -0.2649983    -0.2561955    -0.2493906    -0.2438987    -0.2374698    -0.2303007    -0.2234029    -0.2181555    -0.2137931    -0.2092721    -0.2034307    -0.1948759    -0.1844018    -0.1728865    -0.1598042    -0.1456247     -0.131577    -0.1169491    -0.1017378
 -8.653937E-02 -7.139536E-02 -5.565294E-02 -3.940966E-02 -2.348493E-02 -7.133598E-03  9.535942E-03  2.558525E-02  4.179706E-02  5.808757E-02  7.163201E-02  8.277807E-02     0.0934373     0.1018821     0.1083841     0.1150564      0.121877     0.1283941     0.1345925     0.1409344
     0.1490244     0.1593687     0.1706961     0.1814539      0.190702     0.2006778      0.211046     0.2289441      0.256824     0.2805958             0
             0    -0.2695915    -0.2606711    -0.2537371    -0.2481466    -0.2416064      -0.23429     -0.227223    -0.2218307    -0.2173394    -0.2126763    -0.2066413     -0.197786    -0.1869417    -0.1750466     -0.161633    -0.1471859    -0.1328432    -0.1178681    -0.1022648
 -8.661806E-02 -7.097577E-02 -5.472666E-02    -0.0379983 -2.159235E-02 -4.800062E-03  1.225006E-02  2.866653E-02  4.524726E-02  6.188917E-02  7.575335E-02  8.718825E-02  9.814847E-02     0.1068432     0.1135323     0.1203733     0.1273354     0.1339722     0.1402751     0.1467117
     0.1548885     0.1653392     0.1767809      0.187606     0.1969105     0.2067764      0.216713     0.2337478     0.2606335      0.283174             0
             0    -0.3480063    -0.3387894     -0.331112     -0.324716    -0.3170007    -0.3081042    -0.2992578    -0.2923685     -0.286556    -0.2804471    -0.2724494    -0.2605259    -0.2456485    -0.2290787     -0.210173    -0.1896363    -0.1692213    -0.1478467    -0.1255249
    -0.1031106 -8.069568E-02 -5.742842E-02 -3.351462E-02 -1.012706E-02  1.371252E-02  3.779238E-02  6.081436E-02  8.384905E-02     0.1067129     0.1254886     0.1407721     0.1551965     0.1664341     0.1749615     0.1835493     0.1921585     0.2002291     0.2077528     0.2152788
     0.2246526     0.2362408     0.2482808     0.2590831     0.2678114     0.2763761      0.284454     0.2972609     0.3127271     0.3172073             0
             0    -0.4264044    -0.4215593    -0.4160214     -0.410807    -0.4038302    -0.3949916    -0.3854434    -0.3775959    -0.3707607    -0.3633679    -0.3534391    -0.3381439    -0.3184009    -0.2958934    -0.2698504    -0.2413552    -0.2131337    -0.1836505    -0.1529295
    -0.1221521 -9.143653E-02 -5.960136E-02 -2.690636E-02  5.065911E-03  3.766778E-02  7.061005E-02     0.1021001     0.1335596     0.1646615     0.1900012     0.2104326     0.2294575      0.244009     0.2548803     0.2656236     0.2761802      0.285844     0.2946044      0.303083
     0.3132913      0.325178     0.3363231     0.3452185       0.35139     0.3562158     0.3597651     0.3635043     0.3601357     0.3436741             0
             0    -0.4912714    -0.4970173    -0.4982276    -0.4976507    -0.4949974    -0.4894747     -0.481436    -0.4737242    -0.4664502    -0.4580567    -0.4461849    -0.4268139    -0.4006198    -0.3701265    -0.3347014    -0.2961275     -0.258591    -0.2199652    -0.1802186
    -0.1408061    -0.1017682    -0.0614901 -2.017328E-02  2.030757E-02     0.0617878     0.1039932      0.144704     0.1857952     0.2267752     0.2603679     0.2874739     0.3126011     0.3315874      0.345575     0.3591216     0.3721072     0.3836065     0.3935881     0.4027197
     0.4130348     0.4236456     0.4313258     0.4353623     0.4362202     0.4343924      0.430614     0.4209752     0.3956839      0.361062             0
             0    -0.5419403    -0.5643298    -0.5785394    -0.5880632      -0.59622     -0.600604    -0.5987636    -0.5932892    -0.5864101    -0.5769475    -0.5619927     -0.535225    -0.4975191    -0.4538864    -0.4044691    -0.3522065    -0.3032324    -0.2544188    -0.2053941
    -0.1576736    -0.1110094 -6.322044E-02 -1.429471E-02  3.378758E-02  8.345713E-02     0.1346157     0.1848238     0.2366462     0.2895821     0.3341289     0.3707402      0.405169     0.4313283     0.4505007     0.4687718     0.4857963     0.5001474     0.5116597     0.5209711
     0.5298702     0.5357791     0.5348575      0.528826     0.5202099     0.5081531      0.494202     0.4678028     0.4208994     0.3721991             0
             0    -0.5724513    -0.6119812    -0.6433499     -0.668533    -0.6966118    -0.7232625    -0.7389338    -0.7412398    -0.7366147     -0.724869    -0.7021109    -0.6578625    -0.5977101    -0.5330914    -0.4650757     -0.397193    -0.3368354    -0.2791026    -0.2227588
    -0.1690129    -0.1171476 -6.442494E-02    -0.0105551  4.253641E-02  9.781418E-02      0.155469      0.213149      0.274336     0.3390016     0.3959348     0.4446753     0.4926344     0.5307682     0.5594032      0.587051     0.6125752      0.632969      0.647154     0.6552051
     0.6581861     0.6508514     0.6319025     0.6087722     0.5868117     0.5628154     0.5384433      0.496959     0.4347792     0.3778875             0
             0    -0.5867034    -0.6365667    -0.6804422    -0.7190064    -0.7676034    -0.8234528    -0.8704838    -0.8912392      -0.89315    -0.8750033     -0.833988    -0.7587638    -0.6696979    -0.5841236    -0.5009282    -0.4220472    -0.3545125    -0.2916497    -0.2313733
    -0.1745512    -0.1201233 -6.502124E-02 -8.781618E-03  4.672929E-02     0.1047747     0.1657453     0.2274358     0.2940144     0.3660705      0.431852     0.4904156     0.5511452     0.6028882     0.6439418     0.6860373     0.7268644     0.7599735      0.780282     0.7833792
     0.7711721     0.7395121     0.6973868     0.6570924     0.6240876     0.5917522      0.560843     0.5107735     0.4409755     0.3803445             0
             0    -0.5947425    -0.6512355    -0.7041167    -0.7534974    -0.8213764    -0.9115736     -1.010594      -1.07844     -1.107411     -1.062341    -0.9744334    -0.8476307    -0.7245513    -0.6194298    -0.5241764    -0.4374386    -0.3651294    -0.2990349    -0.2363748
    -0.1777391    -0.1218292 -6.536645E-02 -7.776154E-03  4.911924E-02     0.1087665     0.1716915     0.2358121     0.3057922     0.3827749     0.4549664     0.5213419     0.5935741     0.6598368     0.7163545     0.7802088      0.849727     0.9149292     0.9596245     0.9408525
     0.8884285     0.8151838     0.7457448     0.6893837     0.6475342     0.6092772     0.5740408     0.5186177       0.44439     0.3816771             0
             0    -0.5989073    -0.6591503    -0.7176342     -0.774541    -0.8581577    -0.9847208      -1.16825     -1.381115     -1.633743     -1.365117     -1.132339     -0.921362    -0.7621831    -0.6411458    -0.5375937    -0.4459718    -0.3708727    -0.3029698    -0.2390135
     -0.179411    -0.1227213 -6.554808E-02 -7.254127E-03  5.036448E-02      0.110855     0.1748218     0.2402638     0.3121499     0.3920189     0.4682471     0.5400029     0.6212341     0.7011603     0.7752356     0.8705173     0.9965146      1.164006      1.403548      1.199413
      1.020069     0.8769742     0.7782869     0.7087555     0.6607661      0.618844     0.5810897     0.5226982     0.4461318     0.3823502             0
