 51            10 
             0    -0.2632722    -0.2535873    -0.2453364    -0.2396736    -0.2338611    -0.2268486    -0.2197098    -0.2140762    -0.2092791     -0.204184     -0.197428    -0.1871057    -0.1747954    -0.1618459    -0.1494451    -0.1377433    -0.1247849    -0.1107548 -9.577078E-02
 -7.988581E-02 -6.308397E-02 -4.680044E-02 -3.110103E-02 -1.463092E-02  1.266096E-03  1.641857E-02  3.185472E-02  4.740661E-02  6.293397E-02  7.639982E-02     0.0878303  9.913391E-02     0.1084451     0.1158371     0.1227133     0.1290687     0.1353539     0.1415598     0.1476778
     0.1552045     0.1654609     0.1767184     0.1874987     0.1978112     0.2071355     0.2154532     0.2310676      0.258211     0.2812308             0
             0     -0.268846    -0.2598091    -0.2524126    -0.2467036    -0.2404426     -0.233135     -0.225963    -0.2204422    -0.2158145    -0.2109728    -0.2046402    -0.1951009    -0.1834841    -0.1708237    -0.1576163    -0.1446385     -0.130665    -0.1159885    -0.1007124
 -8.491328E-02 -6.835622E-02 -5.171508E-02 -3.532657E-02 -1.819098E-02 -1.354175E-03     0.0148671  3.122612E-02  4.754868E-02  6.369874E-02  7.749824E-02  8.907764E-02     0.1004142     0.1097054     0.1171089     0.1240922     0.1306217     0.1371025     0.1435021     0.1498103
     0.1575647     0.1680194     0.1793485     0.1900774     0.2002366     0.2096607     0.2182662     0.2343269     0.2611067     0.2833045             0
             0    -0.3469698    -0.3375446    -0.3292767    -0.3227091    -0.3152596     -0.306314    -0.2972942    -0.2902176    -0.2842144    -0.2778615    -0.2694625     -0.256621    -0.2407193    -0.2231263    -0.2045881    -0.1861953    -0.1662946    -0.1453265    -0.1234615
    -0.1008305 -7.711887E-02 -5.331269E-02 -2.989837E-02  -5.48146E-03  1.841678E-02  4.132138E-02  6.425533E-02  8.692318E-02     0.1090825     0.1277286     0.1431568     0.1580149     0.1699636     0.1793528       0.18808     0.1961023     0.2039231     0.2114995     0.2188173
     0.2276217     0.2390841     0.2508732     0.2614121     0.2707721     0.2788889     0.2857798     0.2976955     0.3128173     0.3172576             0
             0    -0.4245244    -0.4190041    -0.4125744    -0.4069712    -0.3999166    -0.3907335    -0.3807926    -0.3726217    -0.3654957    -0.3577638    -0.3473103    -0.3308642    -0.3099175     -0.286248    -0.2610103    -0.2357684    -0.2084137    -0.1796063    -0.1496024
    -0.1185989 -8.616772E-02 -5.364579E-02 -2.165579E-02  1.172554E-02  4.442612E-02  7.579698E-02      0.107213     0.1382184     0.1684046     0.1935934     0.2142227     0.2338009     0.2492343     0.2611629     0.2720417     0.2818063     0.2910726     0.2997796     0.3079052
     0.3173169     0.3287866     0.3393715     0.3476534     0.3538569     0.3581933      0.360928     0.3639376     0.3598821     0.3436532             0
             0    -0.4879487    -0.4916632    -0.4910727    -0.4893577    -0.4854286    -0.4785745    -0.4694877    -0.4611258      -0.45338    -0.4445437    -0.4320994    -0.4115984    -0.3845298    -0.3533448    -0.3199369    -0.2865891    -0.2507815    -0.2134707    -0.1749757
    -0.1355162 -9.447864E-02    -0.0534482 -1.305851E-02  2.923846E-02     0.0709199     0.1112635     0.1520825     0.1928071     0.2328539     0.2664965     0.2940657     0.3200889      0.340314        0.3557     0.3694293     0.3813738     0.3922657     0.4019969     0.4105255
     0.4196803     0.4292747     0.4357445     0.4384911     0.4382209     0.4357311     0.4317286      0.421555     0.3951821     0.3609839             0
             0    -0.5367406    -0.5543777    -0.5644992    -0.5707902    -0.5743911    -0.5744321    -0.5694528      -0.56238    -0.5546318    -0.5447054     -0.529572    -0.5028123    -0.4662888    -0.4241758    -0.3797272     -0.336322     -0.290874     -0.244606    -0.1977517
    -0.1504121     -0.101659    -0.0531468 -5.359732E-03  4.495065E-02  9.500648E-02     0.1442024     0.1949597     0.2468185     0.2992207     0.3445294     0.3823993     0.4186785     0.4469928     0.4683683     0.4870735     0.5027377     0.5161647     0.5270618     0.5353118
     0.5423998     0.5460021       0.54247     0.5338571     0.5220788      0.508882     0.4954708      0.468672     0.4202425     0.3720789             0
             0    -0.5656272    -0.5969785    -0.6204404    -0.6382645    -0.6548676    -0.6693515    -0.6752838    -0.6727999    -0.6662012    -0.6546068    -0.6341952    -0.5953153    -0.5430115    -0.4856367    -0.4279129    -0.3740804    -0.3198036    -0.2661792    -0.2130495
    -0.1601994    -0.1063121 -5.294467E-02 -3.578397E-04  5.527379E-02     0.1111388     0.1669098     0.2257112     0.2875778     0.3525448     0.4115511     0.4630655     0.5147989     0.5570303     0.5895956      0.618289     0.6418812     0.6607597     0.6736515     0.6799529
      0.680255     0.6683369     0.6443714     0.6167952     0.5889956     0.5630745     0.5399829     0.4981275      0.434052     0.3777436             0
             0    -0.5789959    -0.6184066    -0.6512356    -0.6783766    -0.7076672     -0.739741    -0.7632939    -0.7702589    -0.7666483     -0.751851    -0.7216849    -0.6645262    -0.5940444    -0.5228317    -0.4549559    -0.3942128    -0.3346477    -0.2769471    -0.2205379
    -0.1649295    -0.1085454 -5.285059E-02  2.035588E-03  6.024804E-02     0.1189994     0.1781682     0.2413513     0.3090669     0.3820939     0.4510466     0.5137524     0.5801594     0.6381163     0.6850956     0.7285894     0.7660421     0.7961749     0.8138597     0.8149331
     0.8003771     0.7625201      0.713381     0.6673334     0.6265668     0.5917103     0.5625528     0.5121127     0.4402205     0.3801901             0
             0    -0.5864995    -0.6310115    -0.6704492    -0.7048584    -0.7456142    -0.7970459    -0.8465172    -0.8727368    -0.8773844    -0.8542111    -0.8046097    -0.7210572    -0.6308829     -0.547565    -0.4719381    -0.4064267    -0.3434419    -0.2832242     -0.224856
    -0.1676382    -0.1098197 -5.279814E-02  3.398258E-03  6.309078E-02     0.1235186     0.1847026     0.2505604     0.3219919      0.400435     0.4766322     0.5482477     0.6277894     0.7022231     0.7666026     0.8313044     0.8938399     0.9514125     0.9883608     0.9700307
     0.9201926     0.8415224     0.7639871     0.7011564     0.6502193     0.6090202      0.575857     0.5200621     0.4436207     0.3815168             0
             0    -0.5903738    -0.6377432    -0.6812274    -0.7205315    -0.7702543    -0.8405215     -0.925599    -0.9941089     -1.033307    -0.9755205    -0.8835231    -0.7640247    -0.6548263    -0.5622606    -0.4814859     -0.413093    -0.3481527    -0.2865467    -0.2271238
     -0.169054    -0.1104842 -5.277127E-02     0.0041076  6.457438E-02     0.1258868     0.1881495     0.2554685     0.3289918     0.4106231     0.4913914     0.5691249       0.65883     0.7484173     0.8318663     0.9256923      1.036083      1.178222      1.368738      1.198744
      1.046008     0.9039921     0.7975276     0.7214018     0.6635635     0.6184502     0.5829632        0.5242     0.4453556     0.3821869             0
