 51            10 
             0  3.193398E-02  3.210749E-02  3.221744E-02  3.229825E-02     0.0323864  3.248169E-02  3.257113E-02  3.263817E-02  3.269343E-02     0.0327503  3.282335E-02     0.0329296  3.305685E-02  3.318958E-02  3.332742E-02  3.347002E-02  3.361699E-02  3.376791E-02  3.392238E-02
  3.407996E-02  3.424021E-02  3.440268E-02  3.456693E-02  3.473248E-02  3.489888E-02  3.506565E-02  3.523235E-02  3.539851E-02  3.556368E-02  3.570694E-02     0.0358287  3.594925E-02  3.604856E-02  3.612732E-02  3.620534E-02  3.628259E-02      0.036359  3.643452E-02  3.650912E-02
  3.660114E-02  3.672726E-02  3.686696E-02  3.700187E-02  3.713167E-02  3.725606E-02  3.737476E-02  3.760024E-02  3.802031E-02  3.841453E-02             0
             0     0.0319303      0.032104  3.221409E-02  3.229501E-02  3.238329E-02  3.247873E-02  3.256832E-02  3.263546E-02  3.269082E-02  3.274778E-02  3.282095E-02     0.0329274  3.305487E-02  3.318783E-02  3.332593E-02     0.0334688  3.361603E-02  3.376724E-02  3.392199E-02
  3.407986E-02  3.424041E-02  3.440318E-02  3.456771E-02  3.473356E-02  3.490024E-02     0.0350673  3.523427E-02  3.540069E-02     0.0355661  3.570956E-02     0.0358315  3.595221E-02  3.605164E-02     0.0361305  3.620861E-02  3.628594E-02  3.636244E-02  3.643804E-02  3.651271E-02
  3.660482E-02  3.673105E-02  3.687085E-02  3.700585E-02  3.713573E-02  3.726018E-02  3.737892E-02  3.760445E-02     0.0380245  3.841842E-02             0
             0  3.187381E-02  3.205029E-02  3.216257E-02  3.224521E-02  3.233548E-02  3.243318E-02  3.252497E-02  3.259381E-02  3.265058E-02  3.270902E-02  3.278412E-02  3.289341E-02  3.302436E-02  3.316101E-02  3.330299E-02  3.344991E-02  3.360134E-02  3.375687E-02  3.391605E-02
  3.407842E-02  3.424351E-02  3.441084E-02  3.457992E-02  3.475026E-02  3.492137E-02  3.509274E-02     0.0352639  3.543434E-02  3.560358E-02  3.575022E-02  3.587474E-02     0.0359979  3.609926E-02  3.617959E-02  3.625911E-02  3.633778E-02  3.641554E-02  3.649235E-02  3.656815E-02
  3.666158E-02  3.678948E-02     0.0369309  3.706726E-02  3.719822E-02  3.732352E-02  3.744287E-02  3.766919E-02  3.808865E-02  3.847776E-02             0
             0  3.183327E-02  3.201161E-02  3.212537E-02     0.0322092  3.230085E-02  3.240013E-02  3.249347E-02  3.256351E-02  3.262129E-02  3.268079E-02  3.275727E-02  3.286861E-02  3.300209E-02  3.314142E-02  3.328624E-02  3.343614E-02  3.359068E-02  3.374941E-02  3.391188E-02
     0.0340776  3.424609E-02  3.441683E-02  3.458932E-02  3.476303E-02  3.493746E-02  3.511208E-02  3.528637E-02  3.545982E-02  3.563193E-02  3.578092E-02  3.590735E-02  3.603232E-02  3.613507E-02  3.621647E-02  3.629701E-02  3.637663E-02  3.645528E-02  3.653293E-02     0.0366095
  3.670384E-02  3.683285E-02  3.697531E-02  3.711247E-02  3.724405E-02  3.736975E-02  3.748933E-02  3.771579E-02  3.813388E-02  3.851857E-02             0
             0     0.0318081     0.0319875  3.210214E-02  3.218667E-02  3.227915E-02  3.237938E-02  3.247367E-02  3.254445E-02  3.260285E-02  3.266301E-02  3.274034E-02  3.285296E-02  3.298801E-02  3.312904E-02  3.327566E-02  3.342744E-02  3.358395E-02  3.374473E-02     0.0339093
  3.407717E-02  3.424783E-02  3.442076E-02  3.459544E-02  3.477133E-02  3.494791E-02  3.512462E-02  3.530095E-02  3.547635E-02  3.565031E-02  3.580081E-02  3.592848E-02  3.605459E-02  3.615824E-02  3.624031E-02  3.632148E-02  3.640169E-02     0.0364809  3.655906E-02     0.0366361
  3.673097E-02  3.686062E-02  3.700365E-02  3.714124E-02  3.727309E-02  3.739894E-02  3.751855E-02  3.774487E-02  3.816165E-02  3.854319E-02             0
             0  3.179258E-02  3.197259E-02  3.208774E-02  3.217269E-02  3.226566E-02  3.236647E-02  3.246133E-02  3.253256E-02  3.259134E-02     0.0326519  3.272976E-02  3.284317E-02  3.297921E-02  3.312129E-02  3.326903E-02      0.033422  3.357975E-02  3.374181E-02     0.0339077
  3.407692E-02  3.424896E-02  3.442327E-02  3.459934E-02  3.477662E-02  3.495455E-02  3.513261E-02  3.531022E-02  3.548687E-02  3.566201E-02  3.581349E-02  3.594194E-02  3.606879E-02  3.617299E-02  3.625549E-02  3.633706E-02  3.641764E-02  3.649719E-02  3.657566E-02  3.665299E-02
  3.674818E-02  3.687819E-02  3.702154E-02  3.715934E-02  3.729131E-02  3.741719E-02  3.753677E-02  3.776288E-02  3.817863E-02  3.855807E-02             0
             0  3.178486E-02  3.196515E-02  3.208054E-02  3.216569E-02     0.0322589  3.235998E-02  3.245513E-02  3.252658E-02  3.258555E-02  3.264631E-02  3.272443E-02  3.283824E-02  3.297477E-02  3.311738E-02  3.326569E-02  3.341926E-02  3.357763E-02  3.374034E-02     0.0339069
  3.407681E-02  3.424953E-02  3.442455E-02  3.460132E-02     0.0347793  3.495793E-02  3.513667E-02  3.531495E-02  3.549224E-02  3.566799E-02  3.581997E-02  3.594882E-02  3.607604E-02  3.618054E-02  3.626325E-02  3.634502E-02  3.642579E-02  3.650551E-02  3.658414E-02  3.666161E-02
  3.675695E-02  3.688714E-02  3.703062E-02     0.0371685     0.0373005  3.742638E-02  3.754592E-02  3.777188E-02  3.818706E-02     0.0385654             0
             0  3.178155E-02  3.196197E-02  3.207746E-02  3.216269E-02      0.032256     0.0323572  3.245247E-02  3.252401E-02  3.258307E-02  3.264391E-02  3.272214E-02  3.283612E-02  3.297286E-02  3.311571E-02  3.326425E-02  3.341808E-02  3.357672E-02  3.373971E-02  3.390656E-02
  3.407675E-02  3.424978E-02     0.0344251  3.460218E-02  3.478046E-02  3.495939E-02  3.513842E-02  3.531699E-02  3.549455E-02  3.567057E-02  3.582276E-02  3.595179E-02  3.607918E-02     0.0361838  3.626661E-02  3.634847E-02  3.642932E-02  3.650911E-02     0.0365878  3.666533E-02
  3.676074E-02      0.036891  3.703454E-02  3.717245E-02  3.730446E-02  3.743033E-02  3.754984E-02  3.777574E-02  3.819065E-02  3.856852E-02             0
             0  3.177977E-02  3.196025E-02     0.0320758  3.216107E-02  3.225444E-02     0.0323557  3.245103E-02  3.252262E-02  3.258172E-02  3.264261E-02     0.0327209  3.283497E-02  3.297183E-02     0.0331148  3.326348E-02  3.341744E-02  3.357623E-02  3.373937E-02  3.390637E-02
  3.407673E-02  3.424992E-02     0.0344254  3.460264E-02  3.478109E-02  3.496018E-02  3.513937E-02     0.0353181  3.549581E-02  3.567197E-02  3.582428E-02     0.0359534  3.608088E-02  3.618557E-02  3.626843E-02  3.635034E-02  3.643123E-02  3.651107E-02  3.658979E-02  3.666735E-02
  3.676279E-02  3.689309E-02  3.703666E-02  3.717459E-02  3.730661E-02  3.743247E-02  3.755197E-02  3.777782E-02  3.819259E-02     0.0385702             0
             0  3.177888E-02  3.195938E-02  3.207495E-02  3.216025E-02  3.225365E-02  3.235494E-02     0.0324503  3.252192E-02  3.258104E-02  3.264195E-02  3.272028E-02  3.283439E-02  3.297131E-02  3.311434E-02  3.326309E-02  3.341712E-02  3.357598E-02     0.0337392  3.390628E-02
  3.407672E-02  3.424998E-02  3.442555E-02  3.460288E-02     0.0347814  3.496058E-02  3.513985E-02  3.531865E-02  3.549644E-02  3.567268E-02  3.582505E-02  3.595422E-02  3.608174E-02  3.618647E-02  3.626935E-02  3.635128E-02     0.0364322  3.651205E-02     0.0365908  3.666837E-02
  3.676383E-02  3.689415E-02  3.703773E-02  3.717567E-02  3.730769E-02  3.743355E-02  3.755303E-02  3.777887E-02  3.819356E-02  3.857104E-02             0
