 51            10 
             0    -0.2631138    -0.2540844    -0.2469285    -0.2412893    -0.2347895    -0.2274366    -0.2202655    -0.2147549    -0.2101425    -0.2053294    -0.1990666    -0.1897952    -0.1784683     -0.166461    -0.1538318    -0.1406422    -0.1269549    -0.1128413    -0.0983896
 -8.373429E-02 -6.953392E-02 -5.744517E-02 -3.730085E-02 -1.890202E-02 -1.377327E-03  1.562636E-02  3.223331E-02  4.846697E-02  6.430683E-02  7.778826E-02  8.907852E-02     0.1000846     0.1090044     0.1159999     0.1228504     0.1295522     0.1361018     0.1424965     0.1487342
     0.1563334     0.1665537     0.1775879     0.1879691     0.1976897     0.2067434     0.2151334     0.2306053     0.2569489     0.2759002             0
             0    -0.2682225    -0.2591414     -0.251914    -0.2462207    -0.2396604    -0.2322274    -0.2249611    -0.2193659     -0.214676    -0.2097746    -0.2033872    -0.1939103    -0.1823035    -0.1699793     -0.157012    -0.1434725    -0.1294076    -0.1148802 -9.998049E-02
 -8.485656E-02    -0.0702097    -0.0525215    -0.0346591 -1.719026E-02  1.218684E-04  1.722351E-02  3.406127E-02  5.057996E-02  6.672126E-02  8.046236E-02  9.196565E-02     0.1031702     0.1122394     0.1193439     0.1262918     0.1330778     0.1396973     0.1461469     0.1524249
     0.1600608     0.1703407     0.1814295     0.1918656     0.2016316     0.2106764     0.2190192     0.2343466     0.2602253     0.2815015             0
             0    -0.3460934    -0.3365488    -0.3284204    -0.3218176    -0.3139817      -0.30485    -0.2956837    -0.2884943    -0.2823983    -0.2759576    -0.2674782     -0.254719    -0.2388358    -0.2217436    -0.2035671    -0.1844327    -0.1644354    -0.1436926    -0.1223599
    -0.1006729 -7.965832E-02 -5.428286E-02 -2.870412E-02 -3.758347E-03  2.086465E-02  4.505398E-02  6.869442E-02  9.166291E-02     0.1138276      0.132399     0.1477224     0.1623968      0.174043     0.1830329     0.1916843     0.1999874     0.2079345     0.2155205     0.2227437
     0.2313243     0.2424415     0.2537872      0.263827      0.272624     0.2802066     0.2866768     0.2976036     0.3113238     0.3151197             0
             0    -0.4230109     -0.417012    -0.4104121     -0.404507     -0.396885    -0.3873219     -0.377086    -0.3687166     -0.361443    -0.3535856    -0.3430338     -0.326746    -0.3059259    -0.2830996    -0.2585267    -0.2324741    -0.2051484    -0.1767643    -0.1475658
    -0.1178838 -8.911224E-02 -5.431017E-02 -1.921803E-02     0.0150476     0.0489279  8.226842E-02     0.1148842      0.146549     0.1769899     0.2022798     0.2229239     0.2423888     0.2575091     0.2689708     0.2797644     0.2898617     0.2992416     0.3078908     0.3158056
     0.3247907     0.3355407     0.3452018     0.3524714     0.3576806     0.3610937     0.3630168     0.3644483     0.3580357     0.3412221             0
             0    -0.4853758    -0.4875858    -0.4858161     -0.482955    -0.4778804    -0.4700035    -0.4601684    -0.4513893    -0.4433888    -0.4343941    -0.4219095    -0.4018875    -0.3754352    -0.3459412    -0.3140061    -0.2802002    -0.2449316    -0.2085435    -0.1713526
    -0.1337341 -9.736611E-02 -5.334261E-02    -0.0088835  3.474447E-02  7.822889E-02     0.1214799     0.1643294     0.2064948      0.247544     0.2819554     0.3100958     0.3364999     0.3567108     0.3717685      0.385598     0.3980967     0.4091835     0.4188071     0.4269504
     0.4353066     0.4433801      0.447836     0.4483985     0.4461459     0.4418802     0.4362674      0.423377     0.3932836     0.3583681             0
             0    -0.5328037    -0.5468977      -0.55348    -0.5565158    -0.5571796    -0.5541484     -0.546943     -0.538799    -0.5305481    -0.5205135    -0.5057687    -0.4807848    -0.4466844    -0.4084904    -0.3675318    -0.3248755    -0.2811572    -0.2367851    -0.1920444
     -0.147235    -0.1041611 -5.206873E-02   6.49886E-04     0.0527629     0.1053578     0.1586125     0.2126133     0.2672813     0.3222673     0.3699917     0.4099801      0.448234     0.4777598     0.4996303     0.5193262     0.5364259     0.5505576     0.5614582     0.5690316
     0.5744661     0.5744954     0.5662058     0.5526749     0.5367398     0.5200626     0.5036129     0.4722366     0.4184554     0.3693522             0
             0    -0.5605152    -0.5857639    -0.6019561    -0.6127493    -0.6222623    -0.6282889    -0.6275071    -0.6219004    -0.6141438    -0.6028994    -0.5847123    -0.5519921    -0.5072289     -0.458474    -0.4079412    -0.3569824    -0.3061499    -0.2556426    -0.2055124
    -0.1558444    -0.1083941 -5.111089E-02  6.963212E-03  6.475185E-02      0.123772     0.1846207     0.2479134      0.314239     0.3840521     0.4482642     0.5049198     0.5622935     0.6091785     0.6449945     0.6778219     0.7060354     0.7278206     0.7415434     0.7464151
     0.7424095     0.7209719     0.6855147     0.6474736     0.6116913     0.5797162     0.5517319      0.503188     0.4323978     0.3749636             0
             0    -0.5732455    -0.6048539    -0.6274126    -0.6440496    -0.6614313    -0.6774971    -0.6863555    -0.6859813    -0.6799194    -0.6666537    -0.6428202    -0.5998546    -0.5443048    -0.4868808    -0.4296428    -0.3735221    -0.3186426    -0.2648676    -0.2120011
    -0.1599471     -0.110391    -0.0506321  1.000609E-02  7.055715E-02     0.1327961     0.1976117     0.2660419     0.3393165     0.4188912     0.4954749     0.5663508     0.6427597     0.7104377     0.7655063      0.819536     0.8690163     0.9083307      0.929842     0.9268056
     0.9004729     0.8409299     0.7702019     0.7072875     0.6548669     0.6118478     0.5764651     0.5179832     0.4386408     0.3773878             0
             0    -0.5803622    -0.6159287    -0.6428288    -0.6638464    -0.6879829    -0.7146848    -0.7379506     -0.749926    -0.7507038    -0.7304152    -0.6939996    -0.6362849    -0.5696751    -0.5050419    -0.4429266    -0.3833645    -0.3259394    -0.2701887    -0.2157123
    -0.1622801    -0.1115211 -5.035463E-02  1.174415E-02  7.388223E-02     0.1379984     0.2051796     0.2767694     0.3545044       0.44073     0.5264909     0.6089532     0.7029104     0.7932227     0.8726653     0.9589784      1.049292      1.134395      1.189864      1.153371
       1.06954     0.9467067     0.8344754     0.7482662     0.6824843     0.6314905     0.5911553     0.5264226     0.4420862     0.3787026             0
             0    -0.5840268    -0.6217825      -0.65127      -0.67515    -0.7043973    -0.7414838    -0.7868586    -0.8356515    -0.8826638    -0.8160458     -0.742692    -0.6626902    -0.5854747    -0.5154936    -0.4502521    -0.3886616    -0.3298094    -0.2729849     -0.217651
    -0.1634941    -0.1121073 -5.020874E-02  1.265068E-02  7.561992E-02     0.1407293     0.2091813     0.2825063     0.3627704     0.4529517     0.5445874     0.6351616     0.7430497     0.8548946     0.9622119      1.095282      1.267394      1.502789      1.861287      1.525606
      1.261258      1.034872      0.878538     0.7733182     0.6982719     0.6422842     0.5990448     0.5308258     0.4438456     0.3793667             0
