 51            10 
             0    -0.1217075    -0.1259597    -0.1238433    -0.1214364    -0.1182147     -0.114298    -0.1103337     -0.107238     -0.104628    -0.1018899 -9.831302E-02 -9.299639E-02 -8.647896E-02 -7.955291E-02 -7.225031E-02 -6.460227E-02 -5.663808E-02 -4.838364E-02 -3.985842E-02
 -3.106973E-02 -2.200445E-02 -1.262983E-02 -3.077944E-03  6.552935E-03     0.0161866  2.576145E-02  3.522576E-02  4.453482E-02  5.364921E-02     0.0614232  6.794194E-02  7.430395E-02  7.946594E-02  8.351743E-02  8.748818E-02  9.137575E-02  9.517797E-02  9.889286E-02     0.1025187
     0.1069378     0.1128824     0.1193005     0.1253375     0.1309909     0.1362603     0.1411469     0.1501587     0.1653446     0.1723828             0
             0    -0.1240481    -0.1284462    -0.1263287    -0.1239028    -0.1206461    -0.1166782    -0.1126544    -0.1095082    -0.1068533    -0.1040657    -0.1004212 -9.499808E-02 -8.834131E-02 -8.125971E-02 -7.378715E-02 -6.595615E-02 -5.779681E-02 -4.933601E-02 -4.059506E-02
    -0.0315841 -2.229334E-02 -1.269209E-02 -2.912471E-03  6.944845E-03  1.680134E-02  2.659318E-02  3.626648E-02  4.577436E-02  5.507516E-02  6.299952E-02  6.963795E-02  7.610962E-02  8.135407E-02  8.546658E-02  8.949322E-02  9.343151E-02  9.727919E-02     0.1010343     0.1046951
     0.1091515     0.1151351     0.1215784     0.1276228      0.133267     0.1385122     0.1433614     0.1522762     0.1671489     0.1736467             0
             0    -0.1606928    -0.1675822    -0.1655309    -0.1628376    -0.1590264    -0.1542244    -0.1492252    -0.1452494    -0.1418597    -0.1382662     -0.133526    -0.1263849    -0.1174933     -0.107921 -9.772203E-02 -8.695205E-02 -7.566484E-02 -6.391033E-02 -5.173025E-02
 -3.914984E-02 -2.616533E-02 -1.274349E-02  9.125361E-04  1.464381E-02  2.832171E-02  4.183668E-02  5.509105E-02  6.799478E-02  8.046342E-02  9.092351E-02  9.956411E-02     0.1078513     0.1144418      0.119538     0.1244526     0.1291807      0.133719     0.1380645     0.1422157
     0.1471611     0.1535739     0.1601366     0.1659596     0.1710795     0.1755397     0.1793874     0.1859538      0.194344     0.1910972             0
             0    -0.1963611    -0.2074611    -0.2065526    -0.2043123    -0.2006208    -0.1955654    -0.1899811    -0.1853791    -0.1813741    -0.1770495    -0.1712506    -0.1623274    -0.1509642    -0.1385276    -0.1251234    -0.1108612 -9.584386E-02    -0.0801613 -6.388299E-02
 -4.704645E-02 -2.964185E-02 -1.161519E-02  6.757493E-03  2.526318E-02  4.372756E-02  6.199482E-02  7.991374E-02  9.732869E-02     0.1140751     0.1279914     0.1393586     0.1500914     0.1584492     0.1648005     0.1708012     0.1764385     0.1817027     0.1865879     0.1910919
     0.1962472     0.2024857     0.2081969     0.2126161     0.2158953     0.2181956     0.2196738      0.221272      0.219044     0.2045666             0
             0    -0.2248064    -0.2414471    -0.2428832    -0.2419824    -0.2393109    -0.2348363    -0.2292721    -0.2243856    -0.2199852    -0.2150943    -0.2083749     -0.197732    -0.1838142    -0.1683448    -0.1515501    -0.1336487    -0.1148278 -9.523203E-02 -7.495454E-02
 -5.402624E-02 -3.240076E-02 -9.964603E-03  1.297752E-02  3.620821E-02     0.0595573  8.286718E-02     0.1059653     0.1286418     0.1506315      0.168983     0.1839474     0.1979658     0.2087049     0.2167277     0.2241343      0.230884     0.2369461     0.2423014     0.2469439
     0.2518659     0.2569748     0.2603619     0.2617093     0.2614593     0.2600263     0.2577631     0.2521346     0.2376062     0.2133893             0
             0    -0.2460567    -0.2689235    -0.2737262     -0.275017    -0.2743156    -0.2713555    -0.2664847    -0.2616619    -0.2570611    -0.2517118    -0.2441024    -0.2315969    -0.2147973    -0.1959512    -0.1755174     -0.153888    -0.1313569    -0.1081152     -0.084254
 -5.976323E-02 -3.452149E-02 -8.314393E-03  1.858341E-02  4.601454E-02  7.388457E-02     0.1021137     0.1305931     0.1591393     0.1874448     0.2115765     0.2315021      0.250293     0.2646373     0.2752335     0.2848102     0.2932396     0.3004178     0.3062774     0.3107968
     0.3148059     0.3172155     0.3159513     0.3118323     0.3059197     0.2990495     0.2918139     0.2773711     0.2508096     0.2190318             0
             0    -0.2582497    -0.2860749    -0.2941749    -0.2978694    -0.2996258    -0.2988815    -0.2953435    -0.2909411    -0.2863389    -0.2806338    -0.2721557     -0.257681    -0.2379165    -0.2158361     -0.192193    -0.1675326    -0.1422008    -0.1163781 -9.010892E-02
 -6.331357E-02 -3.578386E-02 -7.203572E-03  2.221191E-02  5.239177E-02  8.335209E-02      0.115146     0.1478168     0.1813416     0.2155524     0.2457111     0.2712827     0.2960193     0.3152754     0.3295695     0.3424073     0.3534305     0.3623107     0.3688079     0.3728346
     0.3749065      0.372422     0.3639117     0.3523761     0.3397042     0.3270638     0.3150913     0.2930534     0.2580914     0.2219113             0
             0    -0.2637972    -0.2942435    -0.3043087    -0.3095624    -0.3130901     -0.314171    -0.3119452    -0.3080612    -0.3035553    -0.2975947    -0.2883984    -0.2723271    -0.2504012    -0.2261991    -0.2006299    -0.1742756    -0.1474634    -0.1203336 -9.288309E-02
 -6.498209E-02 -3.636867E-02 -6.668332E-03     0.0239416  5.544369E-02  8.792419E-02     0.1215272     0.1564136     0.1927114     0.2304393     0.2645095      0.294055      0.323399     0.3469132     0.3646827     0.3808546     0.3947572     0.4056585     0.4129082     0.4161973
     0.4157614     0.4078117     0.3925961     0.3751738     0.3577563     0.3414403     0.3266781       0.30046     0.2613445     0.2231547             0
             0    -0.2668827    -0.2988987    -0.3102219    -0.3165301    -0.3213488    -0.3239101    -0.3229308    -0.3196305    -0.3152754    -0.3090763    -0.2991859     -0.281711    -0.2581189    -0.2324309    -0.2056018    -0.1781913    -0.1504871     -0.122589 -9.445637E-02
 -6.592444E-02 -3.669685E-02 -6.363048E-03  2.492415E-02  5.718124E-02  9.053975E-02     0.1252046     0.1614199     0.1994293     0.2394136     0.2761315     0.3085231     0.3414204     0.3685584     0.3895451     0.4091308     0.4263555     0.4399356     0.4483609      0.450464
     0.4466376      0.432725     0.4115312     0.3895206     0.3687299     0.3499645     0.3334292     0.3046562     0.2631375     0.2238289             0
             0    -0.2684661    -0.3013273    -0.3133623    -0.3202962    -0.3259372    -0.3295548    -0.3296497    -0.3269817    -0.3228402    -0.3163827    -0.3058036    -0.2871744    -0.2624305    -0.2358202     -0.208259      -0.18026    -0.1520722     -0.123765    -0.0952736
 -6.641261E-02 -3.686623E-02 -6.204044E-03  2.543481E-02  5.808569E-02  9.190564E-02     0.1271346     0.1640665     0.2030181     0.2442819     0.2825685     0.3167356     0.3520181     0.3818657     0.4055252      0.428367     0.4494045     0.4669724     0.4781473     0.4775308
     0.4686914     0.4486515     0.4227341     0.3976103     0.3747317     0.3545352     0.3370028     0.3068352     0.2640522     0.2241694             0
