 51            10 
             0    -0.2631713    -0.2541377    -0.2469796    -0.2413395    -0.2348396    -0.2274867    -0.2203155    -0.2148046    -0.2101919    -0.2053784    -0.1991148    -0.1898417    -0.1785121    -0.1665017    -0.1538694    -0.1406769    -0.1269853    -0.1128646 -9.840462E-02
 -8.374199E-02 -6.907816E-02 -5.221818E-02 -3.527451E-02 -1.833957E-02 -1.496681E-03  1.518268E-02  3.163497E-02  4.780054E-02  6.362133E-02  7.711313E-02  8.842473E-02     0.0994616     0.1084131     0.1154365     0.1223172     0.1290511      0.135635     0.1420662     0.1483434
     0.1559964     0.1663051     0.1774618     0.1879851     0.1978621     0.2070746     0.2156209     0.2313966     0.2583793     0.2811943             0
             0    -0.2683031    -0.2592188    -0.2519858    -0.2462923    -0.2397372    -0.2323097    -0.2250475    -0.2194548    -0.2147665     -0.209866    -0.2034788    -0.1939993    -0.1823859    -0.1700522    -0.1570783    -0.1435396    -0.1294721    -0.1149342    -0.1000171
 -8.486877E-02 -6.972706E-02    -0.0526384    -0.0352073 -1.782417E-02 -5.928598E-04  1.643364E-02      0.033213  4.969743E-02  6.583077E-02  7.958602E-02  9.111264E-02      0.102349     0.1114489     0.1185787     0.1255513     0.1323603     0.1390001     0.1454667     0.1517586
     0.1594125     0.1697644     0.1809719     0.1915756      0.201541      0.210758     0.2192568     0.2348756     0.2612726     0.2831026             0
             0    -0.3462032    -0.3366595    -0.3285277    -0.3219267    -0.3140989    -0.3049758    -0.2958161    -0.2886308    -0.2825373    -0.2760983    -0.2676191     -0.254856    -0.2389625    -0.2218551     -0.203667    -0.1845317    -0.1645292    -0.1437709    -0.1224136
    -0.1006941 -7.897691E-02 -5.449114E-02 -2.956106E-02 -4.771752E-03  1.969999E-02  4.374614E-02  6.726887E-02  9.015716E-02     0.1122835     0.1308565      0.146201     0.1609131     0.1726009     0.1816276     0.1903177       0.19866     0.2066456     0.2142684     0.2215269
     0.2301539     0.2413897     0.2529203     0.2631929     0.2722607     0.2800896     0.2867888     0.2981459     0.3126081     0.3169177             0
             0    -0.4231755     -0.417202     -0.410616    -0.4047228    -0.3971196    -0.3875753    -0.3773535    -0.3689919    -0.3617228    -0.3538678    -0.3433153    -0.3270182    -0.3061752    -0.2833171    -0.2587157    -0.2326512      -0.20531    -0.1768994    -0.1476656
    -0.1179443 -8.823279E-02    -0.0547514 -2.064581E-02  1.330907E-02  4.688521E-02  7.993142E-02     0.1122874     0.1437459     0.1740438     0.1992656     0.2198867     0.2393615     0.2545139      0.266012     0.2768508     0.2870003     0.2964379     0.3051488     0.3131288
     0.3222032     0.3331369     0.3430939     0.3507051     0.3563198     0.3601334     0.3624433     0.3646078     0.3594067     0.3431999             0
             0    -0.4856219    -0.4879284    -0.4862298     -0.483417    -0.4783982     -0.470576    -0.4607793     -0.452019    -0.4440274    -0.4350347    -0.4225431    -0.4024898    -0.3759735    -0.3463992    -0.3143862    -0.2805317     -0.245218    -0.2087778    -0.1715312
    -0.1338629 -9.632888E-02 -5.408684E-02 -1.098231E-02  3.214375E-02  7.512862E-02      0.117885     0.1602781     0.2020547     0.2428042      0.277043     0.3050961     0.3314731     0.3517073     0.3668045     0.3806907     0.3932589     0.4044245     0.4141323     0.4223631
     0.4308328     0.4391001     0.4439297     0.4449081      0.443211     0.4395552     0.4345573     0.4228448     0.3945933     0.3604534             0
             0    -0.5331498    -0.5474812    -0.5542706    -0.5574538    -0.5582862     -0.555427    -0.5483444    -0.5402554    -0.5320255    -0.5219861     -0.507203     -0.482105    -0.4478118    -0.4094056    -0.3682483    -0.3254565    -0.2816291    -0.2371567    -0.1923257
    -0.1474472    -0.1030062 -5.310398E-02 -2.069066E-03  4.936435E-02     0.1012749     0.1538455     0.2072102     0.2613434     0.3159488     0.3635204     0.4035136      0.441914     0.4716667     0.4937572     0.5136907     0.5310198     0.5453449     0.5563785     0.5640107
      0.569427     0.5692686     0.5610256       0.54763      0.532207     0.5162774     0.5006603     0.4709381     0.4196493     0.3714989             0
             0    -0.5609455    -0.5866071    -0.6032226     -0.614353    -0.6242931    -0.6308181    -0.6304548    -0.6250556    -0.6173701    -0.6060741    -0.5876992    -0.5545661    -0.5092663    -0.4600182    -0.4090723    -0.3578402    -0.3068092    -0.2561421    -0.2058827
    -0.1561237    -0.1071717 -5.233531E-02  3.848191E-03  6.084764E-02     0.1190726     0.1791344     0.2417243     0.3075351     0.3771619     0.4416635     0.4989691     0.5574754     0.6057196     0.6427922      0.676952     0.7064173     0.7291586     0.7433116     0.7479502
     0.7429423     0.7191615     0.6817743     0.6424443     0.6064926     0.5750745     0.5479656      0.501354     0.4335001     0.3771389             0
             0    -0.5737211    -0.6058584    -0.6290138    -0.6461727     -0.664297    -0.6814031    -0.6914569    -0.6919501    -0.6862934    -0.6726429    -0.6479615    -0.6038014    -0.5471593     -0.488913    -0.4310619    -0.3745562    -0.3194137    -0.2654395    -0.2124195
    -0.1602614    -0.1091378 -5.194608E-02  6.704761E-03  6.641687E-02     0.1278127     0.1918045     0.2595305     0.3323768     0.4120451     0.4895169     0.5619784     0.6411281     0.7123314     0.7709241     0.8290746     0.8828955     0.9259539     0.9492592     0.9446731
     0.9138175      0.846425     0.7697892     0.7033443     0.6497481     0.6069326     0.5723538     0.5158926     0.4396973     0.3795747             0
             0    -0.5808653    -0.6170382    -0.6446667    -0.6663691    -0.6915931    -0.7201664    -0.7466298     -0.762719    -0.7675464    -0.7432287    -0.7027179    -0.6418018    -0.5732581    -0.5074495    -0.4445484    -0.3845155    -0.3267815    -0.2708053    -0.2161599
    -0.1626153    -0.1102508 -5.171923E-02  8.337829E-03  6.960955E-02     0.1328572     0.1991982     0.2700959     0.3474855     0.4340564      0.521268     0.6062717     0.7048139     0.8015682     0.8880894     0.9837752       1.08576      1.183578      1.247848      1.203028
      1.103524     0.9618661     0.8379444     0.7456203     0.6776323     0.6264898     0.5868704      0.524187     0.4431162     0.3808958             0
             0    -0.5845447    -0.6229522    -0.6532536    -0.6779432    -0.7086183    -0.7488043    -0.8026943    -0.8750861    -0.9985868    -0.8555005    -0.7585655    -0.6700414    -0.5896571    -0.5181561    -0.4519984    -0.3898805    -0.3306913    -0.2736261    -0.2181144
    -0.1638404    -0.1108282 -5.159955E-02  9.190103E-03  7.127906E-02     0.1355074     0.2031127     0.2757572     0.3557349     0.4464397     0.5399478     0.6338454      0.748024     0.8695245     0.9886224       1.13981      1.340261      1.620186      2.035187      1.644474
      1.326302       1.06077     0.8855813     0.7717857     0.6936834     0.6372752     0.5946807     0.5285155     0.4448616      0.381563             0
