 51            10 
             0 -8.473652E-03 -6.959993E-03 -5.790131E-03 -4.873478E-03 -3.821799E-03 -2.637705E-03 -1.488716E-03 -6.091864E-04  1.251028E-04  8.894548E-04  1.881675E-03  3.345813E-03  5.128382E-03  7.013933E-03  8.995712E-03  1.106654E-02  1.321885E-02  1.544471E-02  1.773589E-02
  2.008385E-02     0.0224798  2.491466E-02  2.737901E-02  2.986331E-02  3.235802E-02  3.485367E-02  3.734102E-02  3.981105E-02     0.0422551  4.436368E-02  4.614791E-02  4.790586E-02  4.934643E-02  5.048484E-02  5.160839E-02  5.271633E-02  5.380791E-02  5.488246E-02     0.0559393
  5.723745E-02  5.900486E-02  6.094485E-02  6.280129E-02  6.457106E-02  6.625163E-02  6.784093E-02  7.083382E-02  7.628357E-02  8.140063E-02             0
             0 -8.741559E-03 -7.219912E-03 -6.042607E-03 -5.119733E-03 -4.060512E-03 -2.867515E-03 -1.709515E-03 -8.228911E-04 -8.257523E-05  6.881534E-04  1.688779E-03  3.165584E-03  4.963961E-03  6.866586E-03  8.866621E-03  1.095679E-02  1.312939E-02  1.537638E-02  1.768937E-02
  2.005968E-02  2.247832E-02  2.493603E-02  2.742322E-02  2.993015E-02  3.244706E-02  3.496432E-02  3.747245E-02  3.996226E-02  4.242492E-02  4.454859E-02  4.634493E-02  4.811411E-02  4.956327E-02  5.070811E-02  5.183766E-02  5.295115E-02  5.404785E-02  5.512704E-02  5.618809E-02
  5.749093E-02  5.926372E-02  6.120811E-02  6.306727E-02  6.483821E-02  6.651848E-02  6.810617E-02  7.109354E-02  7.651962E-02     0.0815881             0
             0 -1.291453E-02 -1.127579E-02 -9.986584E-03 -8.969339E-03 -7.794911E-03 -6.465041E-03 -5.167829E-03 -4.171235E-03 -3.337317E-03 -2.467375E-03 -1.335762E-03  3.388815E-04  2.384783E-03  4.555336E-03  6.842374E-03  9.237004E-03  1.172967E-02  1.431024E-02  1.696802E-02
  1.969184E-02  2.247008E-02  2.529061E-02     0.0281408     0.0310077  3.387829E-02  3.673962E-02  3.957897E-02  4.238395E-02  4.514269E-02  4.750628E-02  4.949471E-02  5.144149E-02  5.302589E-02  5.427189E-02     0.0554954  5.669553E-02  5.787144E-02  5.902239E-02  6.014771E-02
  6.152156E-02  6.337436E-02  6.538142E-02  6.727585E-02  6.905653E-02  7.072323E-02  7.227652E-02     0.0751587  8.017636E-02  8.445567E-02             0
             0 -1.625288E-02 -1.457057E-02 -1.322058E-02 -1.214659E-02 -1.089724E-02 -9.472594E-03 -8.073893E-03 -6.994487E-03 -6.088727E-03 -5.141312E-03 -3.905809E-03 -2.070996E-03  1.798929E-04  2.576347E-03  5.108802E-03  7.766683E-03  1.053855E-02  1.341223E-02  1.637493E-02
  1.941329E-02  2.251336E-02  2.566058E-02     0.0288396  3.203459E-02  3.522943E-02  3.840787E-02  4.155371E-02  4.465092E-02  4.768387E-02  5.026836E-02  5.243214E-02  5.453887E-02     0.0562427  5.757646E-02  5.887969E-02  6.015129E-02  6.139029E-02  6.259585E-02     0.0637673
  6.518827E-02  6.708529E-02  6.911117E-02  7.099526E-02  7.273958E-02  7.434743E-02  7.582311E-02  7.851997E-02  8.301326E-02  8.651823E-02             0
             0 -1.850151E-02 -1.683186E-02 -1.546586E-02 -1.437007E-02 -1.308541E-02 -1.160971E-02 -1.015095E-02 -9.019854E-03 -8.067925E-03 -7.069463E-03 -5.764035E-03 -3.818578E-03 -1.422452E-03  1.136758E-03  3.847873E-03  6.698538E-03  9.675528E-03  1.276498E-02  1.595253E-02
  1.922339E-02  2.256226E-02  2.595321E-02  2.937936E-02  3.282318E-02  3.626661E-02  3.969111E-02  4.307779E-02  4.640741E-02  4.966068E-02  5.242372E-02  5.472921E-02  5.696445E-02  5.876287E-02  6.016505E-02  6.152904E-02     0.0628534  6.413693E-02  6.537865E-02  6.657784E-02
  6.802306E-02  6.993278E-02     0.0719431  7.378541E-02  7.546622E-02  7.699353E-02  7.837608E-02  8.086947E-02  8.488157E-02  8.779974E-02             0
             0 -1.997056E-02 -1.833853E-02 -1.698086E-02    -0.0158836 -1.458792E-02 -1.308914E-02 -1.159763E-02 -1.043571E-02 -9.455008E-03 -8.423579E-03 -7.071706E-03 -5.050429E-03 -2.552207E-03  1.228075E-04  2.961477E-03  5.949553E-03  9.072155E-03  1.231408E-02  1.565997E-02
  1.909429E-02  2.260121E-02  2.616436E-02  2.976637E-02  3.338913E-02     0.0370138  4.062076E-02  4.418954E-02  4.769872E-02  5.112595E-02  5.403284E-02  5.645381E-02  5.879441E-02  6.067014E-02  6.212771E-02  6.353997E-02  6.490494E-02  6.622098E-02  6.748684E-02  6.870176E-02
  7.015626E-02  7.205817E-02  7.403167E-02  7.581499E-02  7.742068E-02  7.886223E-02  8.015297E-02  8.245777E-02  8.608234E-02  8.858972E-02             0
             0 -2.073197E-02 -1.913412E-02 -1.779141E-02 -1.670109E-02 -1.540746E-02 -1.390367E-02 -1.239961E-02    -0.0112236 -1.022871E-02 -9.180126E-03  -7.80311E-03  -5.73921E-03  -3.18229E-03 -4.404985E-04  2.471216E-03   5.53712E-03  8.741247E-03  1.206768E-02  1.550063E-02
  1.902442E-02  2.262321E-02  2.628073E-02     0.0299797  3.370213E-02  3.742922E-02  4.114127E-02  4.481746E-02  4.843561E-02  5.197194E-02  5.497232E-02  5.747037E-02  5.988296E-02  6.181241E-02  6.330856E-02  6.475417E-02  6.614648E-02  6.748319E-02  6.876262E-02  6.998386E-02
  7.143746E-02  7.332115E-02  7.525339E-02  7.698194E-02  7.852529E-02  7.990143E-02  8.112673E-02  8.330449E-02  8.669747E-02  8.898313E-02             0
             0 -2.106301E-02 -1.948331E-02    -0.0181498 -1.706463E-02 -1.577425E-02    -0.0142706 -1.276271E-02 -1.158127E-02 -1.058045E-02 -9.524292E-03 -8.135808E-03 -6.051959E-03 -3.467402E-03 -6.944086E-04  2.251047E-03  5.352502E-03  8.593514E-03     0.0119579  1.542975E-02
  1.899339E-02  2.263306E-02  2.633259E-02  3.007486E-02  3.384202E-02  3.761541E-02  4.137545E-02  4.510137E-02  4.877084E-02  5.235972E-02  5.540643E-02  5.794365E-02  6.039387E-02  6.235224E-02     0.0638695  6.533358E-02  6.674097E-02  6.808876E-02  6.937478E-02  7.059789E-02
  7.204822E-02  7.391729E-02  7.582253E-02  7.751868E-02  7.902762E-02  8.036947E-02  8.156179E-02  8.367746E-02  8.696354E-02  8.915123E-02             0
             0 -2.124313E-02 -1.967423E-02 -1.834654E-02 -1.726485E-02 -1.597705E-02 -1.447438E-02 -1.296511E-02 -1.178103E-02 -1.077708E-02 -9.716733E-03 -8.321732E-03 -6.226384E-03 -3.625952E-03 -8.352122E-04   2.12925E-03  5.250572E-03  8.512075E-03  1.189745E-02  1.539076E-02
  1.897633E-02  2.263848E-02  2.636112E-02  3.012726E-02  3.391913E-02     0.0377182      0.041505  4.525883E-02     0.0489574  5.257647E-02  5.565027E-02  5.821081E-02  6.068396E-02  6.266043E-02     0.0641912  6.566732E-02  6.708474E-02  6.843986E-02  6.972993E-02     0.0709535
  7.240033E-02  7.425795E-02  7.614452E-02  7.781975E-02  7.930745E-02  8.062875E-02  8.180176E-02  8.388169E-02  8.710794E-02  8.924194E-02             0
             0 -2.133428E-02 -1.977115E-02    -0.0184467 -1.736703E-02 -1.608086E-02 -1.457909E-02 -1.306948E-02 -1.188425E-02 -1.087878E-02 -9.816266E-03 -8.417791E-03 -6.316274E-03 -3.707426E-03  -9.07392E-04  2.066932E-03  5.198497E-03  8.470514E-03  1.186662E-02  1.537088E-02
  1.896763E-02  2.264124E-02  2.637567E-02  3.015397E-02  3.395846E-02  3.777069E-02  4.157124E-02  4.533949E-02     0.0490532  5.268811E-02  5.577634E-02  5.834949E-02  6.083531E-02  6.282212E-02  6.436081E-02  6.584426E-02  6.726801E-02  6.862794E-02  6.992056E-02  7.114384E-02
  7.258748E-02  7.443705E-02  7.631215E-02  7.797537E-02  7.945133E-02  8.076154E-02     0.0819243  8.398548E-02  8.718091E-02  8.928761E-02             0
