 51            10 
             0  1.144006E-02  1.251773E-02  1.317754E-02  1.368113E-02  1.425297E-02  1.489356E-02  1.551323E-02  1.598677E-02  1.638173E-02  1.679251E-02  1.732534E-02  1.811081E-02  1.906602E-02  2.007547E-02     0.0211356  2.224264E-02  2.339262E-02  2.458135E-02     0.0258045
  2.705759E-02  2.833597E-02  2.963487E-02  3.094937E-02     0.0322745  3.360528E-02  3.493674E-02  3.626405E-02  3.758248E-02  3.888746E-02  4.001374E-02  4.096708E-02     0.0419067  4.267696E-02  4.328581E-02  4.388688E-02  4.447976E-02  4.506406E-02     0.0456394  4.620544E-02
  4.690094E-02     0.0478483  4.888884E-02  4.988524E-02  5.083577E-02  5.173899E-02  5.259371E-02  5.420419E-02     0.0571366  5.950273E-02             0
             0  1.130778E-02      0.012387     0.0130504  1.355712E-02  1.413278E-02  1.477788E-02  1.540212E-02  1.587924E-02  1.627725E-02  1.669125E-02  1.722834E-02     0.0180202     0.0189834  2.000146E-02     0.0210708  2.218759E-02     0.0233478  2.454717E-02  2.578132E-02
  2.704566E-02  2.833546E-02  2.964587E-02  3.097187E-02     0.0323084  3.365035E-02  3.499269E-02  3.633047E-02  3.765886E-02  3.897321E-02     0.0401071  4.106655E-02  4.201183E-02  4.278642E-02  4.339852E-02  4.400262E-02  4.459831E-02  4.518519E-02  4.576289E-02  4.633106E-02
  4.702894E-02  4.797903E-02  4.902183E-02  5.001964E-02  5.097079E-02     0.0518739  5.272786E-02  5.433565E-02     0.0572563  5.959754E-02             0
             0  9.247923E-03  1.034764E-02  1.106507E-02  1.161916E-02  1.225315E-02     0.0129676  1.366233E-02  1.419509E-02  1.464044E-02  1.510459E-02  1.570785E-02  1.659962E-02  1.768772E-02  1.884091E-02  2.005493E-02  2.132514E-02  2.264658E-02  2.401396E-02     0.0254217
      0.026864  2.833477E-02  2.982773E-02  3.133633E-02  3.285391E-02  3.437375E-02  3.588914E-02  3.739352E-02  3.888046E-02  4.034381E-02  4.159848E-02  4.265466E-02  4.368943E-02  4.453222E-02  4.519536E-02  4.584689E-02  4.648636E-02     0.0471133  4.772734E-02  4.832809E-02
  4.906204E-02  5.005293E-02  5.112794E-02  5.214424E-02     0.0531011  5.399822E-02  5.483571E-02  5.639224E-02  5.911064E-02  6.104853E-02             0
             0  7.605343E-03  8.697371E-03  9.444023E-03  1.002684E-02  1.069899E-02  1.146163E-02  1.220778E-02  1.278241E-02  1.326402E-02  1.376723E-02  1.442282E-02  1.539514E-02     0.0165862  1.785273E-02  1.918979E-02  2.059193E-02  2.205324E-02  2.356743E-02  2.512786E-02
  2.672763E-02  2.835948E-02  3.001587E-02  3.168893E-02  3.337055E-02  3.505246E-02  3.672632E-02  3.838382E-02  4.001674E-02  4.161706E-02  4.298209E-02  4.412591E-02  4.524067E-02  4.614324E-02  4.685035E-02  4.754187E-02  4.821724E-02  4.887595E-02  4.951755E-02  5.014168E-02
  5.089963E-02  5.191336E-02  5.299877E-02  5.401099E-02  5.495081E-02  5.581966E-02  5.661948E-02  5.808552E-02  6.054517E-02  6.209081E-02             0
             0  6.502076E-03  7.569149E-03  8.323675E-03  8.918048E-03  9.608707E-03  1.039769E-02  1.117445E-02  1.177525E-02  1.228015E-02  1.280904E-02     0.0134997  1.452738E-02  1.579089E-02  1.713849E-02  1.856449E-02  2.006257E-02  2.162597E-02  2.324757E-02  2.491996E-02
  2.663548E-02  2.838621E-02  3.016388E-02  3.195985E-02  3.376514E-02     0.0355705  3.736644E-02     0.0391433  4.089127E-02  4.260053E-02  4.405376E-02  4.526757E-02     0.0464458  4.739514E-02  4.813612E-02  4.885777E-02  4.955938E-02  5.024033E-02  5.090011E-02  5.153833E-02
  5.230884E-02  5.332981E-02  5.440883E-02  5.540179E-02     0.0563116  5.714194E-02  5.789687E-02  5.926428E-02  6.148776E-02  6.273781E-02             0
             0  5.782996E-03  6.820285E-03  7.571363E-03  8.167468E-03  8.864737E-03  9.666253E-03  1.046004E-02  1.107655E-02  1.159599E-02  1.214141E-02  1.285523E-02  1.392048E-02  1.523437E-02  1.663904E-02  1.812788E-02  1.969374E-02  2.132906E-02  2.302606E-02  2.477683E-02
  2.657334E-02  2.840733E-02  3.027028E-02  3.215328E-02  3.404702E-02  3.594181E-02  3.782759E-02  3.969387E-02  4.152972E-02  4.332382E-02  4.484695E-02  4.611673E-02  4.734594E-02  4.833265E-02  4.910043E-02     0.0498455  5.056689E-02  5.126379E-02  5.193561E-02  5.258192E-02
  5.335766E-02  5.437616E-02  5.543903E-02  5.640509E-02  5.727998E-02  5.806993E-02  5.878118E-02  6.005814E-02     0.0620925  6.313641E-02             0
             0  5.410994E-03  6.426287E-03  7.170923E-03  7.764602E-03  8.462006E-03  9.267118E-03  1.006789E-02  1.069174E-02  1.121838E-02  1.177235E-02  1.249855E-02  1.358454E-02  1.492683E-02  1.636381E-02  1.788813E-02  1.949193E-02  2.116715E-02  2.290565E-02  2.469929E-02
  2.653992E-02  2.841925E-02  3.032876E-02  3.225955E-02  3.420232E-02  3.614736E-02  3.808448E-02  4.000297E-02  4.189144E-02  4.373779E-02  4.530528E-02  4.661134E-02  4.787418E-02  4.888582E-02  4.967145E-02  5.043196E-02  5.116606E-02  5.187271E-02  5.255115E-02     0.0532009
  5.397706E-02  5.498856E-02  5.603398E-02  5.697593E-02  5.782267E-02     0.0585825  5.926316E-02  6.047996E-02     0.0624019  6.333484E-02             0
             0  5.249397E-03  6.253689E-03  6.994395E-03  7.586157E-03  8.282705E-03  9.088512E-03  9.891739E-03  1.051854E-02  1.104821E-02  1.160593E-02  1.233767E-02  1.343315E-02  1.478854E-02  1.624039E-02     0.0177809     0.0194019  2.109507E-02  2.285214E-02  2.466489E-02
  2.652512E-02  2.842459E-02     0.0303548  3.230689E-02  3.427161E-02     0.0362393  3.819979E-02     0.0401423  4.205535E-02  4.392657E-02  4.551563E-02  4.683969E-02  4.811953E-02  4.914402E-02  4.993893E-02  5.070749E-02  5.144817E-02  5.215972E-02  5.284124E-02     0.0534922
     0.0542676     0.0552738  5.630836E-02  5.723657E-02  5.806815E-02  5.881245E-02  5.947786E-02  6.066547E-02  6.253566E-02  6.341961E-02             0
             0  5.161515E-03   6.15942E-03  6.897654E-03  7.488109E-03  8.183892E-03  8.989776E-03  9.794124E-03  1.042243E-02  1.095373E-02     0.0115135  1.224833E-02  1.334915E-02  1.471194E-02  1.617215E-02  1.772173E-02  1.935229E-02     0.0210554  2.282272E-02  2.464598E-02
      0.026517  2.842753E-02  3.036911E-02  3.233293E-02  3.430977E-02       0.03629  3.826348E-02  4.021945E-02  4.214637E-02  4.403177E-02  4.563332E-02  4.696791E-02  4.825786E-02     0.0492901  5.009069E-02  5.086419E-02  5.160894E-02  5.232349E-02  5.300678E-02  5.365826E-02
  5.443281E-02  5.543514E-02  5.646253E-02  5.738209E-02  5.820447E-02  5.893956E-02     0.0595961  6.076697E-02  6.260823E-02  6.346535E-02             0
             0   5.11705E-03  6.111592E-03   6.84846E-03  7.438158E-03  8.133442E-03  8.939245E-03  9.744067E-03     0.0103731     0.0109052  1.146601E-02  1.220245E-02  1.330606E-02     0.0146727  1.613725E-02     0.0176915  1.932697E-02  2.103518E-02  2.280773E-02  2.463635E-02
  2.651286E-02  2.842903E-02  3.037641E-02     0.0323462  3.432923E-02  3.631588E-02  3.829603E-02  4.025893E-02  4.219304E-02  4.408585E-02  4.569398E-02  4.703418E-02     0.0483296  4.936611E-02  5.016985E-02  5.094616E-02  5.169322E-02  5.240947E-02  5.309374E-02     0.0537454
  5.451927E-02  5.551913E-02  5.654231E-02  5.745704E-02     0.0582744  5.900456E-02  5.965641E-02  6.081852E-02  6.264488E-02  6.348838E-02             0
