 51            10 
             0    -0.2633194    -0.2542774    -0.2471126    -0.2414713    -0.2349745    -0.2276253    -0.2204568    -0.2149472    -0.2103351    -0.2055214    -0.1992565     -0.189979    -0.1786407    -0.1666187     -0.153976    -0.1407756    -0.1270667    -0.1129049 -9.834591E-02
 -8.342121E-02 -6.804294E-02 -5.152686E-02    -0.0349209 -1.829007E-02 -1.710939E-03  1.474907E-02  3.103755E-02  4.710116E-02  6.288304E-02  7.639518E-02  8.776001E-02  9.888786E-02     0.1079495     0.1150811     0.1220924     0.1289827     0.1357533     0.1424071     0.1489476
     0.1569865     0.1674827      0.178648     0.1889953     0.1984851     0.2074491     0.2158482     0.2314747     0.2584915     0.2814782             0
             0    -0.2685762    -0.2594955    -0.2522226    -0.2465266    -0.2400233    -0.2326364    -0.2254043    -0.2198319    -0.2151583    -0.2102696    -0.2038904    -0.1943989    -0.1827522    -0.1703522    -0.1573322    -0.1438389    -0.1297762     -0.115183    -0.1001257
 -8.466501E-02 -6.877347E-02 -5.201652E-02 -3.505424E-02 -1.800334E-02 -1.053576E-03  1.569473E-02  3.227656E-02  4.865303E-02  6.475231E-02  7.851987E-02  9.007988E-02     0.1013736      0.110542     0.1177327     0.1247604     0.1316202      0.138331     0.1449073     0.1513637
     0.1593087     0.1697915     0.1810552     0.1916235     0.2013907     0.2105648      0.219078     0.2347964      0.261364     0.2833683             0
             0    -0.3465873    -0.3370744    -0.3289155    -0.3223215    -0.3145666    -0.3055039    -0.2963909    -0.2892367    -0.2831658    -0.2767445    -0.2682774     -0.255497    -0.2395505    -0.2223399    -0.2040736    -0.1849906    -0.1649861     -0.144145    -0.1225887
    -0.1004306 -7.765868E-02 -5.368282E-02 -2.945004E-02 -5.154872E-03  1.890147E-02  4.254089E-02  6.577438E-02  8.850241E-02     0.1105743     0.1291595     0.1445463     0.1593331     0.1711106     0.1802173     0.1889802     0.1973888     0.2054641      0.213222     0.2206792
      0.229653     0.2410832     0.2527191     0.2630295     0.2719629     0.2797996      0.286555     0.2980794     0.3128219     0.3172467             0
             0    -0.4238175    -0.4180149    -0.4115065    -0.4056718     -0.398201    -0.3887785    -0.3786493    -0.3703438    -0.3631117     -0.355282    -0.3447407     -0.328398      -0.30743    -0.2843694    -0.2595808    -0.2335268     -0.206137    -0.1775813    -0.1480592
    -0.1177436 -8.662742E-02     -0.053917 -2.082331E-02  1.239787E-02  4.534227E-02  7.775471E-02      0.109625     0.1407642     0.1708821     0.1960289      0.216633     0.2361427     0.2513713      0.262949     0.2738678     0.2840943     0.2936431     0.3025259     0.3107589
     0.3202715      0.331586     0.3418303     0.3497358     0.3554478     0.3594276     0.3619079     0.3644024     0.3596897     0.3435826             0
             0    -0.4866833    -0.4895633    -0.4882856    -0.4857205     -0.481039     -0.473546    -0.4639864    -0.4553493    -0.4474245    -0.4384607    -0.4259494    -0.4057317    -0.3788495    -0.3487932    -0.3162828    -0.2822568    -0.2467386    -0.2100088    -0.1723275
    -0.1338804 -9.460011E-02 -5.342388E-02 -1.167348E-02  3.043369E-02     0.0724949     0.1142723      0.155817     0.1968971     0.2370699     0.2708673     0.2985881     0.3247012     0.3447978     0.3598316      0.373688     0.3862517     0.3974924     0.4073922     0.4159582
     0.4250484     0.4342151     0.4399144     0.4419226     0.4409552     0.4378835     0.4333361     0.4223198     0.3948822       0.36087             0
             0    -0.5347469    -0.5504491    -0.5584736    -0.5624368    -0.5642331    -0.5623736    -0.5560075    -0.5482493    -0.5401588    -0.5301194    -0.5151556    -0.4894383    -0.4540297    -0.4143914    -0.3719935    -0.3285711    -0.2841922    -0.2391574    -0.1936657
    -0.1477887    -0.1012803 -5.272229E-02 -3.367499E-03  4.674219E-02  9.736911E-02     0.1484785     0.2003954     0.2530784     0.3061469     0.3522123     0.3908167     0.4277853     0.4563998     0.4776613     0.4968818     0.5136369     0.5276637     0.5387747     0.5469154
     0.5535152      0.555963     0.5505551     0.5402611     0.5271785     0.5128279     0.4982673     0.4699446     0.4199066     0.3719358             0
             0    -0.5630023    -0.5910324     -0.610175    -0.6231206    -0.6354491    -0.6447353    -0.6465424    -0.6421276    -0.6347806    -0.6233218    -0.6041474    -0.5689377    -0.5206284    -0.4685834    -0.4151104    -0.3625064    -0.3104325    -0.2588662    -0.2077046
    -0.1567522    -0.1055021 -5.219485E-02  2.083421E-03  5.752127E-02     0.1141411     0.1722579     0.2326989     0.2960151     0.3625112     0.4233684     0.4768004     0.5306177     0.5743649     0.6076859     0.6381571      0.664294     0.6846919     0.6980895     0.7039019
     0.7024822     0.6873332     0.6589023     0.6276506     0.5973275     0.5692812     0.5441822     0.4999101     0.4337206     0.3775855             0
             0    -0.5760275    -0.6111934    -0.6379088    -0.6578745    -0.6800101    -0.7023171    -0.7170647    -0.7198092    -0.7148278    -0.7006932     -0.673956    -0.6251684    -0.5629626    -0.5002173    -0.4386849    -0.3802093    -0.3236692     -0.268574    -0.2145053
    -0.1610449    -0.1075063 -5.193233E-02  4.702323E-03  6.272814E-02     0.1223389     0.1840972      0.249218     0.3188119     0.3940299     0.4657795     0.5315544      0.601621     0.6627744     0.7119693     0.7596261     0.8026466     0.8366762     0.8559066     0.8553699
     0.8360412      0.790836     0.7336667     0.6816975     0.6372268     0.5994381     0.5676448     0.5141885     0.4398969     0.3800254             0
             0    -0.5833227    -0.6229672    -0.6549308    -0.6802789    -0.7110783    -0.7476192    -0.7822083    -0.8019807    -0.8065758     -0.782688    -0.7386901    -0.6696815    -0.5927157    -0.5208032    -0.4532757    -0.3908209    -0.3314395     -0.274194     -0.218406
     -0.163492     -0.108644 -5.178059E-02  6.196161E-03     0.0657073     0.1270592     0.1909832     0.2589718     0.3325741      0.413689      0.493426     0.5690988     0.6538293     0.7334145     0.8020579     0.8749219     0.9490953      1.017282      1.060971      1.035765
     0.9726892     0.8790812     0.7891538     0.7181825     0.6625312     0.6177806     0.5815346       0.52232      0.443303     0.3813485             0
             0     -0.587084    -0.6292214    -0.6643528    -0.6932849    -0.7307951    -0.7815293    -0.8467121    -0.9175211     -1.002844    -0.8981348    -0.8029754    -0.7031621    -0.6117125    -0.5328344    -0.4613936    -0.3965632    -0.3355752    -0.2771546    -0.2204474
    -0.1647674    -0.1092352 -5.170096E-02   6.97468E-03  6.726321E-02     0.1295352     0.1946205       0.26418     0.3400464     0.4246472     0.5094482     0.5919547     0.6881085     0.7848132     0.8750908     0.9833932      1.118136      1.294661      1.540684        1.3153
      1.120788     0.9500316     0.8263318     0.7401717     0.6768875     0.6278188     0.5889763     0.5265581     0.4450414     0.3820168             0
