 51            10 
             0    -0.2341719    -0.2275026    -0.2218504    -0.2173215    -0.2120425    -0.2060272    -0.2001335    -0.1955938    -0.1917893     -0.187815    -0.1826386    -0.1749647    -0.1655707     -0.156838    -0.1488701     -0.140482    -0.1280363    -0.1142865    -0.1004194
 -8.570649E-02 -7.048789E-02 -5.480541E-02 -3.875662E-02 -2.253703E-02 -6.062286E-03  1.068617E-02  2.768042E-02  4.393336E-02  5.912322E-02  7.227609E-02  8.332786E-02     0.0941062     0.1028643     0.1097784     0.1166407     0.1234751     0.1302772     0.1370761     0.1434492
     0.1508075     0.1611892     0.1724292     0.1828288     0.1929425     0.2026669     0.2118249     0.2290335     0.2570645     0.2807622             0
             0    -0.2373025    -0.2306305    -0.2249586    -0.2204083     -0.215098    -0.2090393    -0.2030948    -0.1985105    -0.1946653    -0.1906445    -0.1854022    -0.1776166    -0.1680574    -0.1591357    -0.1509372    -0.1422231    -0.1294436    -0.1153527     -0.101118
 -8.598752E-02 -7.031596E-02 -5.416355E-02 -3.764781E-02 -2.096979E-02 -4.054963E-03  1.310546E-02  3.049637E-02  4.710774E-02  6.263873E-02  7.609571E-02  8.740854E-02  9.844384E-02     0.1074069      0.114477     0.1214856     0.1284531     0.1353758     0.1422842     0.1487508
     0.1562216     0.1667146     0.1780194     0.1884395     0.1985144     0.2080995     0.2170131     0.2336379      0.260724     0.2830716             0
             0    -0.2868311    -0.2804051    -0.2746426     -0.269932    -0.2643409    -0.2578596     -0.251402    -0.2463656    -0.2421096    -0.2376264    -0.2317378    -0.2228958    -0.2118793    -0.2014452    -0.1917019    -0.1811787    -0.1637834     -0.143987    -0.1237533
    -0.1021398 -7.971223E-02    -0.0565979 -3.299779E-02 -9.231249E-03  1.477447E-02  3.899586E-02     0.0633675  8.644243E-02     0.1077577     0.1259584     0.1410568     0.1555543     0.1671131     0.1761043     0.1848831       0.19347     0.2018549     0.2100701     0.2176154
     0.2261396     0.2376992     0.2495489     0.2598529     0.2691992     0.2775106     0.2847077     0.2971748     0.3127393     0.3171009             0
             0    -0.3293814    -0.3245948    -0.3197518    -0.3156461    -0.3106223    -0.3046415    -0.2985396    -0.2937034    -0.2895755    -0.2851858     -0.279368    -0.2705206    -0.2593206    -0.2485476    -0.2383438    -0.2271363    -0.2045904    -0.1778993    -0.1503172
    -0.1207659 -9.009202E-02 -5.849202E-02 -2.623827E-02  6.244646E-03  3.906608E-02  7.219084E-02     0.1055077     0.1369938     0.1659511      0.190474     0.2106171     0.2296899     0.2446088     0.2560292     0.2669725     0.2774466     0.2874244     0.2969321     0.3054031
     0.3146263     0.3263535      0.337237     0.3455613     0.3519907     0.3566599     0.3597473     0.3633708     0.3600256     0.3435165             0
             0     -0.359706     -0.357346    -0.3540604    -0.3510603    -0.3471734    -0.3423249    -0.3371849    -0.3330148    -0.3294092    -0.3255327     -0.320349     -0.312387    -0.3022328    -0.2924406    -0.2832741    -0.2732604    -0.2457071    -0.2117651    -0.1765488
    -0.1389366    -0.1000591 -6.012296E-02 -1.938186E-02  2.173876E-02  6.349057E-02     0.1059258      0.148977     0.1900206     0.2281058     0.2605309     0.2871597     0.3122315     0.3315792     0.3461722     0.3598735     0.3726377     0.3843849     0.3951104     0.4041925
     0.4134508     0.4237334     0.4311253     0.4346572     0.4352392     0.4334815     0.4300201     0.4207112     0.3954498     0.3608476             0
             0    -0.3804146    -0.3807118     -0.379277    -0.3776374    -0.3751898    -0.3717983    -0.3678968    -0.3645785    -0.3616385    -0.3584177    -0.3540552    -0.3472975     -0.338752    -0.3307449    -0.3238663     -0.316992    -0.2845237    -0.2431443    -0.2004282
     -0.155244    -0.1089376 -6.162141E-02 -1.340406E-02     0.0354297  8.541355E-02     0.1368494     0.1899067     0.2414824     0.2905206      0.333279     0.3689419     0.4028792     0.4290989     0.4487157     0.4668051     0.4831236     0.4974056     0.5095204     0.5187848
     0.5269126     0.5326049     0.5317985     0.5259017     0.5164952     0.5050071     0.4926392     0.4673227     0.4205551     0.3719357             0
             0    -0.3915217    -0.3938458    -0.3939797    -0.3935578    -0.3924608     -0.390471    -0.3877295    -0.3851472    -0.3827354    -0.3799852    -0.3761602    -0.3701465    -0.3627167    -0.3562208    -0.3517544    -0.3487105    -0.3122618    -0.2649285    -0.2166072
    -0.1660937    -0.1147974 -6.266402E-02 -9.600846E-03  4.431159E-02  9.992571E-02     0.1578852     0.2187732     0.2793719     0.3389516     0.3929939     0.4395932     0.4854885     0.5220351     0.5497075     0.5752266     0.5977319     0.6163059      0.630299     0.6388676
     0.6435951     0.6387785     0.6225834     0.6020156     0.5794766     0.5569575     0.5357376     0.4962525     0.4343629      0.377594             0
             0    -0.3964275    -0.3998026    -0.4008186    -0.4011239    -0.4008925    -0.3998685      -0.39796    -0.3958718    -0.3937629    -0.3912105    -0.3875321    -0.3816525    -0.3745639    -0.3687539    -0.3656684    -0.3650546    -0.3263569    -0.2757801     -0.224545
    -0.1713597    -0.1176272 -6.317919E-02  -7.79669E-03     0.0485673     0.1069569     0.1682407     0.2333075      0.299015     0.3650859     0.4268355     0.4816796     0.5377048     0.5842654     0.6205466     0.6548464      0.685354      0.709829     0.7262048     0.7329594
     0.7322369     0.7131761     0.6802295      0.646528     0.6139528     0.5839951     0.5573737      0.509931     0.4405244      0.380037             0
             0    -0.3991175    -0.4031163    -0.4046828    -0.4054636    -0.4058348    -0.4055457    -0.4043469    -0.4026986    -0.4008244     -0.398328     -0.394582    -0.3885573    -0.3815036    -0.3760264    -0.3737875    -0.3747637     -0.334654    -0.2820948    -0.2291253
    -0.1743806     -0.119246 -6.347705E-02 -6.773656E-03  5.099275E-02     0.1109877     0.1742284     0.2418176     0.3107126     0.3810376     0.4481774      0.509198     0.5735167     0.6292827     0.6742947     0.7185889     0.7594567     0.7927327     0.8131171     0.8158698
     0.8065205       0.76973     0.7201478     0.6753783     0.6352742      0.600181      0.570052     0.5176883     0.4439189     0.3813617             0
             0    -0.4004856    -0.4048184    -0.4066918    -0.4077493    -0.4084964    -0.4087225     -0.408133    -0.4069653    -0.4053743    -0.4027476    -0.3987172    -0.3923813    -0.3852205    -0.3798721    -0.3780908     -0.379976    -0.3390757    -0.2854317    -0.2315314
    -0.1759611    -0.1200914 -6.363362E-02 -6.242441E-03  5.225636E-02     0.1130959     0.1773787      0.246335     0.3169999     0.3897782     0.4601988     0.5252223     0.5954041      0.658534     0.7114088      0.766162     0.8201597      0.867957     0.8986759     0.8902373
     0.8661507     0.8089514     0.7449083     0.6920943      0.647111     0.6089289     0.5767936     0.5217199     0.4456503     0.3820307             0
