 51            10 
             0    -0.2632389    -0.2542012    -0.2470402    -0.2413995    -0.2349005    -0.2275488    -0.2203785     -0.214868    -0.2102554    -0.2054416    -0.1991773    -0.1899023    -0.1785689    -0.1665537     -0.153917    -0.1407208     -0.127022    -0.1128856 -9.839305E-02
     -0.083677 -6.917367E-02 -5.461099E-02 -3.692563E-02 -1.952733E-02 -2.415661E-03  1.440323E-02  3.090985E-02  4.706869E-02  6.282882E-02  7.621323E-02  8.738635E-02  9.822258E-02     0.1069358     0.1137186     0.1202966      0.126651     0.1327602     0.1385994     0.1441403
      0.150654     0.1603533     0.1711062     0.1823676     0.1941905     0.2046527     0.2139936     0.2307533     0.2583255     0.2811726             0
             0    -0.2684068     -0.259322    -0.2520772    -0.2463836     -0.239843    -0.2324285    -0.2251761    -0.2195897    -0.2149058    -0.2100087    -0.2036234      -0.19414     -0.182515    -0.1701611    -0.1571737    -0.1436446    -0.1295767    -0.1150193    -0.1000567
 -8.482639E-02 -6.969962E-02 -5.333699E-02 -3.536873E-02 -1.796405E-02 -8.129753E-04  1.611666E-02  3.282041E-02  4.926016E-02  6.537674E-02  7.913533E-02  9.067437E-02     0.1019318     0.1110548     0.1182039      0.125194     0.1320165     0.1386627     0.1451155      0.151337
      0.158721     0.1693356      0.180527     0.1913263     0.2014536     0.2106765     0.2191856     0.2348485     0.2613218      0.283225             0
             0    -0.3463482    -0.3368129    -0.3286737    -0.3220761    -0.3142695    -0.3051659    -0.2960215    -0.2888459    -0.2827592    -0.2763253    -0.2678491    -0.2550802    -0.2391683    -0.2220291    -0.2038176     -0.184692    -0.1646858    -0.1438984    -0.1224766
     -0.100643     -0.078954    -0.0555133 -2.982495E-02 -5.016657E-03  1.933043E-02  4.323038E-02  6.663913E-02  8.945902E-02      0.111558     0.1301334     0.1454941     0.1602351     0.1719556     0.1810103     0.1897272     0.1980926     0.2060948      0.213714      0.220909
     0.2292604     0.2408073     0.2523799      0.262871     0.2721174     0.2799707     0.2866963      0.298125     0.3127095     0.3170679             0
             0    -0.4234114    -0.4174939    -0.4109352     -0.405064    -0.3975022     -0.387998    -0.3778066    -0.3694628    -0.3622051    -0.3543573     -0.343807    -0.3274942    -0.3066086    -0.2836858    -0.2590265    -0.2329544    -0.2055926    -0.1771313    -0.1478044
    -0.1179309 -8.827533E-02    -0.0562578 -2.114629E-02  1.280597E-02  4.618114E-02  7.899205E-02     0.1111518     0.1424724     0.1726861     0.1978709     0.2184813     0.2379664     0.2531437     0.2646679     0.2755353     0.2857139     0.2951795     0.3039055       0.31185
     0.3206994     0.3320312     0.3421885     0.3500965     0.3559324     0.3598331      0.362218      0.364525     0.3595365     0.3433736             0
             0    -0.4860031    -0.4885028    -0.4869451    -0.4842213    -0.4793143    -0.4716021    -0.4618841    -0.4531638    -0.4451931    -0.4362082    -0.4237075    -0.4035975     -0.376958    -0.3472245    -0.3150533    -0.2811253    -0.2457364    -0.2091963    -0.1718089
    -0.1339409 -9.649152E-02 -5.614052E-02 -1.180862E-02  3.126941E-02  7.394326E-02     0.1163252       0.15837     0.1998479     0.2403432     0.2743889     0.3022975     0.3285579     0.3487251      0.363786     0.3776529       0.39022     0.4014074     0.4111565     0.4194232
     0.4278419     0.4366862     0.4421019     0.4435933     0.4422439     0.4388394     0.4340348     0.4226223     0.3947242     0.3606418             0
             0    -0.5337151    -0.5485113    -0.5557117    -0.5591698    -0.5603287    -0.5578062    -0.5509641    -0.5429851       -0.5348    -0.5247574     -0.509909    -0.4845983    -0.4499307    -0.4111098    -0.3695512    -0.3265242    -0.2825018    -0.2378364    -0.1927899
    -0.1476508    -0.1033123 -5.568466E-02 -3.243432E-03  4.807742E-02  9.953647E-02     0.1515364     0.2043036      0.257822     0.3117704     0.3587036     0.3981104     0.4359039     0.4651665     0.4868948     0.5065175     0.5236148     0.5378287     0.5489093     0.5567663
     0.5626736     0.5636439     0.5570315     0.5447934     0.5300928     0.5148061     0.4996361     0.4705133     0.4197654     0.3716961             0
             0    -0.5616683    -0.5881339    -0.6055894    -0.6173531    -0.6281073    -0.6355708    -0.6359519    -0.6308914    -0.6233189    -0.6119616    -0.5933015    -0.5594487    -0.5131328    -0.4629353    -0.4111632    -0.3594369    -0.3080418     -0.257067    -0.2065116
    -0.1564347    -0.1075885 -5.527668E-02  2.420213E-03  5.924746E-02     0.1168932      0.176187     0.2378889     0.3026503     0.3709553     0.4339243      0.489599     0.5461168     0.5924261     0.6278643     0.6604029     0.6884325     0.7101982     0.7241627     0.7296657
     0.7270924     0.7065878     0.6735828     0.6370677     0.6026851     0.5726152     0.5463511     0.5007364     0.4335997     0.3773402             0
             0    -0.5745293    -0.6076948    -0.6320333    -0.6501684    -0.6696683    -0.6885731     -0.700301    -0.7015834    -0.6960926    -0.6823316    -0.6569166    -0.6110975    -0.5525457    -0.4927607    -0.4336982    -0.3764895    -0.3208608    -0.2665035    -0.2131384
    -0.1606298    -0.1096113 -5.506359E-02  5.149879E-03  6.465653E-02     0.1254011      0.188507     0.2551561     0.3266374     0.4044318     0.4794946     0.5491239     0.6243722     0.6911519     0.7455055     0.7987839     0.8474632     0.8860824     0.9075264     0.9060747
     0.8834122     0.8250058      0.757076     0.6956757     0.6445784     0.6037587     0.5703474      0.515164     0.4397876     0.3797778             0
             0    -0.5817252    -0.6190767     -0.648146    -0.6711164    -0.6982686    -0.7296604    -0.7590757    -0.7757658    -0.7782224     -0.756332    -0.7152752     -0.651412    -0.5799131    -0.5119972    -0.4475655    -0.3866715    -0.3283652    -0.2719554    -0.2169335
     -0.163018    -0.1107574 -5.493796E-02  6.709199E-03     0.0677551     0.1303071     0.1956871     0.2653819     0.3411837     0.4254581     0.5095148     0.5905377      0.683059     0.7720377     0.8501139     0.9344068      1.021503      1.101795      1.152301      1.123087
       1.05003     0.9302316     0.8208655     0.7360561     0.6714227     0.6228068     0.5845989     0.5233889     0.4432008     0.3810997             0
             0    -0.5854326    -0.6251063    -0.6570134     -0.683181    -0.7162425    -0.7602159    -0.8174098    -0.8775095    -0.9239246    -0.8579805    -0.7733909    -0.6815593    -0.5972338    -0.5231602    -0.4552467    -0.3921654    -0.3323517    -0.2748236    -0.2189176
    -0.1642615    -0.1113524 -5.487127E-02  7.522596E-03  6.937463E-02      0.132883     0.1994852     0.2708539     0.3491083     0.4372432     0.5270663     0.6160702     0.7222708     0.8321863     0.9369268      1.064822       1.22522      1.431637       1.70219      1.457143
      1.234389      1.018272     0.8648328     0.7608868     0.6867957     0.6332797     0.5922534     0.5276789     0.4449432     0.3817674             0
