 51            10 
             0    -0.2630372    -0.2540137    -0.2468606    -0.2412227    -0.2347235    -0.2273709    -0.2202003    -0.2146903    -0.2100785    -0.2052661    -0.1990045    -0.1897352    -0.1784116    -0.1664082    -0.1537828     -0.140597    -0.1269149    -0.1128088 -9.836184E-02
 -8.365597E-02 -6.864267E-02 -5.144103E-02 -3.424677E-02 -1.712774E-02 -1.497777E-04  1.662319E-02  3.312923E-02  4.930871E-02  6.510474E-02  7.854392E-02  8.979312E-02     0.1007529     0.1096301     0.1165895     0.1234023     0.1300645     0.1365729     0.1429241     0.1491157
     0.1566528     0.1667737     0.1776742     0.1879031     0.1974598     0.2063484     0.2145777     0.2297438     0.2555964     0.2772669             0
             0    -0.2681228    -0.2590467    -0.2518252    -0.2461324    -0.2395677    -0.2321298    -0.2248598    -0.2192625    -0.2145714    -0.2096694    -0.2032823    -0.1938084    -0.1822087    -0.1698943    -0.1569341    -0.1433954    -0.1293343    -0.1148176    -0.0999319
    -0.0847731 -6.932171E-02 -5.171309E-02 -3.409119E-02      -0.01655  8.418065E-04  1.801773E-02  3.491326E-02  5.146573E-02  6.761465E-02  8.134133E-02  9.282108E-02     0.1039936      0.113032     0.1201112     0.1270342      0.133797     0.1403961     0.1468284     0.1530916
     0.1607068     0.1709151     0.1818843     0.1921526     0.2017204     0.2105917     0.2187777     0.2338121     0.2591698     0.2799896             0
             0    -0.3459588    -0.3364155    -0.3282908    -0.3216867    -0.3138435    -0.3047039    -0.2955316    -0.2883387    -0.2822406    -0.2757989    -0.2673196    -0.2545651     -0.238693    -0.2216165    -0.2034522    -0.1843209    -0.1643305    -0.1436039    -0.1222906
     -0.100551 -7.837396E-02 -5.308887E-02 -2.782251E-02 -2.737889E-03  2.203552E-02     0.0463673  7.012483E-02     0.0931731     0.1153758     0.1339453     0.1492474      0.163884     0.1754885     0.1844415      0.193054     0.2013176     0.2092261     0.2167749     0.2239619
      0.232493      0.243492     0.2546519     0.2644582     0.2729854     0.2803203     0.2865603      0.297055     0.3100299     0.3134186             0
             0    -0.4228157    -0.4167935      -0.41018    -0.4042629     -0.396623    -0.3870417    -0.3767926    -0.3684159    -0.3611384    -0.3532794    -0.3427289    -0.3264516    -0.3056554    -0.2828615    -0.2583179    -0.2322805    -0.2049725    -0.1766161    -0.1474457
     -0.117685 -8.729183E-02 -5.251787E-02 -1.775695E-02  1.679563E-02  5.097933E-02  8.461346E-02     0.1174884     0.1493592     0.1799429     0.2053007     0.2259674     0.2454222     0.2605101     0.2719354     0.2826836     0.2927284     0.3020503     0.3106374      0.318486
     0.3273792     0.3379447     0.3473102     0.3542363     0.3590408     0.3620521     0.3635872      0.364283     0.3566544     0.3393491             0
             0     -0.485094    -0.4872085    -0.4853678    -0.4824576    -0.4773272    -0.4693961    -0.4595231     -0.450726    -0.4427171    -0.4337212    -0.4212449    -0.4012558     -0.374869    -0.3454567    -0.3136003    -0.2798474    -0.2446274     -0.208293    -0.1711484
    -0.1334296 -9.498358E-02 -5.089014E-02 -6.743111E-03  3.735698E-02  8.134022E-02     0.1250851     0.1683902     0.2109435     0.2522915     0.2868744     0.3151008     0.3415307     0.3617171     0.3767343     0.3905065     0.4029348     0.4139425     0.4234813     0.4315369
     0.4397781     0.4476554      0.451742     0.4518856     0.4490796     0.4442042     0.4379759     0.4239049     0.3919634     0.3563929             0
             0    -0.5324177    -0.5462734    -0.5526479    -0.5555334    -0.5560269    -0.5528224    -0.5454937    -0.5372947    -0.5290235    -0.5189951    -0.5042908    -0.4794243    -0.4455197    -0.4075408    -0.3667821    -0.3242679    -0.2806636    -0.2363941    -0.1917328
    -0.1468141    -0.1012666 -4.901315E-02   3.41727E-03  5.617468E-02     0.1094528     0.1633902     0.2180249     0.2732247     0.3285866     0.3764579      0.416435     0.4545349     0.4838269      0.505472     0.5249251     0.5417913     0.5557271      0.566494     0.5740101
     0.5794674     0.5796815      0.571365     0.5576985     0.5412608     0.5238423     0.5065625     0.4735318     0.4172513     0.3673189             0
             0    -0.5600421    -0.5848749    -0.6006421    -0.6110916    -0.6201705    -0.6256886    -0.6244723     -0.618645    -0.6108125    -0.5996268    -0.5816438    -0.5493556    -0.5051404    -0.4568861     -0.406769    -0.3560928    -0.3054655    -0.2551212    -0.2051087
    -0.1553352    -0.1051628 -4.766564E-02  1.013075E-02  6.866969E-02     0.1284833      0.190116     0.2541069     0.3209395     0.3909262     0.4548306     0.5108148     0.5670274     0.6125237     0.6470577     0.6785268      0.705465     0.7262774     0.7395648     0.7446799
     0.7417062     0.7226274     0.6891682     0.6524345     0.6168512     0.5843398     0.5554897     0.5050185     0.4312853     0.3729036             0
             0    -0.5727257     -0.603801      -0.62576    -0.6418642    -0.6584844    -0.6734605    -0.6809975    -0.6796007    -0.6730611    -0.6602553    -0.6374283    -0.5957864     -0.541379    -0.4847966    -0.4281771    -0.3724531    -0.3178448    -0.2642725    -0.2115474
    -0.1593928    -0.1069978 -4.700175E-02     0.0133618  7.471111E-02      0.137791     0.2034266     0.2725542     0.3462459     0.4257065      0.501371      0.570621     0.6442301     0.7083133       0.75979     0.8096208     0.8546779     0.8901747     0.9098504     0.9084162
     0.8867193     0.8351144     0.7704448     0.7111126     0.6599212     0.6167334     0.5805628     0.5200699     0.4375743     0.3753167             0
             0    -0.5798143     -0.614769    -0.6409367    -0.6612527    -0.6842589    -0.7089267    -0.7284132    -0.7353334    -0.7320556    -0.7158051    -0.6844294    -0.6305008    -0.5659875     -0.502573    -0.4412541    -0.3821766    -0.3250694    -0.2695481    -0.2152285
    -0.1616993    -0.1080354 -4.661936E-02     0.0152059  7.816857E-02     0.1431509     0.2111677     0.2834418     0.3615077     0.4473616     0.5316291     0.6114916     0.7007704     0.7845171     0.8567461     0.9335048      1.011907      1.083938      1.129756      1.102453
      1.034761     0.9310269     0.8307521     0.7507502     0.6872509     0.6364527     0.5954227     0.5286539     0.4410463     0.3766257             0
             0    -0.5834635    -0.6205618    -0.6492302    -0.6722768    -0.7000144    -0.7335861     -0.768518    -0.7919639    -0.7988516    -0.7723412    -0.7243199    -0.6547711    -0.5811387    -0.5127603    -0.4484519    -0.3874045    -0.3288988    -0.2723193    -0.2171509
    -0.1628992    -0.1085735 -4.641902E-02  1.616722E-02  7.997442E-02     0.1459622      0.215256     0.2892528     0.3697871     0.4594145     0.5491268     0.6363045     0.7377773     0.8397817     0.9350902      1.049668      1.192647      1.379652      1.638551      1.400966
      1.194697      1.008236     0.8711673     0.7746568     0.7027606      0.647249      0.603389     0.5331317     0.4428196     0.3772869             0
