 51            10 
             0    -0.2761227    -0.2671562    -0.2600286    -0.2544079    -0.2479265    -0.2405912    -0.2334347     -0.227934    -0.2233292    -0.2185234    -0.2122692    -0.2030089    -0.1916932    -0.1796959    -0.1670761    -0.1538953    -0.1402146    -0.1261043    -0.1116538
 -9.699985E-02    -0.0823439 -6.549162E-02 -4.855486E-02 -3.162598E-02 -1.478825E-02  1.886858E-03  1.833583E-02  3.449902E-02  5.031838E-02  6.380977E-02  7.512157E-02  8.615919E-02  9.511179E-02     0.1021363     0.1090184      0.115754     0.1223397     0.1287731     0.1350526
      0.142709     0.1530231      0.164187     0.1747187     0.1846051     0.1938283     0.2023862     0.2181875     0.2452431     0.2682422             0
             0    -0.2812572    -0.2722386    -0.2650357    -0.2593612    -0.2528242     -0.245414    -0.2381663    -0.2325836    -0.2279032    -0.2230104    -0.2166326    -0.2071657    -0.1955662    -0.1832456    -0.1702841    -0.1567571    -0.1427007    -0.1281731    -0.1132655
     -0.098126 -8.299224E-02    -0.0659114 -4.848738E-02 -3.111043E-02 -1.388436E-02  3.137835E-03  1.991383E-02  3.639583E-02  5.252767E-02  6.628246E-02  7.780923E-02     0.0890463  9.814721E-02     0.1052781      0.112252     0.1190626     0.1257043     0.1321729     0.1384671
     0.1461244     0.1564816     0.1676962     0.1783083     0.1882832     0.1975107     0.2060211     0.2216654     0.2481353     0.2701531             0
             0    -0.3591577    -0.3496796    -0.3415777    -0.3349956     -0.327186    -0.3180801    -0.3089349    -0.3017595    -0.2956739    -0.2892425    -0.2807727    -0.2680223    -0.2521426    -0.2350483    -0.2168727    -0.1977491    -0.1777575    -0.1570095    -0.1356618
    -0.1139511    -0.0922419 -6.776398E-02 -4.284098E-02 -1.805786E-02  6.408631E-03  3.045047E-02  5.396982E-02  7.685566E-02  9.898053E-02      0.117553     0.1328977     0.1476104     0.1592992      0.168327     0.1770185     0.1853623     0.1933498     0.2009747     0.2082354
     0.2168657     0.2281068     0.2396446     0.2499255     0.2590027     0.2668422     0.2735529     0.2849355     0.2994706     0.3039685             0
             0    -0.4361301    -0.4302221    -0.4236661    -0.4177918    -0.4102066    -0.4006796    -0.3904723    -0.3821206    -0.3748594     -0.367012    -0.3564689    -0.3401844    -0.3193552    -0.2965102    -0.2719213    -0.2458685    -0.2185384     -0.190138    -0.1609138
    -0.1312013    -0.1014977    -0.0680242 -3.392571E-02  2.299061E-05  3.359388E-02  6.663577E-02  9.898839E-02     0.1304445     0.1607408     0.1859622     0.2065834     0.2260588     0.2412123     0.2527115     0.2635516     0.2737027     0.2831421     0.2918551     0.2998374
      0.308915      0.319854     0.3298182     0.3374377     0.3430618      0.346886     0.3492074     0.3513974     0.3462692     0.3302507             0
             0    -0.4985764    -0.5009485    -0.4992799     -0.496486    -0.4914852    -0.4836803    -0.4738981    -0.4651477     -0.457164    -0.4481789    -0.4356967    -0.4156561    -0.3891535    -0.3595924    -0.3275918     -0.293749    -0.2584463    -0.2220164    -0.1847794
    -0.1471199    -0.1095938 -6.735963E-02    -0.0242622  1.885768E-02     0.0618373     0.1045894      0.146979     0.1887532     0.2295012     0.2637395     0.2917928     0.3181705     0.3384057      0.353504     0.3673914     0.3799613     0.3911287     0.4008386     0.4090717
     0.4175446     0.4258173      0.430654     0.4316407     0.4299531     0.4263078     0.4213215     0.4096344     0.3814558     0.3475042             0
             0    -0.5461043    -0.5605013    -0.5673206    -0.5705228    -0.5713733    -0.5685314    -0.5614631    -0.5533842    -0.5451621    -0.5351303    -0.5203566    -0.4952713    -0.4609919    -0.4225988    -0.3814539    -0.3386738    -0.2948575    -0.2503953    -0.2055739
    -0.1607042    -0.1162712 -6.637677E-02 -1.534895E-02  3.607829E-02  8.798362E-02     0.1405498     0.1939112     0.2480419     0.3026458      0.350217     0.3902103     0.4286113     0.4583651     0.4804567     0.5003915     0.5177221     0.5320491     0.5430847     0.5507193
     0.5561388     0.5559857     0.5477499     0.5343626      0.518949     0.5030299     0.4874245     0.4577278     0.4065118     0.3585497             0
             0       -0.5739    -0.5996273    -0.6162726     -0.627422    -0.6373802    -0.6439224    -0.6435736    -0.6381844    -0.6305067    -0.6192183    -0.6008527    -0.5677324    -0.5224463    -0.4732114     -0.422278    -0.3710576    -0.3200376    -0.2693807    -0.2191309
    -0.1693807    -0.1204366    -0.0656081 -9.431693E-03  4.756157E-02     0.1057813     0.1658388     0.2284253     0.2942336      0.363859     0.4283601     0.4856658     0.5441728      0.592418     0.6294916     0.6636528     0.6931196     0.7158627     0.7300178     0.7346588
     0.7296541     0.7058786     0.6684985     0.6291769     0.5932347     0.5618271     0.5347298     0.4881437     0.4203626     0.3641897             0
             0    -0.5866757    -0.6188785    -0.6420638    -0.6592417    -0.6773841    -0.6945074    -0.7045756    -0.7050788      -0.69943    -0.6857871    -0.6611151    -0.6169676    -0.5603393    -0.5021062    -0.4442676    -0.3877736     -0.332642    -0.2786781    -0.2256677
    -0.1735184    -0.1224028 -6.521887E-02 -6.575122E-03     0.0531308     0.1145213     0.1785088     0.2462315     0.3190753     0.3987421     0.4762134     0.5486751     0.6278254     0.6990297     0.7576235     0.8157753     0.8695979      0.912658     0.9359654     0.9313816
     0.9005293     0.8331421     0.7565135     0.6900769     0.6364902     0.5936852      0.559118     0.5026823     0.4265598     0.3666255             0
             0    -0.5938199    -0.6300584    -0.6577168    -0.6794381    -0.7046801    -0.7332707    -0.7597486    -0.7758478     -0.780683    -0.7563729    -0.7158715     -0.654968    -0.5864382    -0.5206428     -0.457754    -0.3977329    -0.3400098     -0.284044    -0.2294081
    -0.1758723    -0.1235157 -6.499202E-02 -4.942053E-03  5.632348E-02     0.1195658     0.1859026     0.2567968     0.3341841     0.4207534     0.5079645     0.5929684     0.6915112     0.7882665     0.8747888     0.9704759      1.072462      1.170282      1.234554      1.189737
      1.090235     0.9485832     0.8246686     0.7323529     0.6643743     0.6132423     0.5736346     0.5109766     0.4299787     0.3679466             0
             0    -0.5974993    -0.6359724    -0.6663036    -0.6910122    -0.7217053    -0.7619087    -0.8158131    -0.8882148     -1.011723    -0.8686447    -0.7717192    -0.6832076    -0.6028372    -0.5313493     -0.465204    -0.4030979    -0.3439197    -0.2868648    -0.2313626
    -0.1770974    -0.1240932 -6.487233E-02 -4.089779E-03  5.799299E-02     0.1222161     0.1898171     0.2624581     0.3424335     0.4331367     0.5266443     0.6205421     0.7347213     0.8562228     0.9753218      1.126511      1.326963       1.60689      2.021893      1.631182
      1.313014      1.047487     0.8723056     0.7585183     0.6804255     0.6240278     0.5814449     0.5153051     0.4317241     0.3686138             0
