 51            10 
             0  1.933654E-02  1.948224E-02  1.957918E-02  1.965162E-02  1.973172E-02  1.981928E-02  1.990224E-02  1.996479E-02  2.001656E-02       0.02007  2.013888E-02  2.023951E-02  2.036066E-02  2.048762E-02  2.062005E-02  2.075757E-02  2.089979E-02  2.104631E-02  2.119673E-02
     0.0213506  2.150749E-02  2.166695E-02  2.182853E-02  2.199178E-02  2.215621E-02  2.232139E-02  2.248683E-02     0.0226521  2.281671E-02     0.0229598  2.308162E-02  2.320243E-02  2.330212E-02  2.338127E-02  2.345977E-02  2.353759E-02  2.361465E-02  2.369092E-02  2.376635E-02
  2.385953E-02  2.398749E-02  2.412965E-02  2.426736E-02  2.440033E-02  2.452823E-02  2.465079E-02  2.488467E-02     0.0253283  2.578043E-02             0
             0  1.933286E-02  1.947875E-02  1.957582E-02  1.964838E-02  1.972861E-02  1.981632E-02  1.989942E-02  1.996209E-02  2.001394E-02  2.006749E-02  2.013648E-02     0.0202373  2.035868E-02  2.048588E-02  2.061856E-02  2.075634E-02  2.089883E-02  2.104564E-02  2.119634E-02
     0.0213505  2.150769E-02  2.166745E-02  2.182932E-02  2.199285E-02  2.215758E-02  2.232303E-02  2.248875E-02  2.265427E-02  2.281914E-02  2.296243E-02  2.308442E-02  2.320539E-02     0.0233052  2.338444E-02  2.346304E-02  2.354094E-02  2.361809E-02  2.369444E-02  2.376994E-02
  2.386321E-02  2.399128E-02  2.413354E-02  2.427135E-02  2.440438E-02  2.453234E-02  2.465494E-02  2.488888E-02  2.533248E-02  2.578432E-02             0
             0  1.927637E-02  1.942504E-02     0.0195243  1.959858E-02     0.0196808  1.977077E-02  1.985607E-02  1.992043E-02     0.0199737  2.002873E-02  2.009965E-02  2.020331E-02  2.032817E-02  2.045906E-02  2.059562E-02  2.073744E-02  2.088414E-02  2.103527E-02     0.0211904
  2.134906E-02  2.151079E-02     0.0216751  2.184152E-02  2.200956E-02     0.0221787  2.234847E-02  2.251838E-02  2.268792E-02  2.285662E-02  2.300309E-02  2.312766E-02  2.325108E-02  2.335281E-02  2.343354E-02  2.351354E-02  2.359278E-02     0.0236712  2.374875E-02  2.382538E-02
  2.391997E-02  2.404971E-02  2.419359E-02  2.433276E-02  2.446688E-02  2.459569E-02     0.0247189  2.495362E-02  2.539663E-02  2.584366E-02             0
             0  1.923583E-02  1.938636E-02  1.948711E-02  1.956257E-02  1.964617E-02  1.973772E-02  1.982457E-02  1.989013E-02  1.994441E-02     0.0200005     0.0200728  2.017851E-02  2.030589E-02  2.043947E-02  2.057887E-02  2.072368E-02  2.087348E-02  2.102781E-02  2.118623E-02
  2.134824E-02  2.151337E-02  2.168109E-02  2.185092E-02  2.202233E-02     0.0221948  2.236781E-02  2.254085E-02     0.0227134  2.288497E-02  2.303379E-02  2.316028E-02     0.0232855  2.338863E-02  2.347042E-02  2.355144E-02  2.363163E-02  2.371094E-02  2.378933E-02  2.386674E-02
  2.396223E-02  2.409307E-02      0.024238  2.437797E-02  2.451271E-02  2.464192E-02  2.476536E-02  2.500022E-02  2.544186E-02  2.588447E-02             0
             0  1.921066E-02  1.936225E-02  1.946388E-02  1.954005E-02  1.962447E-02  1.971697E-02  1.980477E-02  1.987107E-02  1.992597E-02  1.998271E-02  2.005586E-02  2.016286E-02  2.029182E-02  2.042709E-02  2.056828E-02  2.071498E-02  2.086675E-02  2.102313E-02  2.118365E-02
  2.134781E-02  2.151511E-02  2.168503E-02  2.185705E-02  2.203063E-02  2.220525E-02  2.238036E-02  2.255543E-02  2.272993E-02  2.290334E-02  2.305368E-02     0.0231814  2.330777E-02     0.0234118  2.349426E-02  2.357591E-02  2.365669E-02  2.373656E-02  2.381545E-02  2.389334E-02
  2.398936E-02  2.412085E-02  2.426634E-02  2.440674E-02  2.454175E-02  2.467111E-02  2.479458E-02     0.0250293  2.546963E-02  2.590908E-02             0
             0  1.919514E-02  1.934735E-02  1.944948E-02  1.952606E-02  1.961098E-02  1.970406E-02  1.979243E-02  1.985918E-02  1.991447E-02     0.0199716  2.004528E-02  2.015307E-02  2.028301E-02  2.041934E-02  2.056166E-02  2.070954E-02  2.086255E-02  2.102021E-02  2.118205E-02
  2.134756E-02  2.151623E-02  2.168754E-02  2.186095E-02  2.203591E-02  2.221189E-02  2.238834E-02     0.0225647  2.274045E-02  2.291505E-02  2.306636E-02  2.319486E-02  2.332197E-02  2.342655E-02  2.350944E-02  2.359149E-02  2.367264E-02  2.375285E-02  2.383206E-02  2.391022E-02
  2.400656E-02  2.413842E-02  2.428423E-02  2.442484E-02  2.455997E-02  2.468936E-02  2.481279E-02  2.504731E-02  2.548662E-02  2.592397E-02             0
             0  1.918742E-02     0.0193399  1.944228E-02  1.951906E-02  1.960422E-02  1.969757E-02  1.978623E-02     0.0198532  1.990867E-02  1.996601E-02  2.003996E-02  2.014814E-02  2.027857E-02  2.041543E-02  2.055831E-02     0.0207068  2.086043E-02  2.101874E-02  2.118125E-02
  2.134744E-02  2.151681E-02  2.168882E-02  2.186293E-02     0.0220386  2.221527E-02     0.0223924  2.256943E-02  2.274582E-02  2.292102E-02  2.307283E-02  2.320174E-02  2.332922E-02     0.0234341     0.0235172  2.359945E-02  2.368079E-02  2.376117E-02  2.384053E-02  2.391884E-02
  2.401533E-02  2.414737E-02  2.429331E-02      0.024434  2.456916E-02  2.469855E-02  2.482194E-02  2.505632E-02  2.549504E-02     0.0259313             0
             0  1.918411E-02  1.933672E-02     0.0194392  1.951606E-02  1.960132E-02  1.969479E-02  1.978357E-02  1.985064E-02  1.990619E-02  1.996361E-02  2.003767E-02  2.014602E-02  2.027667E-02  2.041375E-02  2.055688E-02  2.070562E-02  2.085952E-02  2.101811E-02     0.0211809
  2.134739E-02  2.151706E-02  2.168937E-02  2.186378E-02  2.203975E-02  2.221673E-02  2.239415E-02  2.257147E-02  2.274814E-02  2.292361E-02  2.307563E-02  2.320471E-02  2.333236E-02  2.343736E-02  2.352056E-02  2.360289E-02  2.368432E-02  2.376477E-02     0.0238442  2.392256E-02
  2.401912E-02  2.415123E-02  2.429723E-02  2.443795E-02  2.457312E-02     0.0247025  2.482587E-02  2.506017E-02  2.549863E-02  2.593442E-02             0
             0  1.918233E-02      0.019335  1.943753E-02  1.951444E-02  1.959975E-02  1.969329E-02  1.978213E-02  1.984925E-02  1.990484E-02  1.996231E-02  2.003643E-02  2.014487E-02  2.027563E-02  2.041285E-02     0.0205561  2.070498E-02  2.085903E-02  2.101777E-02  2.118072E-02
  2.134737E-02  2.151719E-02  2.168967E-02  2.186425E-02  2.204038E-02  2.221752E-02     0.0223951  2.257258E-02  2.274939E-02  2.292501E-02  2.307715E-02  2.320633E-02  2.333406E-02  2.343913E-02  2.352238E-02  2.360476E-02  2.368623E-02  2.376672E-02  2.384619E-02  2.392458E-02
  2.402118E-02  2.415332E-02  2.429935E-02  2.444009E-02  2.457526E-02  2.470464E-02  2.482799E-02  2.506225E-02  2.550057E-02     0.0259361             0
             0  1.918143E-02  1.933413E-02  1.943669E-02  1.951363E-02  1.959896E-02  1.969253E-02  1.978141E-02  1.984855E-02  1.990416E-02  1.996165E-02  2.003581E-02  2.014429E-02  2.027511E-02  2.041239E-02  2.055571E-02  2.070466E-02  2.085878E-02     0.0210176  2.118062E-02
  2.134735E-02  2.151726E-02  2.168982E-02  2.186448E-02     0.0220407  2.221792E-02  2.239558E-02  2.257313E-02  2.275003E-02  2.292571E-02  2.307792E-02  2.320714E-02  2.333492E-02  2.344003E-02     0.0235233  2.360571E-02     0.0236872  2.376771E-02  2.384719E-02     0.0239256
  2.402222E-02  2.415438E-02  2.430042E-02  2.444117E-02  2.457634E-02  2.470572E-02  2.482906E-02     0.0250633  2.550155E-02  2.593694E-02             0
