 51            10 
             0    -0.2779712    -0.2692207    -0.2624409    -0.2569659    -0.2505538     -0.243401    -0.2365168    -0.2312788    -0.2269238      -0.22241    -0.2165772    -0.2080341    -0.1975728    -0.1860701    -0.1730006    -0.1588339    -0.1447977    -0.1301807    -0.1149796
 -9.979048E-02 -8.465472E-02    -0.0689199 -5.268361E-02 -3.676488E-02 -2.041887E-02  -3.75394E-03  1.229173E-02     0.0285007     0.0447892  5.833268E-02  6.947846E-02  8.013789E-02  8.858331E-02     0.0950859     0.1017592     0.1085809     0.1150995     0.1212994     0.1276432
      0.135736     0.1460846      0.157418     0.1681829     0.1774385     0.1874245     0.1978051      0.215729     0.2436769      0.267661             0
             0    -0.2825616    -0.2736953    -0.2667872     -0.261214    -0.2546909     -0.247391    -0.2403377    -0.2349551    -0.2304712    -0.2258154    -0.2197892    -0.2109458    -0.2001144     -0.188232    -0.1748313    -0.1603968    -0.1460656    -0.1311013    -0.1155082
 -9.987061E-02 -8.423654E-02 -6.799502E-02    -0.0512736 -3.487362E-02 -1.808659E-02 -1.040999E-03  1.537191E-02  3.194989E-02  4.858989E-02  6.245323E-02  7.388793E-02  8.484846E-02  9.354388E-02     0.1002338     0.1070757     0.1140391     0.1206774      0.126982     0.1334206
     0.1416003     0.1520555     0.1635036     0.1743361     0.1836485     0.1935247     0.2034736     0.2205341     0.2474891     0.2702325             0
             0    -0.3609762    -0.3518135     -0.344162    -0.3377834    -0.3300852    -0.3212053    -0.3123727    -0.3054929    -0.2996879    -0.2935863    -0.2855974    -0.2736858    -0.2588213    -0.2422642    -0.2233714    -0.2028474    -0.1824438    -0.1610801    -0.1387684
    -0.1163633    -0.0939566 -7.069693E-02 -4.679005E-02 -2.340845E-02  4.258721E-04  2.450121E-02  4.751963E-02  7.055158E-02  9.341353E-02     0.1121884     0.1274718     0.1418964     0.1531347     0.1616629     0.1702517     0.1788622     0.1869343     0.1944597     0.2019877
     0.2113644     0.2229572     0.2350035     0.2458133     0.2545495     0.2631245     0.2712148     0.2840474     0.2995829     0.3042656             0
             0    -0.4393742    -0.4345834    -0.4290715    -0.4238744    -0.4169147    -0.4080927    -0.3985583    -0.3907203    -0.3838926    -0.3765071    -0.3665871    -0.3513038    -0.3315738     -0.309079    -0.2830489    -0.2545663    -0.2263562    -0.1968838     -0.166173
    -0.1354048    -0.1046975 -7.286988E-02 -4.018182E-02 -8.215501E-03  2.438111E-02  5.731886E-02  8.880541E-02     0.1202622     0.1513621     0.1767011     0.1971322     0.2161574     0.2307096     0.2415816      0.252326     0.2628839     0.2725492     0.2813112     0.2897919
     0.3000031     0.3118943     0.3230458     0.3319487     0.3381281     0.3429642     0.3465259     0.3502908     0.3469914     0.3307324             0
             0    -0.5042412    -0.5100414    -0.5112777     -0.510718    -0.5080819    -0.5025758    -0.4945509    -0.4868487    -0.4795821    -0.4711958     -0.459333    -0.4399738    -0.4137927    -0.3833121    -0.3478998    -0.3093386    -0.2718136    -0.2331986    -0.1934621
    -0.1540588    -0.1150292 -7.475863E-02 -3.344874E-02  7.026153E-03  4.850113E-02  9.070198E-02     0.1314093     0.1724978     0.2134758     0.2470677     0.2741735      0.299301      0.318288     0.3322764      0.345824     0.3588109     0.3703116     0.3802949     0.3894286
     0.3997466      0.410362     0.4180485     0.4220925     0.4229582     0.4211408     0.4173748     0.4077617     0.3825397     0.3481202             0
             0    -0.5549102    -0.5773539    -0.5915895    -0.6011306    -0.6093045    -0.6137051    -0.6118785    -0.6064136     -0.599542    -0.5900866    -0.5751407    -0.5483849    -0.5106919    -0.4670719    -0.4176676    -0.3654176    -0.3164549    -0.2676522    -0.2186376
    -0.1709263    -0.1242704 -7.648896E-02 -2.757017E-02  2.050616E-02  7.017046E-02     0.1213245     0.1715291     0.2233487     0.2762827     0.3208287     0.3574398      0.391869     0.4180289      0.437202     0.4554742        0.4725     0.4868526     0.4983666     0.5076799
      0.516582     0.5224954     0.5215802     0.5155562     0.5069479     0.4949015     0.4809628     0.4545893     0.4077551     0.3592574             0
             0    -0.5854212    -0.6250053       -0.6564    -0.6816003    -0.7096963    -0.7363636    -0.7520487    -0.7543643    -0.7497466    -0.7380083     -0.715259    -0.6710225     -0.610883    -0.5462769    -0.4782742    -0.4104041    -0.3500579     -0.292336    -0.2360024
    -0.1822656    -0.1304085 -7.769347E-02 -2.383056E-02  2.925499E-02  8.452751E-02     0.1421778     0.1998543     0.2610385     0.3257022     0.3826346     0.4313749     0.4793343     0.5174688     0.5461046     0.5737534     0.5992789     0.6196742     0.6338609      0.641914
     0.6448979     0.6375678     0.6186253     0.5955023     0.5735497     0.5495637     0.5252041     0.4837455     0.4216349     0.3649457             0
             0    -0.5996733    -0.6495907    -0.6934923    -0.7320737     -0.780688    -0.8365539    -0.8835986    -0.9043636    -0.9062819    -0.8881425     -0.847136    -0.7719238    -0.6828707    -0.5973092    -0.5141267    -0.4352583    -0.3677351    -0.3048831    -0.2446169
    -0.1878039    -0.1333843 -7.828977E-02 -2.205708E-02  3.344787E-02      0.091488     0.1524541      0.214141     0.2807169     0.3527711     0.4185518     0.4771152     0.5378451     0.5895888     0.6306431     0.6727397      0.713568     0.7466786     0.7669888     0.7700881
     0.7578838     0.7262285     0.6841095     0.6438226     0.6108256     0.5785006     0.5476038     0.4975601     0.4278313     0.3674028             0
             0    -0.6077124    -0.6642596    -0.7171668    -0.7665648    -0.8344609    -0.9246747     -1.023708     -1.091564     -1.120543     -1.075481    -0.9875814    -0.8607906    -0.7377241    -0.6326154    -0.5373749    -0.4506497    -0.3783519    -0.3122682    -0.2496183
    -0.1909918    -0.1350902 -7.863498E-02 -2.105161E-02  3.583782E-02  9.547984E-02     0.1584003     0.2225174     0.2924947     0.3694756     0.4416661     0.5080414      0.580274     0.6465374     0.7030559     0.7669111     0.8364307     0.9016343     0.9463313     0.9275613
     0.8751403     0.8019001     0.7324675     0.6761138     0.6342722     0.5960256     0.5608016     0.5054043     0.4312457     0.3687353             0
             0    -0.6118772    -0.6721744    -0.7306843    -0.7876084    -0.8712423    -0.9978219     -1.181365     -1.394239     -1.646875     -1.378256     -1.145487    -0.9345219    -0.7753561    -0.6543313    -0.5507921    -0.4591829    -0.3840953    -0.3162032     -0.252257
    -0.1926637    -0.1359823 -7.881661E-02 -2.052959E-02  3.708306E-02  9.756833E-02     0.1615306      0.226969     0.2988524     0.3787195     0.4549468     0.5267025     0.6079341     0.6878608     0.7619369     0.8572197     0.9832183      1.150711      1.390255      1.186122
      1.006781     0.8636905     0.7650096     0.6954857     0.6475041     0.6055924     0.5678505     0.5094846     0.4329876     0.3694084             0
