 51            10 
             0 -9.188232E-04 -1.465967E-04  4.655953E-04  9.469591E-04  1.500313E-03  2.124183E-03  2.730195E-03  3.194394E-03  3.582091E-03  3.985808E-03   4.51006E-03  5.284019E-03  6.226838E-03  7.224637E-03  8.273859E-03  9.370721E-03  1.051124E-02  1.169123E-02  1.290636E-02
  1.415213E-02  1.542389E-02  1.671687E-02  1.802615E-02  1.934675E-02  2.067367E-02  2.200198E-02     0.0233268  2.464343E-02  2.594729E-02  2.707319E-02  2.802658E-02  2.896663E-02  2.973757E-02  3.034714E-02  3.094909E-02  3.154302E-02  3.212855E-02  3.270528E-02  3.327289E-02
  3.397056E-02     0.0349214  3.596661E-02  3.696837E-02  3.792494E-02  3.883491E-02  3.969707E-02  4.132387E-02  4.430367E-02  4.687024E-02             0
             0 -1.051103E-03 -2.773303E-04  3.384591E-04  8.229468E-04  1.380118E-03  2.008502E-03  2.619079E-03  3.086868E-03  3.477615E-03  3.884557E-03  4.413058E-03  5.193417E-03  6.144216E-03   7.15063E-03   8.20906E-03   9.31567E-03  1.046642E-02  1.165706E-02  1.288318E-02
     0.0141402  1.542339E-02  1.672787E-02  1.804865E-02  1.938064E-02  2.071875E-02  2.205793E-02  2.339322E-02  2.471981E-02  2.603305E-02  2.716655E-02  2.812605E-02  2.907176E-02  2.984703E-02  3.045985E-02  3.106483E-02  3.166158E-02  3.224968E-02  3.282877E-02  3.339851E-02
  3.409855E-02  3.505214E-02     0.0360996  3.710276E-02  3.805996E-02  3.896982E-02  3.983122E-02  4.145533E-02  4.442338E-02  4.696505E-02             0
             0 -3.110964E-03 -2.316692E-03 -1.646873E-03 -1.115007E-03 -4.995146E-04  1.982233E-04  8.792887E-04   1.40272E-03  1.840802E-03  2.297894E-03  2.892577E-03  3.772834E-03  4.848538E-03  5.990076E-03  7.193184E-03  8.453221E-03  9.765204E-03  1.112384E-02  1.252356E-02
  1.395854E-02     0.0154227  1.690974E-02  1.841311E-02  1.992615E-02  2.144214E-02  2.295438E-02  2.445628E-02  2.594142E-02  2.740365E-02  2.865793E-02  2.971417E-02  3.074937E-02  3.159283E-02  3.225669E-02  3.290911E-02  3.354962E-02  3.417779E-02  3.479322E-02  3.539554E-02
  3.613165E-02  3.712603E-02  3.820571E-02  3.922737E-02  4.019027E-02  4.109414E-02  4.193907E-02  4.351193E-02  4.627772E-02  4.841604E-02             0
             0 -4.753545E-03 -3.966962E-03 -3.267923E-03 -2.707331E-03 -2.053669E-03 -1.307746E-03 -5.752592E-04 -9.967212E-06  4.643811E-04  9.605347E-04  1.607542E-03  2.568358E-03  3.747015E-03  5.001895E-03   6.32805E-03  7.720011E-03  9.171864E-03  1.067731E-02  1.222973E-02
  1.382217E-02  1.544741E-02  1.709788E-02  1.876571E-02     0.0204428  2.212086E-02  2.379156E-02  2.544658E-02     0.0270777     0.0286769  3.004154E-02  3.118541E-02  3.230061E-02  3.320386E-02  3.391168E-02  3.460409E-02  3.528051E-02  3.594044E-02  3.658343E-02  3.720913E-02
  3.796925E-02  3.898646E-02  4.007654E-02  4.109412E-02  4.203998E-02  4.291558E-02  4.372285E-02  4.520521E-02  4.771225E-02  4.945832E-02             0
             0 -5.856813E-03 -5.095183E-03 -4.388272E-03 -3.816123E-03 -3.143953E-03 -2.371693E-03 -1.608591E-03 -1.017128E-03 -5.194884E-04  2.339986E-06  6.844286E-04  1.700592E-03  2.951706E-03  4.287661E-03  5.702747E-03  7.190651E-03  8.744597E-03  1.035746E-02  1.202182E-02
  1.373003E-02  1.547414E-02  1.724589E-02  1.903664E-02  2.083739E-02     0.0226389  2.443168E-02  2.620606E-02  2.795223E-02  2.966037E-02  3.111322E-02  3.232707E-02  3.350574E-02  3.445576E-02  3.519745E-02  3.591999E-02  3.662265E-02  3.730482E-02  3.796599E-02  3.860578E-02
  3.937846E-02  4.040291E-02     0.0414866  4.248492E-02  4.340078E-02  4.423786E-02  4.500023E-02  4.638396E-02  4.865484E-02  5.010532E-02             0
             0 -6.575894E-03 -5.844048E-03 -5.140584E-03 -4.566703E-03 -3.887924E-03 -3.103125E-03 -2.322995E-03  -1.71582E-03 -1.203646E-03 -6.652888E-04  3.995645E-05  1.093698E-03  2.395195E-03  3.788206E-03  5.266144E-03  6.821823E-03  8.447683E-03  1.013595E-02     0.0118787
  1.366788E-02  1.549526E-02  1.735229E-02  1.923007E-02  2.111927E-02  2.301021E-02  2.489283E-02  2.675663E-02  2.859068E-02  3.038366E-02  3.190641E-02  3.317624E-02  3.440588E-02  3.539328E-02  3.616177E-02  3.690771E-02  3.763016E-02  3.832829E-02     0.0390015  3.964937E-02
  4.042729E-02  4.144926E-02  4.251681E-02  4.348822E-02  4.436916E-02  4.516584E-02  4.588454E-02  4.717783E-02  4.925958E-02  5.050393E-02             0
             0 -6.947896E-03 -6.238045E-03 -5.541023E-03  -4.96957E-03 -4.290655E-03  -3.50226E-03 -2.715149E-03 -2.100631E-03 -1.581257E-03 -1.034347E-03 -3.167285E-04  7.577518E-04  2.087647E-03  3.512982E-03  5.026388E-03   6.62001E-03  8.285773E-03  1.001554E-02  1.180116E-02
  1.363447E-02  1.550718E-02  1.741078E-02  1.933634E-02  2.127457E-02  2.321576E-02  2.514973E-02  2.706573E-02     0.0289524  3.079763E-02  3.236473E-02  3.367085E-02  3.493412E-02  3.594644E-02  3.673279E-02  3.749417E-02  3.822933E-02  3.893721E-02  3.961704E-02  4.026835E-02
  4.104668E-02  4.206166E-02  4.311175E-02  4.405906E-02  4.491185E-02  4.567842E-02  4.636652E-02  4.759964E-02  4.956898E-02  5.070235E-02             0
             0 -7.109493E-03 -6.410643E-03 -5.717552E-03 -5.148014E-03 -4.469956E-03 -3.680867E-03    -0.0028913 -2.273837E-03 -1.751421E-03 -1.200769E-03 -4.776054E-04  6.063614E-04  1.949356E-03  3.389557E-03  4.919164E-03  6.529982E-03     0.0082137  9.962031E-03  1.176675E-02
  1.361967E-02  1.551252E-02  1.743681E-02  1.938367E-02  2.134386E-02     0.0233077  2.526502E-02  2.720506E-02  2.911631E-02  3.098641E-02  3.257509E-02     0.0338992  3.517947E-02  3.620464E-02  3.700026E-02  3.776971E-02  3.851144E-02  3.922422E-02  3.990713E-02  4.055965E-02
  4.133722E-02  4.234691E-02  4.338614E-02     0.0443197  4.515733E-02  4.590837E-02  4.658122E-02  4.778515E-02  4.970274E-02  5.078712E-02             0
             0 -7.197376E-03 -6.504912E-03 -5.814292E-03 -5.246062E-03 -4.568769E-03 -3.779602E-03 -2.988915E-03 -2.369942E-03 -1.845903E-03 -1.293201E-03 -5.669481E-04  5.223662E-04  1.872758E-03   3.32132E-03  4.859985E-03  6.480368E-03  8.174029E-03  9.932606E-03  1.174784E-02
  1.361155E-02  1.551546E-02  1.745113E-02  1.940972E-02  2.138202E-02     0.0233584  2.532872E-02  2.728221E-02  2.920733E-02  3.109161E-02  3.269278E-02  3.402741E-02     0.0353178  3.635073E-02  3.715202E-02  3.792641E-02  3.867221E-02  3.938798E-02  4.007267E-02  4.072571E-02
  4.150243E-02  4.250825E-02     0.0435403  4.446523E-02  4.529365E-02  4.603548E-02  4.669946E-02  4.788665E-02  4.977531E-02  5.083286E-02             0
             0  -7.24184E-03 -6.552741E-03 -5.863486E-03 -5.296013E-03 -4.619218E-03 -3.830133E-03 -3.038973E-03 -2.419278E-03 -1.894432E-03 -1.340683E-03 -6.128317E-04  4.792738E-04  1.833521E-03  3.286417E-03  4.829756E-03  6.455051E-03  8.153804E-03  9.917615E-03  1.173822E-02
  1.360741E-02  1.551696E-02  1.745842E-02  1.942299E-02  2.140148E-02  2.338428E-02  2.536127E-02  2.732169E-02      0.029254  3.114569E-02  3.275343E-02  3.409369E-02  3.538955E-02  3.642673E-02  3.723119E-02  3.800838E-02  3.875649E-02  3.947397E-02  4.015963E-02  4.081286E-02
  4.158889E-02  4.259223E-02  4.362009E-02  4.454017E-02  4.536358E-02  4.610049E-02  4.675977E-02     0.0479382  4.981197E-02  5.085589E-02             0
