 51            10 
             0    -0.2469708      -0.24042      -0.23482    -0.2303237    -0.2250752    -0.2190883    -0.2132179    -0.2086939    -0.2049016     -0.200939    -0.1957766    -0.1881213    -0.1787468    -0.1700297    -0.1620735    -0.1536953    -0.1412606    -0.1275214    -0.1136638
 -9.895974E-02 -8.374936E-02    -0.0680744 -5.203242E-02 -3.581888E-02 -1.934942E-02 -2.605525E-03     0.0143849     0.0306349     0.0458229  5.897492E-02  7.002645E-02  8.080508E-02  8.956384E-02     0.0964787     0.1033421     0.1101778     0.1169815     0.1237822     0.1301573
     0.1375184     0.1479046     0.1591509     0.1695577       0.17968     0.1894144     0.1985837     0.2158175     0.2439186     0.2678331             0
             0    -0.2501013    -0.2435479    -0.2379281    -0.2334105    -0.2281307    -0.2221005    -0.2161793    -0.2116107    -0.2077776    -0.2037686    -0.1985404    -0.1907734    -0.1812339    -0.1723279    -0.1641413    -0.1554375    -0.1426691    -0.1285888    -0.1143635
 -9.924185E-02 -8.357847E-02 -6.743356E-02 -5.092462E-02    -0.0342526 -1.734302E-02 -1.871011E-04  1.720006E-02  3.380858E-02  4.933778E-02  6.279399E-02  7.410665E-02  8.514231E-02  9.410611E-02      0.101177     0.1081867     0.1151556     0.1220799     0.1289903      0.135459
     0.1429326     0.1534304     0.1647416     0.1751691     0.1852528     0.1948481      0.203773      0.220423     0.2475799     0.2701408             0
             0    -0.2996298    -0.2933225    -0.2876121    -0.2829342    -0.2773737    -0.2709208    -0.2644866    -0.2594659    -0.2552221    -0.2507506    -0.2448761    -0.2360528    -0.2250559    -0.2146375    -0.2049062    -0.1943933     -0.177009    -0.1572233    -0.1369989
    -0.1153943 -9.297491E-02 -6.986807E-02 -4.627476E-02 -2.251421E-02  1.486279E-03  2.570317E-02  5.007106E-02  7.314316E-02  9.445664E-02     0.1126566     0.1277548     0.1422527     0.1538123     0.1628044     0.1715843     0.1801725      0.188559     0.1967763     0.2043236
     0.2128507     0.2244151     0.2362711     0.2465826     0.2559378     0.2642592     0.2714677     0.2839601     0.2995954     0.3041696             0
             0    -0.3421802    -0.3375122    -0.3327214    -0.3286483    -0.3236551    -0.3177028    -0.3116242    -0.3068038    -0.3026881    -0.2983101    -0.2925064    -0.2836776    -0.2724972      -0.26174    -0.2515481    -0.2403509    -0.2178161    -0.1911356    -0.1635629
    -0.1340204    -0.1033547 -7.176222E-02 -3.951526E-02 -7.038334E-03  2.577787E-02  5.889814E-02  9.221126E-02     0.1236945       0.15265     0.1771721     0.1973152     0.2163883     0.2313079     0.2427292     0.2536736     0.2641492     0.2741286     0.2836382     0.2921113
     0.3013374     0.3130694     0.3239593      0.332291     0.3387293     0.3434086     0.3465073      0.350156     0.3468817     0.3305852             0
             0    -0.3725048    -0.3702634      -0.36703    -0.3640625    -0.3602062    -0.3553862    -0.3502695    -0.3461152    -0.3425218     -0.338657    -0.3334874     -0.325544    -0.3154094     -0.305633    -0.2964784    -0.2864749    -0.2589328    -0.2250014    -0.1897945
    -0.1521911    -0.1133218 -7.339317E-02 -3.265885E-02  8.455778E-03  5.020235E-02  9.263309E-02     0.1356806     0.1767213     0.2148047      0.247229     0.2738577     0.2989299     0.3182783     0.3328722     0.3465746     0.3593403     0.3710891     0.3818164     0.3909007
     0.4001619     0.4104493     0.4178475     0.4213868     0.4219777     0.4202302     0.4167801     0.4074965     0.3823059     0.3479163             0
             0    -0.3932134    -0.3936292    -0.3922466    -0.3906397    -0.3882226    -0.3848596    -0.3809814    -0.3776789     -0.374751     -0.371542    -0.3671935    -0.3604546    -0.3519287    -0.3439373    -0.3370706    -0.3302066    -0.2977494    -0.2563806    -0.2136739
    -0.1684985    -0.1222004 -7.489161E-02 -2.668105E-02  2.214671E-02  7.212533E-02     0.1235567     0.1766102     0.2281831     0.2772196     0.3199771     0.3556399     0.3895777     0.4157981     0.4354157     0.4535062     0.4698261     0.4841098     0.4962265      0.505493
     0.5136237     0.5193207     0.5185208     0.5126314     0.5032338     0.4917558     0.4793993     0.4541079     0.4074112     0.3590044             0
             0    -0.4043204    -0.4067632    -0.4069493      -0.40656    -0.4054936    -0.4035323    -0.4008141    -0.3982476     -0.395848    -0.3931095    -0.3892986    -0.3833035    -0.3758934    -0.3694132    -0.3649587    -0.3619251    -0.3254876    -0.2781648    -0.2298528
    -0.1793482    -0.1280601 -7.593423E-02 -2.287783E-02     0.0310286  8.663749E-02     0.1445925     0.2054767     0.2660726     0.3256505      0.379692     0.4262912     0.4721869     0.5087343     0.5364075     0.5619277     0.5844344     0.6030101     0.6170051     0.6255758
     0.6303062     0.6254944     0.6093057     0.5887453     0.5662152     0.5437062     0.5224976     0.4830378      0.421219     0.3646626             0
             0    -0.4092263      -0.41272    -0.4137882    -0.4141262    -0.4139253    -0.4129299    -0.4110447    -0.4089722    -0.4068754    -0.4043348    -0.4006705    -0.3948096    -0.3877406    -0.3819463    -0.3788727    -0.3782692    -0.3395826    -0.2890165    -0.2377907
    -0.1846143    -0.1308899    -0.0764494 -2.107368E-02     0.0352843  9.366865E-02     0.1549479     0.2200111     0.2857157     0.3517849     0.4135337     0.4683776     0.5244032     0.5709645     0.6072466     0.6415475     0.6720565     0.6965331     0.7129108     0.7196676
     0.7189479      0.699892     0.6669517     0.6332577     0.6006913     0.5707438     0.5441337     0.4967163     0.4273805     0.3671057             0
             0    -0.4119163    -0.4160337    -0.4176524    -0.4184658    -0.4188676    -0.4186071    -0.4174315     -0.415799    -0.4139369    -0.4114523    -0.4077204    -0.4017144    -0.3946802    -0.3892189    -0.3869918    -0.3879783    -0.3478797    -0.2953311     -0.242371
    -0.1876351    -0.1325087 -7.674726E-02 -2.005065E-02  3.770975E-02  9.769945E-02     0.1609357     0.2285212     0.2974133     0.3677365     0.4348756      0.495896     0.5602151     0.6159818     0.6609947     0.7052901     0.7461592     0.7794368     0.7998232      0.802578
     0.7932316     0.7564459     0.7068701     0.6621079     0.6220127     0.5869297      0.556812     0.5044736      0.430775     0.3684303             0
             0    -0.4132844    -0.4177358    -0.4196614    -0.4207515    -0.4215291    -0.4217838    -0.4212177    -0.4200656    -0.4184868    -0.4158719    -0.4118556    -0.4055384    -0.3983971    -0.3930645    -0.3912952    -0.3931906    -0.3523014     -0.298668    -0.2447771
    -0.1892156    -0.1333541 -7.690382E-02 -1.951943E-02  3.897337E-02  9.980769E-02      0.164086     0.2330385     0.3037006     0.3764772      0.446897     0.5119203     0.5821025     0.6452332     0.6981088     0.7528632     0.8068622     0.8546612      0.885382     0.8769454
     0.8528617     0.7956672     0.7316306     0.6788239     0.6338496     0.5956776     0.5635536     0.5085051     0.4325064     0.3690994             0
