 51            10 
             0     -0.276218    -0.2666104    -0.2583948    -0.2527517    -0.2469551    -0.2399585    -0.2328336    -0.2272099    -0.2224206    -0.2173333     -0.210587    -0.2002782    -0.1879824    -0.1750466    -0.1626577    -0.1509659    -0.1380174    -0.1239971    -0.1090224
 -9.314638E-02 -7.635304E-02 -6.007691E-02 -4.438376E-02 -2.791938E-02 -1.202712E-02  3.121607E-03  1.855475E-02  3.410441E-02     0.0496304  6.309582E-02  7.452645E-02  8.583075E-02  9.514297E-02     0.1025361     0.1094135     0.1157704     0.1220572     0.1282652     0.1343854
     0.1419153     0.1521769     0.1634414       0.17423     0.1845521     0.1938867     0.2022154     0.2178547     0.2450706     0.2682884             0
             0    -0.2818056    -0.2728311     -0.265464    -0.2597735    -0.2535293    -0.2462384    -0.2390806    -0.2335695    -0.2289496    -0.2241154     -0.217792    -0.2082654    -0.1966625    -0.1840154    -0.1708207    -0.1578541    -0.1438915    -0.1292254    -0.1139591
 -9.816901E-02 -8.162042E-02 -6.498687E-02 -4.860493E-02 -3.147537E-02 -1.464372E-02  1.573419E-03     0.0179291  3.424916E-02  5.039758E-02  6.419645E-02  7.577584E-02  8.711292E-02  9.640504E-02     0.1038095      0.110794     0.1173248     0.1238072     0.1302088     0.1365191
     0.1442766     0.1547363     0.1660721     0.1768089     0.1869773     0.1964117     0.2050284     0.2211143     0.2479657     0.2703604             0
             0    -0.3599296    -0.3505667    -0.3423281    -0.3357791    -0.3283463    -0.3194173    -0.3104116    -0.3033449    -0.2973493     -0.291004    -0.2826142    -0.2697854    -0.2538975    -0.2363179    -0.2177924    -0.1994108     -0.179521    -0.1585633     -0.136708
    -0.1140861 -9.038296E-02 -6.658437E-02 -4.317664E-02 -1.876576E-02  5.127318E-03  2.802777E-02  5.095838E-02  7.362372E-02  9.578141E-02     0.1144268      0.129855     0.1447137     0.1566632     0.1660534     0.1747818     0.1828054     0.1906278     0.1982061     0.2055261
     0.2143335      0.225801     0.2375968     0.2481437     0.2575128     0.2656399     0.2725421      0.284483     0.2996762     0.3043135             0
             0    -0.4374842    -0.4320262    -0.4256258    -0.4200411    -0.4130033    -0.4038369    -0.3939101     -0.385749    -0.3786307    -0.3709063     -0.360462    -0.3440286    -0.3230957    -0.2994395    -0.2742145    -0.2489839    -0.2216401     -0.192843    -0.1628489
    -0.1318545 -9.943181E-02 -6.691747E-02 -3.493406E-02  -1.55876E-03  3.113666E-02  6.250338E-02  9.391604E-02      0.124919     0.1551035     0.1802917     0.2009209     0.2204996     0.2359339     0.2478635     0.2587435     0.2685094     0.2777773     0.2864862      0.294614
     0.3040287     0.3155034     0.3260951     0.3343849     0.3405976     0.3449443     0.3476903      0.350725      0.346741      0.330709             0
             0    -0.5009086    -0.5046853     -0.504124    -0.5024276    -0.4985153    -0.4916778    -0.4826052    -0.4742531    -0.4665149    -0.4576862    -0.4452511    -0.4247628    -0.3977079    -0.3665363    -0.3331411    -0.2998045    -0.2640079    -0.2267075    -0.1882222
    -0.1487718    -0.1077427 -6.671988E-02 -2.633678E-02  1.595416E-02  5.763043E-02  9.796992E-02     0.1387855     0.1795077     0.2195528     0.2531948     0.2807639     0.3067876     0.3270136     0.3424006     0.3561311     0.3680769     0.3789704     0.3887035     0.3972343
     0.4063921     0.4159915     0.4224681     0.4252226     0.4249617      0.422482     0.4184908     0.4083425      0.382041     0.3480397             0
             0    -0.5497005    -0.5673999    -0.5775506    -0.5838602    -0.5874779    -0.5875355    -0.5825703    -0.5755073    -0.5677668    -0.5578479    -0.5427237    -0.5159767     -0.479467    -0.4373673    -0.3929315    -0.3495375    -0.3041004    -0.2578427    -0.2109982
    -0.1636677    -0.1149231 -6.641848E-02     -0.018638  3.166635E-02  8.171701E-02     0.1309088     0.1816627      0.233519     0.2859195     0.3312276     0.3690976     0.4053772     0.4336925     0.4550689     0.4737753     0.4894408     0.5028694     0.5137684     0.5220205
     0.5291117     0.5327189     0.5291936     0.5205886     0.5088195     0.4956329     0.4822331     0.4554595     0.4071014     0.3591346             0
             0    -0.5785871    -0.6100006    -0.6334918    -0.6513344    -0.6679543    -0.6824548    -0.6884013    -0.6859272    -0.6793362    -0.6677493    -0.6473469    -0.6084797    -0.5561897    -0.4988282    -0.4411171    -0.3872958      -0.33303    -0.2794159     -0.226296
     -0.173455    -0.1195762 -6.621636E-02    -0.0136361  4.198949E-02  9.784935E-02     0.1536162     0.2124142     0.2742783     0.3392437     0.3982493     0.4497637     0.5014976     0.5437298     0.5762962     0.6049907     0.6285843     0.6474645     0.6603581     0.6666617
     0.6669669     0.6550537     0.6310951     0.6035268     0.5757363     0.5498254     0.5267451      0.484915     0.4209109     0.3647994             0
             0    -0.5919558    -0.6314287     -0.664287    -0.6914465    -0.7207539    -0.7528444    -0.7764114    -0.7833862    -0.7797832    -0.7649934    -0.7348366    -0.6776906    -0.6072226    -0.5360233    -0.4681602    -0.4074282    -0.3478741    -0.2901838    -0.2337844
    -0.1781851    -0.1218095 -6.612227E-02 -1.124268E-02  4.696374E-02       0.10571     0.1648746     0.2280543     0.2957674     0.3687928     0.4377448     0.5004506     0.5668581     0.6248159     0.6717962     0.7152911     0.7527452     0.7828796     0.8005663     0.8016419
     0.7870889     0.7492369     0.7001045     0.6540649     0.6133075     0.5784613      0.549315     0.4989002     0.4270794     0.3672459             0
             0    -0.5994594    -0.6440336    -0.6835006    -0.7179284     -0.758701    -0.8101493    -0.8596347    -0.8858641    -0.8905193    -0.8673536    -0.8177614    -0.7342216    -0.6440611    -0.5607566    -0.4851424    -0.4196421    -0.3566683     -0.296461    -0.2381025
    -0.1808938    -0.1230838 -6.606982E-02 -9.880005E-03  4.980648E-02     0.1102292      0.171409     0.2372634     0.3086924     0.3871339     0.4633305     0.5349458     0.6144881     0.6889226     0.7533032     0.8180062     0.8805429     0.9381172     0.9750674     0.9567395
     0.9069045     0.8282392     0.7507107     0.6878879       0.63696     0.5957712     0.5626193     0.5068496     0.4304796     0.3685726             0
             0    -0.6033337    -0.6507654    -0.6942788    -0.7336014    -0.7833411    -0.8536248    -0.9387165     -1.007236     -1.046443     -0.988663    -0.8966749    -0.7771891    -0.6680045    -0.5754522    -0.4946902    -0.4263085     -0.361379    -0.2997835    -0.2403704
    -0.1823096    -0.1237483 -6.604295E-02 -9.170664E-03  5.129007E-02     0.1125973     0.1748558     0.2421716     0.3156923      0.397322     0.4780896     0.5558231     0.6455288     0.7351169     0.8185669      0.912394      1.022786      1.164927      1.355444      1.185452
      1.032719     0.8907089     0.7842511     0.7081333     0.6503041     0.6052011     0.5697255     0.5109874     0.4322145     0.3692427             0
