 51            10 
             0    -0.2760648    -0.2671027    -0.2599774    -0.2543577    -0.2478764    -0.2405411    -0.2333848    -0.2278843    -0.2232799    -0.2184745    -0.2122212    -0.2029625    -0.1916494    -0.1796553    -0.1670385    -0.1538606    -0.1401844     -0.126081    -0.1116388
 -9.699228E-02 -8.279973E-02 -7.075366E-02 -5.065068E-02 -3.227346E-02 -1.476101E-02  2.235163E-03  1.883726E-02  3.506782E-02  5.090591E-02  6.438681E-02  7.567725E-02  8.668407E-02  9.560503E-02     0.1026016     0.1094536     0.1161571     0.1227086     0.1291056     0.1353458
     0.1429485     0.1531743      0.164216     0.1746057     0.1843359     0.1934005     0.2018024     0.2173008     0.2437228     0.2630163             0
             0    -0.2811759     -0.272161    -0.2649637    -0.2592896    -0.2527474    -0.2453318      -0.23808    -0.2324949    -0.2278128    -0.2229191    -0.2165411    -0.2070768    -0.1954838    -0.1831728     -0.170218    -0.1566902    -0.1426364    -0.1281192    -0.1132291
 -9.811398E-02 -8.347493E-02 -6.579663E-02 -4.794196E-02 -3.047963E-02     -0.013173  3.924148E-03  2.075842E-02     0.0372746  5.341438E-02  6.715503E-02  7.865849E-02  8.986379E-02  9.893406E-02     0.1060397      0.112989     0.1197766     0.1263981     0.1328498     0.1391303
     0.1467696     0.1570548      0.168151     0.1785956     0.1883712     0.1974266     0.2057813     0.2211344     0.2470868     0.2685532             0
             0    -0.3590472    -0.3495686    -0.3414703    -0.3348866    -0.3270688    -0.3179544    -0.3088025    -0.3016232     -0.295535     -0.289102    -0.2806319    -0.2678854     -0.252016     -0.234937    -0.2167729    -0.1976502    -0.1776639    -0.1569314    -0.1356083
    -0.1139302 -9.292336E-02 -6.755778E-02 -4.198677E-02 -1.704749E-02  7.570007E-03  3.175486E-02  5.539179E-02  7.835777E-02     0.1005209     0.1190919     0.1344154     0.1490906     0.1607379     0.1697289     0.1783817     0.1866864     0.1946354     0.2022236     0.2094492
     0.2180331     0.2291558     0.2405088     0.2505571     0.2593636     0.2669568     0.2734388     0.2843915     0.2981853     0.3021715             0
             0    -0.4359648    -0.4300319     -0.423462    -0.4175759     -0.409972    -0.4004263    -0.3902049    -0.3818454    -0.3745797      -0.36673    -0.3561875    -0.3399124    -0.3191061    -0.2962929    -0.2717324    -0.2456916    -0.2183768    -0.1900031    -0.1608142
     -0.131141    -0.1023773 -6.758506E-02 -3.250063E-02  1.758494E-03  3.563331E-02  6.896934E-02     0.1015816     0.1332439     0.1636833     0.1889727     0.2096169     0.2290826      0.244204     0.2556669     0.2664618     0.2765607     0.2859425     0.2945939     0.3025111
     0.3114996     0.3222551     0.3319235     0.3392015     0.3444202     0.3478439     0.3497788     0.3512361     0.3448972     0.3282739             0
             0    -0.4983297    -0.5006057     -0.498866     -0.496024    -0.4909674    -0.4831079    -0.4732873    -0.4645182    -0.4565255    -0.4475384    -0.4350632    -0.4150539    -0.3886154    -0.3591346    -0.3272118    -0.2934177    -0.2581601    -0.2217823    -0.1846009
    -0.1469913    -0.1106311 -6.661748E-02 -2.216609E-02  2.145538E-02  6.493431E-02     0.1081809     0.1510268     0.1931897     0.2342374     0.2686484     0.2967889     0.3231938     0.3434058     0.3584645     0.3722955     0.3847957     0.3958845     0.4055102     0.4136559
     0.4220155     0.4300945     0.4345577     0.4351286     0.4328855     0.4286304     0.4230295     0.4101648     0.3801451       0.34542             0
             0    -0.5457575    -0.5599176    -0.5665299    -0.5695848    -0.5702667    -0.5672528    -0.5600619    -0.5519279    -0.5436848    -0.5336579    -0.5189224    -0.4939512    -0.4598646    -0.4216838    -0.3807376     -0.338093    -0.2943857    -0.2500239    -0.2052927
    -0.1604922    -0.1174261    -0.0653436    -0.0126327  3.947382E-02     0.0920632     0.1453135     0.1993108     0.2539763     0.3089607     0.3566847     0.3966732     0.4349279     0.4644548     0.4863264     0.5060236      0.523125     0.5372586     0.5481614     0.5557371
      0.561175     0.5612097     0.5529275      0.539405     0.5234795     0.5068128     0.4903749     0.4590245     0.4053169      0.356404             0
             0     -0.573469    -0.5987837     -0.615006    -0.6258183    -0.6353493    -0.6413932     -0.640626    -0.6350293    -0.6272805    -0.6160437    -0.5978661    -0.5651585    -0.5204091    -0.4716673     -0.421147    -0.3701999    -0.3193783    -0.2688814    -0.2187608
    -0.1691016    -0.1216591 -6.438576E-02 -6.319367E-03  5.146278E-02     0.1104774     0.1713217     0.2346109     0.3009339     0.3707456     0.4349571     0.4916129     0.5489874     0.5958735     0.6316907     0.6645194     0.6927345     0.7145216     0.7282467     0.7331208
     0.7291185     0.7076864     0.6722364     0.6342037      0.598431     0.5664665     0.5384941     0.4899758     0.4192592     0.3620155             0
             0    -0.5861993    -0.6178738    -0.6404625    -0.6571186    -0.6745184    -0.6906015    -0.6994743    -0.6991102     -0.693056     -0.679798    -0.6559739     -0.613021     -0.557485    -0.5000741    -0.4428485    -0.3867396    -0.3318712    -0.2781064    -0.2252494
    -0.1732042     -0.123656 -6.390696E-02 -3.276491E-03  5.726808E-02     0.1195015     0.1843127     0.2527393     0.3260115     0.4055846     0.4821679      0.553044     0.6294536     0.6971328     0.7522025     0.8062336     0.8557156     0.8950318     0.9165453     0.9135113
      0.887182     0.8276443     0.7569236     0.6940176     0.6416066     0.5985981     0.5632272     0.5047711     0.4255023     0.3644396             0
             0    -0.5933161    -0.6289486    -0.6558787    -0.6769153      -0.70107    -0.7277892    -0.7510695    -0.7630548    -0.7638404    -0.7435595    -0.7071533    -0.6494513    -0.5828553    -0.5182352    -0.4561324     -0.396582     -0.339168    -0.2834275    -0.2289606
    -0.1755373    -0.1247861 -6.362949E-02  -1.53843E-03  6.059316E-02     0.1247039     0.1918806     0.2634669     0.3411994     0.4274234     0.5131839     0.5956464     0.6896043     0.7799178     0.8593615     0.9456759      1.035992      1.121096      1.176567      1.140077
      1.056249     0.9334211     0.8211972     0.7349963      0.669224     0.6182408     0.5779173     0.5132104     0.4289477     0.3657544             0
             0    -0.5969806    -0.6348025    -0.6643199     -0.688219    -0.7174844    -0.7545882    -0.7999774    -0.8487804    -0.8958004    -0.8291902    -0.7558457    -0.6758566    -0.5986548    -0.5286869    -0.4634578    -0.4018791    -0.3430379    -0.2862237    -0.2308993
    -0.1767513    -0.1253723    -0.0634836 -6.318991E-04  6.233085E-02     0.1274347     0.1958823     0.2692038     0.3494654     0.4396452     0.5312804     0.6218548     0.7297437     0.8415897     0.9489082       1.08198      1.254093       1.48949      1.847992      1.512312
      1.247967      1.021587     0.8652598     0.7600484     0.6850116     0.6290346     0.5858068     0.5176136     0.4307071     0.3664185             0
