 51            10 
             0 -2.105336E-02 -1.962793E-02 -1.849986E-02 -1.761002E-02 -1.658402E-02 -1.542443E-02 -1.429583E-02    -0.0134303 -1.270691E-02 -1.195316E-02 -1.097383E-02 -9.526956E-03 -7.762953E-03 -5.894821E-03 -3.929328E-03  -1.87367E-03  2.645656E-04  2.477443E-03  4.756708E-03
  7.093821E-03  9.479969E-03  1.190606E-02  1.436267E-02  1.684026E-02  1.932927E-02  2.182024E-02  2.430389E-02  2.677125E-02  2.921362E-02  3.132159E-02  3.310587E-02  3.486443E-02  3.630598E-02  3.744541E-02  3.857024E-02  3.967971E-02  4.077307E-02  4.184964E-02  4.290877E-02
  4.421008E-02  4.598258E-02     0.0479294  4.979368E-02  5.157233E-02     0.0532628  5.486303E-02     0.0578799  6.339791E-02  6.868781E-02             0
             0 -2.132127E-02 -1.988786E-02 -1.875234E-02 -1.785628E-02 -1.682274E-02 -1.565424E-02 -1.451663E-02     -0.013644 -1.291459E-02 -1.215447E-02 -1.116672E-02 -9.707184E-03 -7.927373E-03 -6.042166E-03 -4.058417E-03 -1.983423E-03   1.75112E-04  2.409119E-03  4.710198E-03
  7.069647E-03  9.478482E-03  1.192743E-02  1.440688E-02     0.0169071  1.941831E-02  2.193088E-02  2.443532E-02  2.692246E-02  2.938343E-02  3.150651E-02     0.0333029  3.507268E-02  3.652281E-02  3.766868E-02  3.879952E-02  3.991453E-02  4.101301E-02  4.209423E-02  4.315756E-02
  4.446356E-02  4.624144E-02  4.819266E-02  5.005967E-02  5.183947E-02  5.352965E-02  5.512828E-02  5.813963E-02  6.363395E-02  6.887529E-02             0
             0 -2.549425E-02 -2.394374E-02 -2.269632E-02 -2.170589E-02 -2.055714E-02 -1.925177E-02 -1.797494E-02 -1.699235E-02 -1.616933E-02 -1.530999E-02 -1.419126E-02 -1.253388E-02 -1.050655E-02 -8.353412E-03  -6.08266E-03 -3.703199E-03 -1.224599E-03  1.342981E-03  3.988846E-03
  6.701817E-03   9.47025E-03  1.228202E-02  1.512447E-02  1.798465E-02  2.084955E-02  2.370619E-02  2.654185E-02  2.934415E-02  3.210121E-02  3.446421E-02  3.645268E-02  3.840007E-02  3.998544E-02  4.123247E-02  4.245726E-02  4.365892E-02  4.483661E-02  4.598959E-02  4.711718E-02
  4.849419E-02  5.035209E-02  5.236597E-02  5.426825E-02     0.0560578  5.773441E-02  5.929863E-02  6.220479E-02  6.729069E-02  7.174286E-02             0
             0 -2.883261E-02 -2.723852E-02 -2.593032E-02 -2.488314E-02 -2.365947E-02 -2.225932E-02 -2.088101E-02    -0.0198156 -1.892074E-02 -1.798393E-02 -1.676131E-02 -1.494376E-02 -1.271144E-02    -0.0103324  -7.81623E-03  -5.17352E-03 -2.415724E-03  4.449746E-04  3.395765E-03
  6.423267E-03  9.513536E-03  1.265199E-02  1.582328E-02  1.901155E-02  2.220069E-02  2.537445E-02     0.0285166  3.161113E-02  3.464239E-02  3.722629E-02  3.939012E-02  4.149746E-02  4.320226E-02  4.453705E-02  4.584156E-02  4.711468E-02  4.835546E-02  4.956305E-02  5.073677E-02
  5.216091E-02  5.406301E-02  5.609573E-02  5.798767E-02  5.974085E-02  6.135861E-02  6.284522E-02  6.556606E-02  7.012759E-02  7.380541E-02             0
             0 -3.108123E-02 -2.949981E-02    -0.0281756 -2.710662E-02 -2.584763E-02 -2.439643E-02 -2.295806E-02 -2.184097E-02 -2.089994E-02 -1.991208E-02 -1.861954E-02 -1.669134E-02 -1.431378E-02 -1.177199E-02 -9.077159E-03 -6.241663E-03 -3.278743E-03  -2.02277E-04  2.973363E-03
  6.233368E-03  9.562438E-03  1.294462E-02  1.636304E-02  1.980014E-02  2.323787E-02  2.665769E-02  3.004068E-02  3.336762E-02  3.661921E-02  3.938165E-02  4.168719E-02  4.392303E-02  4.572242E-02  4.712564E-02  4.849091E-02     0.0498168  5.110211E-02  5.234585E-02  5.354731E-02
     0.0549957  5.691051E-02  5.892766E-02  6.077782E-02     0.0624675  6.400472E-02  6.539819E-02  6.791557E-02  7.199591E-02  7.508693E-02             0
             0 -3.255028E-02 -3.100648E-02    -0.0296906 -2.862015E-02 -2.735014E-02 -2.587587E-02 -2.440474E-02 -2.325683E-02 -2.228702E-02    -0.0212662 -1.992721E-02 -1.792319E-02 -1.544354E-02 -1.278594E-02 -9.963553E-03 -6.990647E-03 -3.882115E-03 -6.531704E-04  2.680805E-03
  6.104269E-03  9.601391E-03  1.315577E-02  1.675005E-02  2.036609E-02  2.398506E-02  2.758733E-02  3.115243E-02  3.465893E-02  3.808448E-02  4.099077E-02  4.341179E-02  4.575299E-02  4.762971E-02     0.0490883  5.050185E-02  5.186834E-02  5.318615E-02  5.445405E-02  5.567124E-02
     0.0571289     0.0590359  6.101623E-02     0.0628074  6.442196E-02  6.587341E-02  6.717508E-02  6.950386E-02  7.319668E-02  7.587691E-02             0
             0 -3.331169E-02 -3.180208E-02 -3.050115E-02 -2.943764E-02 -2.816969E-02 -2.669039E-02 -2.520672E-02 -2.404471E-02 -2.306073E-02 -2.202274E-02 -2.065861E-02 -1.861197E-02 -1.607362E-02 -1.334924E-02 -1.045381E-02  -7.40308E-03 -4.213023E-03 -8.995773E-04  2.521468E-03
  6.034401E-03  9.623392E-03  1.327214E-02  1.696338E-02  2.067909E-02  2.440048E-02  2.810784E-02  3.178035E-02  3.539582E-02  3.893047E-02  4.193025E-02  4.442835E-02  4.684154E-02  4.877197E-02  5.026915E-02  5.171604E-02  5.310988E-02  5.444836E-02  5.572983E-02  5.695334E-02
  5.841011E-02  6.029888E-02  6.223796E-02  6.397435E-02  6.552657E-02  6.691261E-02  6.814886E-02  7.035058E-02  7.381181E-02  7.627032E-02             0
             0 -3.364274E-02 -3.215127E-02 -3.085954E-02 -2.980118E-02 -2.853647E-02 -2.705732E-02 -2.556982E-02 -2.440239E-02 -2.341246E-02 -2.236691E-02 -2.099131E-02 -1.892472E-02 -1.635873E-02 -1.360315E-02 -1.067398E-02 -7.587698E-03 -4.360755E-03 -1.009357E-03   2.45059E-03
  6.003372E-03  9.633235E-03      0.013324  1.705854E-02  2.081898E-02  2.458668E-02  2.834203E-02  3.206426E-02  3.573106E-02  3.931826E-02  4.236436E-02  4.490162E-02  4.735246E-02     0.0493118  5.083009E-02  5.229544E-02  5.370437E-02  5.505394E-02  5.634198E-02  5.756737E-02
  5.902086E-02  6.089503E-02     0.0628071  6.451109E-02     0.0660289  6.738064E-02  6.858391E-02  7.072355E-02  7.407788E-02  7.643843E-02             0
             0 -3.382285E-02 -3.234218E-02 -3.105627E-02    -0.0300014 -2.873928E-02    -0.0272611 -2.577222E-02 -2.460214E-02 -2.360909E-02 -2.255935E-02 -2.117723E-02 -1.909915E-02 -1.651728E-02 -1.374396E-02 -1.079578E-02 -7.689628E-03 -4.442194E-03 -1.069806E-03  2.411593E-03
  5.986311E-03  9.638655E-03  1.335254E-02  1.711094E-02  2.089609E-02  2.468946E-02  2.847158E-02  3.222172E-02  3.591762E-02      0.039535     0.0426082  4.516879E-02  4.764254E-02  4.961999E-02  5.115179E-02  5.262919E-02  5.404814E-02  5.540504E-02  5.669713E-02  5.792299E-02
  5.937297E-02  6.123568E-02  6.312908E-02  6.481216E-02  6.630874E-02  6.763994E-02  6.882389E-02  7.092778E-02  7.422228E-02  7.652913E-02             0
             0     -0.033914 -3.243911E-02 -3.115643E-02 -3.010358E-02 -2.884309E-02 -2.736581E-02 -2.587659E-02 -2.470537E-02 -2.371079E-02 -2.265888E-02 -2.127329E-02 -1.918904E-02 -1.659875E-02 -1.381614E-02    -0.0108581 -7.741703E-03 -4.483756E-03  -1.10063E-03  2.391718E-03
  5.977617E-03  9.641416E-03  1.336708E-02  1.713765E-02  2.093543E-02  2.474195E-02  2.853782E-02  3.230238E-02  3.601341E-02  3.964664E-02  4.273427E-02  4.530747E-02     0.0477939  4.978168E-02  5.132141E-02  5.280613E-02  5.423141E-02  5.559311E-02  5.688776E-02  5.811332E-02
  5.956012E-02  6.141479E-02  6.329672E-02  6.496778E-02  6.645261E-02  6.777273E-02  6.894643E-02  7.103156E-02  7.429525E-02     0.0765748             0
