 51            10 
             0    -0.2762721    -0.2672963    -0.2601618    -0.2545398    -0.2480614    -0.2407297    -0.2335759    -0.2280764    -0.2234722    -0.2186662    -0.2124108     -0.203146    -0.1918215    -0.1798127    -0.1671825    -0.1539937    -0.1402959    -0.1261443    -0.1115948
 -9.667878E-02 -8.130843E-02 -6.479961E-02 -4.820017E-02 -3.157509E-02 -1.500088E-02  1.455046E-03  1.774031E-02     0.0338016  4.958207E-02     0.0630938  7.445881E-02     0.0855874  9.465012E-02     0.1017829     0.1087956     0.1156874       0.12246      0.129116     0.1356589
     0.1437013     0.1542029     0.1653753     0.1757307     0.1852296     0.1942037     0.2026143      0.218266     0.2453554     0.2685268             0
             0    -0.2815329    -0.2725164    -0.2652731    -0.2595958    -0.2531103    -0.2457404    -0.2385227    -0.2329602    -0.2282944    -0.2234134    -0.2170434    -0.2075646    -0.1959318     -0.183545    -0.1705376    -0.1570559    -0.1430041    -0.1284213    -0.1133736
 -9.792173E-02 -8.203828E-02 -6.528877E-02 -4.833322E-02 -3.128827E-02 -1.434361E-02   2.40049E-03  1.897899E-02  3.535301E-02  5.145077E-02  6.521779E-02  7.677787E-02  8.807223E-02  9.724154E-02     0.1044333     0.1114623     0.1183235     0.1250362     0.1316145     0.1380733
     0.1460215     0.1565096     0.1677803     0.1783567     0.1881331     0.1973175     0.2058422     0.2215859     0.2482259     0.2704199             0
             0    -0.3595443    -0.3500955    -0.3419661    -0.3353908    -0.3276536     -0.318608    -0.3095092    -0.3023649    -0.2963018    -0.2898881    -0.2814303    -0.2686626      -0.25273    -0.2355325    -0.2172788    -0.1982074    -0.1782139    -0.1573831    -0.1358364
    -0.1136872 -9.092335E-02 -6.695494E-02    -0.0427289 -1.843969E-02  5.611526E-03  2.924673E-02  5.247688E-02  7.520245E-02  9.727284E-02     0.1158575     0.1312443     0.1460317     0.1578102     0.1669179      0.175682     0.1840921     0.1921692     0.1999292     0.2073887
     0.2163658     0.2278012     0.2394441     0.2497625     0.2587052     0.2665521      0.273319     0.2848687     0.2996837     0.3042985             0
             0    -0.4367745    -0.4310361    -0.4245571     -0.418741    -0.4112881    -0.4018825    -0.3917676    -0.3834721    -0.3762477    -0.3684257    -0.3578936    -0.3415636    -0.3206094     -0.297562     -0.272786    -0.2467436    -0.2193648    -0.1908193    -0.1613068
    -0.1310001 -9.989206E-02    -0.0671891 -3.410215E-02 -8.869364E-04  3.205234E-02  6.446056E-02  9.632749E-02     0.1274642     0.1575806     0.1827268      0.203331     0.2228413     0.2380708     0.2496496     0.2605696     0.2707977     0.2803483     0.2892331     0.2974684
     0.3069843      0.318304     0.3285553     0.3364689       0.34219     0.3461802     0.3486719     0.3511917     0.3465514     0.3306345             0
             0    -0.4996404    -0.5025844    -0.5013362    -0.4987898    -0.4941261      -0.48665    -0.4771048    -0.4684775    -0.4605605    -0.4516043    -0.4391024    -0.4188973    -0.3920289    -0.3619858    -0.3294879    -0.2954736    -0.2599663    -0.2232469    -0.1855752
    -0.1471369    -0.1078648 -6.669597E-02 -2.495232E-02  1.714889E-02  5.920497E-02     0.1009781     0.1425195     0.1835971     0.2237684     0.2575653     0.2852861     0.3113999     0.3314973     0.3465322     0.3603899     0.3729551     0.3841976     0.3940994     0.4026677
     0.4117612     0.4209331     0.4266394     0.4286557     0.4276974      0.424636     0.4201002     0.4091091      0.381744     0.3479219             0
             0     -0.547704    -0.5634702    -0.5715243     -0.575506    -0.5773202    -0.5754777    -0.5691258    -0.5613775    -0.5532948     -0.543263    -0.5283085    -0.5026039    -0.4672091     -0.427584    -0.3851986    -0.3417879    -0.2974199    -0.2523955    -0.2069134
    -0.1610453    -0.1145449 -6.599438E-02 -1.664634E-02  3.345739E-02  8.407918E-02     0.1351844      0.187098     0.2397784     0.2928454     0.3389103     0.3775147     0.4144839     0.4430994     0.4643618     0.4835836     0.5003402     0.5143688     0.5254818     0.5336248
     0.5402279      0.542681     0.5372801     0.5269942     0.5139207     0.4995804     0.4850313     0.4567339     0.4067684     0.3589877             0
             0    -0.5759594    -0.6040535    -0.6232256    -0.6361899    -0.6485361    -0.6578394    -0.6596608    -0.6552559    -0.6479166    -0.6364654    -0.6173003    -0.5821033    -0.5338078     -0.481776    -0.4283156    -0.3757232    -0.3236603    -0.2721042    -0.2209523
    -0.1700088    -0.1187667 -6.546694E-02 -1.119542E-02  4.423646E-02     0.1008512     0.1589638     0.2194014     0.2827152     0.3492096     0.4100663     0.4634984     0.5173163     0.5610645     0.5943865     0.6248589     0.6509973      0.671397     0.6847967     0.6906114
      0.689195     0.6740511     0.6456273     0.6143836     0.5840697     0.5560338     0.5309463     0.4866994     0.4205824     0.3646373             0
             0    -0.5889845    -0.6242145    -0.6509594    -0.6709438    -0.6930971    -0.7154211    -0.7301831    -0.7329374    -0.7279638    -0.7138368    -0.6871089     -0.638334     -0.576142    -0.5134099    -0.4518901    -0.3934261     -0.336897     -0.281812     -0.227753
    -0.1743014     -0.120771 -6.520442E-02 -8.576514E-03  4.944335E-02      0.109049      0.170803     0.2359205      0.305512     0.3807284     0.4524775     0.5182524     0.5883196      0.649474     0.6986698     0.7463279       0.78935     0.8233812     0.8426137     0.8420793
      0.822754      0.777554     0.7203916     0.6684306      0.623969     0.5861906     0.5544088     0.5009778     0.4267587     0.3670772             0
             0    -0.5962798    -0.6359884    -0.6679814    -0.6933482    -0.7241653    -0.7607232    -0.7953267    -0.8151089    -0.8197119    -0.7958316     -0.751843    -0.6828471    -0.6058952    -0.5339958    -0.4664807    -0.4040377    -0.3446672     -0.287432    -0.2316536
    -0.1767486    -0.1219086 -6.505268E-02 -7.082676E-03  5.242249E-02     0.1137693      0.177689     0.2456743     0.3192741     0.4003875     0.4801239     0.5557967     0.6405279     0.7201141     0.7887585     0.8616237     0.9357985      1.003987      1.047678      1.022474
     0.9594019     0.8657992     0.7758787     0.7049156     0.6492734     0.6045331     0.5682986     0.5091093     0.4301648     0.3684004             0
             0    -0.6000411    -0.6422425    -0.6774034    -0.7063542    -0.7438821    -0.7946333    -0.8598304    -0.9306493      -1.01598    -0.9112784    -0.8161283    -0.7163276    -0.6248919    -0.5460269    -0.4745987    -0.4097799     -0.348803    -0.2903927     -0.233695
    -0.1780239    -0.1224999 -6.497305E-02 -6.304157E-03     0.0539784     0.1162452     0.1813264     0.2508825     0.3267464     0.4113456     0.4961461     0.5786527     0.6748071     0.7715127     0.8617913     0.9700949       1.10484      1.281366      1.527391      1.302009
      1.107501     0.9367495     0.8130568     0.7269047     0.6636297     0.6145714     0.5757403     0.5133474     0.4319032     0.3690687             0
