 51            10 
             0    -0.2761909    -0.2672198    -0.2600893    -0.2544679    -0.2479874    -0.2406533    -0.2334976    -0.2279973    -0.2233926    -0.2185865    -0.2123317    -0.2030694    -0.1917499    -0.1797479    -0.1671236    -0.1539391    -0.1402512    -0.1261251     -0.111642
    -0.0969347    -0.0824391 -6.788374E-02 -5.020614E-02 -3.281443E-02 -1.570827E-02  1.106148E-03  1.760928E-02  3.376562E-02  4.952417E-02  6.290805E-02  7.408123E-02  8.491803E-02  9.363218E-02     0.1004159     0.1069951     0.1133509     0.1194616     0.1253026     0.1308454
     0.1373618     0.1470658     0.1578253     0.1690954      0.180929     0.1914026     0.2007558     0.2175417     0.2451876     0.2682256             0
             0    -0.2813619    -0.2723423    -0.2651273    -0.2594526      -0.25293    -0.2455328    -0.2382948    -0.2327184    -0.2280423    -0.2231528    -0.2167769    -0.2073061     -0.195695    -0.1833543    -0.1703794     -0.156862     -0.142805     -0.128258    -0.1133049
 -9.808341E-02 -8.296449E-02 -6.660936E-02 -4.864838E-02 -3.124985E-02 -1.410397E-02  2.821399E-03  1.952181E-02  3.595912E-02     0.0520742  6.583229E-02  7.737144E-02  8.862954E-02  9.775357E-02     0.1049037     0.1118951     0.1187191     0.1253671     0.1318219     0.1380457
     0.1454329     0.1560528     0.1672512      0.178059     0.1881958     0.1974292     0.2059498     0.2216381     0.2481842     0.2702761             0
             0    -0.3593036    -0.3498333    -0.3417239    -0.3351451    -0.3273565    -0.3182702    -0.3091401    -0.3019744    -0.2958956    -0.2894693    -0.2810025    -0.2682462    -0.2523481    -0.2352221    -0.2170231    -0.1979092     -0.177914    -0.1571368    -0.1357246
    -0.1138998    -0.0922187 -6.878551E-02 -4.310445E-02 -1.830232E-02  6.039571E-03  2.993524E-02  5.334064E-02  7.615808E-02     0.0982555     0.1168304     0.1321912     0.1469329     0.1586543     0.1677102     0.1764283     0.1847953     0.1927993     0.2004205     0.2076177
     0.2159722     0.2275245     0.2391041     0.2496036     0.2588595     0.2667232     0.2734604     0.2849144     0.2995717     0.3041192             0
             0    -0.4363669    -0.4305144    -0.4239854    -0.4181331    -0.4105892    -0.4011022    -0.3909252    -0.3825914    -0.3753415    -0.3675013    -0.3569604    -0.3406602    -0.3197884    -0.2968788     -0.272232    -0.2461716    -0.2188207    -0.1903698    -0.1610524
    -0.1311877      -0.10154 -6.952999E-02 -3.442577E-02 -4.796641E-04     0.0328903  6.569693E-02  9.785333E-02     0.1291714     0.1593837      0.184568     0.2051785     0.2246642     0.2398425     0.2513677     0.2622364     0.2724166      0.281884      0.290612     0.2985588
     0.3074112     0.3187484     0.3289127     0.3368291     0.3426744     0.3465856     0.3489821     0.3513145     0.3463987     0.3304249             0
             0    -0.4989586    -0.5015233    -0.4999953    -0.4972904    -0.4924014    -0.4847063    -0.4750027    -0.4662924    -0.4583295    -0.4493523    -0.4368609    -0.4167635    -0.3901379    -0.3604175    -0.3282587    -0.2943425    -0.2589646    -0.2224347    -0.1850569
    -0.1471977    -0.1097562    -0.0694127 -2.508809E-02  1.798378E-02  6.065243E-02     0.1030301     0.1450716      0.186547     0.2270407      0.261086     0.2889947     0.3152557     0.3354239     0.3504859     0.3643541     0.3769227     0.3881119      0.397863      0.406132
     0.4145537     0.4234034     0.4288261     0.4303259      0.428986     0.4255919     0.4207989     0.4094118     0.3815863     0.3476931             0
             0    -0.5466706    -0.5615317    -0.5687619    -0.5722389    -0.5734158    -0.5709104    -0.5640827    -0.5561136    -0.5479363    -0.5379014    -0.5230623    -0.4977643    -0.4631105    -0.4243028    -0.3827567    -0.3397413      -0.29573    -0.2510749    -0.2060378
    -0.1609076     -0.116577 -6.895684E-02    -0.0165229  3.479179E-02  8.624564E-02     0.1382413     0.1910051     0.2445211      0.298468     0.3454006     0.3848075     0.4226017     0.4518653     0.4735947     0.4932186     0.5103175     0.5245332     0.5356158      0.543475
     0.5493855     0.5503611     0.5437557      0.531526     0.5168349     0.5015586     0.4864002     0.4573027     0.4066275     0.3587474             0
             0    -0.5746238    -0.6011544    -0.6186397    -0.6304222    -0.6411944     -0.648675    -0.6490705      -0.64402    -0.6364552    -0.6251056    -0.6064549    -0.5726147    -0.5263126    -0.4761283    -0.4243686    -0.3726541      -0.32127    -0.2703055    -0.2197596
    -0.1696915    -0.1208532 -6.854885E-02 -1.085926E-02  4.596183E-02     0.1036023     0.1628919     0.2245904     0.2893493     0.3576528     0.4206214     0.4762962     0.5328146     0.5791249     0.6145641      0.647104     0.6751352     0.6969026     0.7108692     0.7163744
     0.7138042      0.693305      0.660307     0.6238003     0.5894272     0.5593677     0.5331151     0.4875258     0.4204618     0.3643915             0
             0    -0.5874848    -0.6207153    -0.6450835    -0.6632375    -0.6827554    -0.7016773    -0.7134196     -0.714712     -0.709229    -0.6954756    -0.6700699    -0.6242635    -0.5657255    -0.5059537    -0.4469036    -0.3897066     -0.334089    -0.2797419    -0.2263865
    -0.1738866    -0.1228759 -6.833576E-02  -8.12959E-03     0.0513709     0.1121103     0.1752119     0.2418576     0.3133365     0.3911293     0.4661916      0.535821       0.61107     0.6778506     0.7322053      0.785485     0.8341658     0.8727868     0.8942329     0.8927834
      0.870124      0.811723     0.7438002     0.6824082     0.6313205     0.5905112     0.5571114     0.5019534     0.4266498     0.3668291             0
             0    -0.5946807    -0.6320972    -0.6611962    -0.6841854    -0.7113557    -0.7427646    -0.7721943    -0.7888944    -0.7913588     -0.769476    -0.7284285     -0.664578     -0.593093    -0.5251902     -0.460771    -0.3998886    -0.3415934    -0.2851938    -0.2301815
    -0.1762748    -0.1240221 -6.821014E-02 -6.570269E-03  5.446947E-02     0.1170163      0.182392     0.2520835     0.3278827     0.4121557     0.4962118     0.5772348     0.6697567     0.7587364     0.8368137     0.9211078      1.008205      1.088499      1.139007      1.109795
      1.036742     0.9169488     0.8075897     0.7227886     0.6581648     0.6095594      0.571363     0.5101783      0.430063      0.368151             0
             0    -0.5983881    -0.6381268    -0.6700636    -0.6962501    -0.7293295    -0.7733201    -0.8305283    -0.8906381    -0.9370609    -0.8711245    -0.7865443    -0.6947253    -0.6104136    -0.5363532    -0.4684522    -0.4053826    -0.3455799     -0.288062    -0.2321656
    -0.1775183    -0.1246171 -6.814344E-02 -5.756873E-03      0.056089     0.1195922     0.1861901     0.2575554     0.3358074     0.4239407     0.5137634     0.6027673     0.7089686      0.818885     0.9236266      1.051523      1.211922      1.418341      1.688896      1.443852
      1.221101      1.004989     0.8515569     0.7476193     0.6735378     0.6200323     0.5790175     0.5144684     0.4318053     0.3688187             0
