 51            10 
             0    -0.2759875    -0.2670318    -0.2599095    -0.2542911    -0.2478104    -0.2404755    -0.2333197    -0.2278198    -0.2232159    -0.2184113    -0.2121591    -0.2029026    -0.1915929    -0.1796027    -0.1669897    -0.1538155    -0.1401444    -0.1260486    -0.1116112
 -9.691416E-02 -8.190919E-02 -6.471656E-02 -4.753025E-02 -3.041811E-02 -1.344595E-02  3.322288E-03  1.982466E-02  3.600153E-02      0.051796  6.523476E-02  7.648417E-02  8.744472E-02  9.632309E-02     0.1032837      0.110098      0.116762     0.1232723     0.1296258       0.13582
     0.1433606     0.1534871     0.1643951     0.1746327     0.1841991     0.1930986     0.2013399     0.2165323     0.2424596     0.2643177             0
             0    -0.2810753     -0.272066    -0.2648748    -0.2592012    -0.2526547    -0.2452343    -0.2379788    -0.2323916    -0.2277083     -0.222814    -0.2164363    -0.2069751    -0.1953893     -0.183088    -0.1701403    -0.1566133    -0.1425632    -0.1280568    -0.1131807
 -9.803075E-02    -0.0825877 -6.498814E-02 -4.737419E-02 -2.983982E-02 -1.245376E-02  4.717488E-03  2.160939E-02  3.815929E-02  5.430666E-02  6.803291E-02  7.951286E-02  9.068621E-02  9.972571E-02     0.1068061     0.1137306     0.1204951     0.1270962     0.1335307     0.1397964
     0.1474151      0.157629     0.1686056     0.1788826     0.1884601     0.1973422       0.20554     0.2206007     0.2460329     0.2670404             0
             0    -0.3589117    -0.3494351    -0.3413406    -0.3347556    -0.3269306    -0.3178083    -0.3086505    -0.3014677    -0.2953774    -0.2889434    -0.2804735    -0.2677316    -0.2518734      -0.23481    -0.2166581    -0.1975386    -0.1775591    -0.1568428    -0.1355392
    -0.1138084 -9.163976E-02 -6.636371E-02 -4.110527E-02 -1.602747E-02  8.740204E-03  3.306731E-02  5.682123E-02  7.986692E-02     0.1020681     0.1206372     0.1359394     0.1505768     0.1621824     0.1711366     0.1797506     0.1880159     0.1959263     0.2034774     0.2106669
     0.2192014      0.230206     0.2413734     0.2511882     0.2597251     0.2670708     0.2733228     0.2838436     0.2968929     0.3004696             0
             0    -0.4357687    -0.4298131    -0.4232298    -0.4173318    -0.4097101    -0.4001462    -0.3899115    -0.3815449    -0.3742752    -0.3664239    -0.3558827    -0.3396181    -0.3188358     -0.296055    -0.2715239    -0.2454982    -0.2182011     -0.189855    -0.1606943
    -0.1309424    -0.1005576 -6.579267E-02 -3.103967E-02  3.506102E-03  3.768407E-02  7.131354E-02     0.1041849      0.136053     0.1666353     0.1919926     0.2126595     0.2321151     0.2472042     0.2586306     0.2693802     0.2794267     0.2887506       0.29734      0.305191
     0.3140877     0.3246588     0.3340317     0.3409664     0.3457806     0.3488027     0.3503496     0.3510716     0.3435175     0.3264001             0
             0     -0.498047    -0.5002281    -0.4984176    -0.4955265    -0.4904143    -0.4825005    -0.4726421     -0.463855     -0.455854    -0.4468657    -0.4343988    -0.4144223    -0.3880494    -0.3586502    -0.3268062    -0.2930651     -0.257856     -0.221532    -0.1843969
     -0.146687    -0.1082493 -6.416493E-02 -2.002581E-02  2.406748E-02  6.804498E-02     0.1117852     0.1550867     0.1976374     0.2389839     0.2735663      0.301793     0.3282236     0.3484111     0.3634296     0.3772032     0.3896333     0.4006429      0.410184     0.4182419
     0.4264867     0.4343696     0.4384636     0.4386157     0.4358194     0.4309548     0.4247384     0.4106935     0.3788264     0.3434439             0
             0    -0.5453706    -0.5592929    -0.5656976    -0.5686023     -0.569114    -0.5659268    -0.5586126    -0.5504237    -0.5421603    -0.5321396    -0.5174446    -0.4925908    -0.4587001    -0.4207343    -0.3799881    -0.3374856    -0.2938922     -0.249633    -0.2049813
    -0.1600715    -0.1145323 -6.228792E-02 -9.865417E-03  4.288519E-02  9.615754E-02     0.1500904     0.2047214     0.2599187      0.315279     0.3631499     0.4031272     0.4412279     0.4705211     0.4921674     0.5116219     0.5284898     0.5424275     0.5531967     0.5607153
     0.5661761     0.5663957     0.5580866     0.5444287     0.5280007     0.5105929      0.493325     0.4603204     0.4041143     0.3543699             0
             0    -0.5729951    -0.5978944    -0.6136919    -0.6241605    -0.6332576    -0.6387931    -0.6375912    -0.6317739    -0.6239493    -0.6127713    -0.5947977    -0.5625221    -0.5183208    -0.4700796     -0.419975    -0.3693104    -0.3186941    -0.2683602    -0.2183572
    -0.1685926    -0.1184285 -6.094042E-02 -3.151927E-03  5.538021E-02     0.1151881     0.1768162     0.2408035     0.3076335     0.3776187     0.4415227      0.497507     0.5537205      0.599218     0.6337532     0.6652237     0.6921636     0.7129779     0.7262676     0.7313852
      0.728415     0.7093417     0.6758899     0.6391647     0.6035911     0.5710904     0.5422522     0.4918071     0.4181483     0.3599546             0
             0    -0.5856786    -0.6168206    -0.6388097    -0.6549332    -0.6715715     -0.686565    -0.6941165    -0.6927297    -0.6861979    -0.6733998    -0.6505821    -0.6089529    -0.5545593    -0.4979901    -0.4413831    -0.3856708    -0.3310735    -0.2775115    -0.2247959
    -0.1726502    -0.1202635 -6.027652E-02  7.912585E-05  6.142163E-02     0.1244958     0.1901268     0.2592508     0.3329399      0.412399     0.4880631     0.5573133     0.6309233     0.6950076     0.7464855     0.7963178     0.8413766     0.8768755     0.8965534     0.8951216
     0.8734282     0.8218287     0.7571665     0.6978429      0.646661     0.6034841     0.5673253     0.5068585     0.4244373     0.3623677             0
             0    -0.5927672    -0.6277887    -0.6539865    -0.6743216     -0.697346    -0.7220312    -0.7415322    -0.7484624    -0.7451925    -0.7289496    -0.6975833    -0.6436673    -0.5791678    -0.5157665      -0.45446    -0.3953942    -0.3382981    -0.2827871     -0.228477
    -0.1749567    -0.1213012 -5.989413E-02  1.923221E-03  6.487909E-02     0.1298557     0.1978678     0.2701383     0.3482018     0.4340541     0.5183212     0.5981839     0.6874636     0.7712114     0.8434417      0.920202     0.9986061      1.070639      1.116459      1.089159
       1.02147     0.9177414     0.8174739     0.7374805     0.6739908     0.6232033     0.5821853     0.5154425     0.4279093     0.3636767             0
             0    -0.5964165    -0.6335814    -0.6622799    -0.6853457    -0.7131015    -0.7466905    -0.7816369    -0.8050929    -0.8119884    -0.7854857    -0.7374737    -0.6679376     -0.594319    -0.5259538    -0.4616578    -0.4006222    -0.3421274    -0.2855583    -0.2303994
    -0.1761566    -0.1218392 -5.969379E-02  2.884543E-03  6.668494E-02      0.132667     0.2019562     0.2759494     0.3564811      0.446107     0.5358189     0.6229969     0.7244705     0.8264762     0.9217859      1.036365      1.179346      1.366353      1.625255      1.387672
      1.181406     0.9949507     0.8578892     0.7613871     0.6895006     0.6339996     0.5901516     0.5199203     0.4296826     0.3643379             0
