 51            10 
             0    -0.1334205    -0.1386716    -0.1367905    -0.1344921    -0.1313476    -0.1274875     -0.123561    -0.1204878    -0.1178939    -0.1151704    -0.1116101    -0.1063141 -9.981709E-02 -9.290916E-02 -8.562286E-02 -7.798965E-02     -0.070039 -6.179696E-02 -5.328311E-02
 -4.450483E-02 -3.544907E-02 -2.608312E-02 -1.653899E-02 -6.914884E-03  2.713014E-03  1.228311E-02  2.174372E-02  3.105012E-02  4.016288E-02  4.793637E-02  5.445527E-02  6.081803E-02  6.598114E-02  7.003381E-02  7.400599E-02  7.789527E-02  8.169946E-02  8.541661E-02  8.904497E-02
  9.346756E-02  9.941787E-02     0.1058435     0.1118894      0.117553      0.122834     0.1277339     0.1367761     0.1520693     0.1597637             0
             0    -0.1357616    -0.1411584    -0.1392761    -0.1369587     -0.133779    -0.1298677    -0.1258817    -0.1227579    -0.1201191    -0.1173461    -0.1137182    -0.1083156    -0.1016793 -9.461579E-02 -8.715953E-02 -7.934336E-02 -7.119756E-02 -6.274917E-02    -0.0540196
 -4.501906E-02 -3.573782E-02 -2.614524E-02 -1.637338E-02  -6.52283E-03  3.327905E-03  1.311501E-02  2.278461E-02  3.228982E-02      0.041589  4.951287E-02  5.615145E-02  6.262387E-02  6.786945E-02  7.198311E-02     0.0760112  7.995118E-02  8.380083E-02  8.755817E-02  9.122151E-02
  9.568136E-02     0.1016706     0.1081216     0.1141748     0.1198291     0.1250859     0.1299484     0.1388936     0.1538735     0.1610276             0
             0    -0.1724066    -0.1802944    -0.1784784    -0.1758935    -0.1721594    -0.1674139    -0.1624524    -0.1584991    -0.1551255    -0.1515466    -0.1468229    -0.1397024    -0.1308312     -0.121277    -0.1110943    -0.1003392 -8.906549E-02 -7.732338E-02 -6.515468E-02
 -5.258469E-02    -0.0396097 -2.619653E-02 -1.254826E-02  1.176246E-03  1.484839E-02  2.835863E-02     0.0416093  5.451037E-02     0.0669774  7.743697E-02  8.607773E-02  9.436566E-02     0.1009573     0.1060547     0.1109706     0.1157005     0.1202407     0.1245885     0.1287422
     0.1336911     0.1401095     0.1466798     0.1525117     0.1576417     0.1621135     0.1659744     0.1725712     0.1810686     0.1784782             0
             0    -0.2080749    -0.2201734    -0.2195001    -0.2173682    -0.2137538    -0.2087549    -0.2032083    -0.1986288    -0.1946399    -0.1903298    -0.1845475    -0.1756448    -0.1643021    -0.1518835    -0.1384957    -0.1242483    -0.1092445 -9.357435E-02    -0.0773074
 -6.048128E-02    -0.0430862 -2.506821E-02 -6.703272E-03  1.179565E-02  3.025427E-02     0.0485168  6.643203E-02  8.384431E-02     0.1005891     0.1145049     0.1258723     0.1366058     0.1449647     0.1513172     0.1573193     0.1629583     0.1682245     0.1731119     0.1776184
     0.1827773     0.1890213     0.1947401     0.1991681     0.2024575     0.2047695     0.2062608     0.2078894     0.2057685     0.1919476             0
             0    -0.2365201    -0.2541595    -0.2558307    -0.2550384    -0.2524439    -0.2480258    -0.2424994    -0.2376353    -0.2332509    -0.2283746    -0.2216718    -0.2110495    -0.1971521    -0.1817008    -0.1649224    -0.1470358    -0.1282284    -0.1086451 -8.837894E-02
 -6.746106E-02    -0.0458451 -2.341761E-02 -4.832359E-04     0.0227407  4.608403E-02  6.938918E-02  9.248363E-02     0.1151574     0.1371456     0.1554966     0.1704611     0.1844802     0.1952204     0.2032444     0.2106524     0.2174039     0.2234679     0.2288254     0.2334704
     0.2383959     0.2435104     0.2469052     0.2482614     0.2480215     0.2466001     0.2443502      0.238752     0.2243308     0.2007702             0
             0    -0.2577705    -0.2816358    -0.2866737    -0.2880729    -0.2874486     -0.284545    -0.2797119    -0.2749116    -0.2703269    -0.2649921    -0.2573993    -0.2449143    -0.2281352    -0.2093072    -0.1888897    -0.1672751    -0.1447576    -0.1215282 -9.767841E-02
 -7.319804E-02 -4.796582E-02    -0.0217674  5.122668E-03  3.254704E-02  6.041131E-02  8.863573E-02     0.1171114      0.145655     0.1739589       0.19809     0.2180158     0.2368075     0.2511529     0.2617502     0.2713284     0.2797595     0.2869397     0.2928015     0.2973234
     0.3013359     0.3037512     0.3024946     0.2983844     0.2924819     0.2856233      0.278401     0.2639886     0.2375342     0.2064128             0
             0    -0.2699634    -0.2987872    -0.3071224    -0.3109253    -0.3127588     -0.312071    -0.3085707    -0.3041908    -0.2996047    -0.2939141    -0.2854526    -0.2709984    -0.2512544     -0.229192    -0.2055652    -0.1809197    -0.1556014    -0.1297912    -0.1035333
 -7.674839E-02 -4.922819E-02 -2.065657E-02  8.751172E-03  3.892427E-02  6.987883E-02      0.101668     0.1343352     0.1678573     0.2020665     0.2322247     0.2577964     0.2825339      0.301791     0.3160863     0.3289255     0.3399504     0.3488326      0.355332     0.3593613
     0.3614365     0.3589577      0.350455     0.3389283     0.3262664     0.3136376     0.3016784     0.2796708      0.244816     0.2092923             0
             0    -0.2755109    -0.3069557    -0.3172562    -0.3226183    -0.3262231    -0.3273606    -0.3251725    -0.3213109    -0.3168211    -0.3108751    -0.3016953    -0.2856445    -0.2637391     -0.239555    -0.2140022    -0.1876626     -0.160864    -0.1337466    -0.1063075
    -0.0784169     -0.049813 -2.012133E-02  1.048086E-02  4.197619E-02  7.445094E-02     0.1080492      0.142932     0.1792271     0.2169534     0.2510231     0.2805687     0.3099135     0.3334288     0.3511995     0.3673728     0.3812772     0.3921805     0.3994323     0.4027239
     0.4022915     0.3943474     0.3791395      0.361726     0.3443186     0.3280142     0.3132651     0.2870774      0.248069     0.2105357             0
             0    -0.2785965     -0.311611    -0.3231694    -0.3295861    -0.3344818    -0.3370996     -0.336158    -0.3328802    -0.3285412    -0.3223566    -0.3124828    -0.2950285    -0.2714567    -0.2457869    -0.2189741    -0.1915784    -0.1638877     -0.136002    -0.1078808
 -7.935925E-02 -5.014119E-02 -1.981605E-02  1.146341E-02  4.371374E-02     0.0770665     0.1117266     0.1479382      0.185945     0.2259277     0.2626451     0.2950369      0.327935      0.355074     0.3760619      0.395649     0.4128755     0.4264575     0.4348851     0.4369906
     0.4331677     0.4192608     0.3980745     0.3760728     0.3552922     0.3365384     0.3200163     0.2912737     0.2498621     0.2112099             0
             0    -0.2801798    -0.3140396    -0.3263098    -0.3333522    -0.3390702    -0.3427443    -0.3428769    -0.3402314     -0.336106     -0.329663    -0.3191006    -0.3004918    -0.2757684    -0.2491761    -0.2216313    -0.1936471    -0.1654728     -0.137178     -0.108698
 -7.984743E-02 -5.031056E-02 -1.965705E-02  1.197407E-02     0.0446182     0.0784324     0.1136566     0.1505848     0.1895338     0.2307959     0.2690821     0.3032494     0.3385327     0.3683814      0.392042     0.4148853     0.4359244     0.4534944     0.4646715     0.4640575
     0.4552216     0.4351873     0.4092774     0.3841625     0.3612941      0.341109     0.3235899     0.2934527     0.2507769     0.2115504             0
