  9.992006E-04  9.992006E-04  9.992006E-04  9.992006E-04  6.663335E-04  6.663335E-04  6.663335E-04  6.663335E-04  6.663335E-04  6.663335E-04  6.663335E-04  6.663335E-04  6.663335E-04   5.71192E-04  5.712082E-04   3.99904E-04   3.99904E-04   3.99904E-04   3.99912E-04   3.99912E-04
   3.99912E-04   3.99912E-04  3.332778E-04  3.332778E-04  3.332778E-04  2.856776E-04  2.856776E-04  2.856776E-04  2.856816E-04  2.856816E-04  2.856816E-04  2.856816E-04  2.856816E-04  2.856816E-04  2.856816E-04  2.499781E-04  2.499781E-04  2.499781E-04  2.499781E-04  2.499813E-04
  2.499813E-04  2.499813E-04  2.499844E-04  2.499844E-04  2.499844E-04  2.222148E-04  2.222148E-04  2.222148E-04  2.222148E-04  2.222148E-04  2.222148E-04
             1             1             1             1       .952381       .952381       .952381       .952381       .952381       .952381       .952381       .952381       .952381      .9302326      .9756098      .9090909      .9090909      .9090909       .952381       .952381
       .952381       .952381      .9090909      .9090909      .9090909      .8695652      .8695652      .8695652      .9090909      .9090909      .9090909      .9090909      .9090909      .9090909      .9090909      .8695652      .8695652      .8695652      .8695652      .9090909
      .9090909      .9090909       .952381       .952381       .952381       .952381       .952381       .952381       .952381       .952381       .952381
             1             1             1             1       .952381       .952381       .952381       .952381       .952381       .952381       .952381       .952381       .952381      .9302326      .9756098      .9090909      .9090909      .9090909       .952381       .952381
       .952381       .952381      .9090909      .9090909      .9090909      .8695652      .8695652      .8695652      .9090909      .9090909      .9090909      .9090909      .9090909      .9090909      .9090909      .8695652      .8695652      .8695652      .8695652      .9090909
      .9090909      .9090909       .952381       .952381       .952381       .952381       .952381       .952381       .952381       .952381       .952381
             1             1             1             1       .952381       .952381       .952381       .952381       .952381       .952381       .952381       .952381       .952381      .9302326      .9756098      .9090909      .9090909      .9090909       .952381       .952381
       .952381       .952381      .9090909      .9090909      .9090909      .8695652      .8695652      .8695652      .9090909      .9090909      .9090909      .9090909      .9090909      .9090909      .9090909      .8695652      .8695652      .8695652      .8695652      .9090909
      .9090909      .9090909       .952381       .952381       .952381       .952381       .952381       .952381       .952381       .952381       .952381
             1             1             1             1       .952381       .952381       .952381       .952381       .952381       .952381       .952381       .952381       .952381      .9302326      .9756098      .9090909      .9090909      .9090909       .952381       .952381
       .952381       .952381      .9090909      .9090909      .9090909      .8695652      .8695652      .8695652      .9090909      .9090909      .9090909      .9090909      .9090909      .9090909      .9090909      .8695652      .8695652      .8695652      .8695652      .9090909
      .9090909      .9090909       .952381       .952381       .952381       .952381       .952381       .952381       .952381       .952381       .952381
             1             1             1             1       .952381       .952381       .952381       .952381       .952381       .952381       .952381       .952381       .952381      .9302326      .9756098      .9090909      .9090909      .9090909       .952381       .952381
       .952381       .952381      .9090909      .9090909      .9090909      .8695652      .8695652      .8695652      .9090909      .9090909      .9090909      .9090909      .9090909      .9090909      .9090909      .8695652      .8695652      .8695652      .8695652      .9090909
      .9090909      .9090909       .952381       .952381       .952381       .952381       .952381       .952381       .952381       .952381       .952381
             1             1             1             1       .952381       .952381       .952381       .952381       .952381       .952381       .952381       .952381       .952381      .9302326      .9756098      .9090909      .9090909      .9090909       .952381       .952381
       .952381       .952381      .9090909      .9090909      .9090909      .8695652      .8695652      .8695652      .9090909      .9090909      .9090909      .9090909      .9090909      .9090909      .9090909      .8695652      .8695652      .8695652      .8695652      .9090909
      .9090909      .9090909       .952381       .952381       .952381       .952381       .952381       .952381       .952381       .952381       .952381
             1             1             1             1       .952381       .952381       .952381       .952381       .952381       .952381       .952381       .952381       .952381      .9302326      .9756098      .9090909      .9090909      .9090909       .952381       .952381
       .952381       .952381      .9090909      .9090909      .9090909      .8695652      .8695652      .8695652      .9090909      .9090909      .9090909      .9090909      .9090909      .9090909      .9090909      .8695652      .8695652      .8695652      .8695652      .9090909
      .9090909      .9090909       .952381       .952381       .952381       .952381       .952381       .952381       .952381       .952381       .952381
             1             1             1             1       .952381       .952381       .952381       .952381       .952381       .952381       .952381       .952381       .952381      .9302326      .9756098      .9090909      .9090909      .9090909       .952381       .952381
       .952381       .952381      .9090909      .9090909      .9090909      .8695652      .8695652      .8695652      .9090909      .9090909      .9090909      .9090909      .9090909      .9090909      .9090909      .8695652      .8695652      .8695652      .8695652      .9090909
      .9090909      .9090909       .952381       .952381       .952381       .952381       .952381       .952381       .952381       .952381       .952381
             1             1             1             1       .952381       .952381       .952381       .952381       .952381      1.282051       .952381       .952381       .952381      .9302326      .9756098      .9090909      .9090909      .9090909       .952381       .952381
       .952381       .952381      .9090909      .9090909      .9090909      .8695652      .8695652      .8695652      .9090909      .9090909      .9090909      .9090909      .9090909      .9090909      .9090909      .8695652      .8695652      .8695652      2.325581      .9090909
      .9090909      .9090909       .952381       .952381       .952381       .952381       .952381       .952381       .952381       .952381       .952381