 51            10 
             0    -0.2823435    -0.2727724    -0.2645736    -0.2589398    -0.2531507    -0.2461617    -0.2390433    -0.2334242    -0.2286386     -0.223555    -0.2168133     -0.206511     -0.194222    -0.1812927    -0.1689095    -0.1572224    -0.1442787     -0.130263    -0.1152928
 -9.942111E-02    -0.0826319 -6.635938E-02 -5.066929E-02 -3.420772E-02 -1.831782E-02 -3.170939E-03     0.0122607  2.780925E-02  4.333453E-02     0.0567997  6.823038E-02  7.953497E-02  8.884766E-02  9.624125E-02     0.1031193     0.1094768     0.1157645     0.1219734     0.1280946
      0.135626       0.14589     0.1571579     0.1679504      0.178277     0.1876164     0.1959504     0.2116014     0.2388516     0.2621631             0
             0    -0.2879373    -0.2789923     -0.271639    -0.2659574    -0.2597211    -0.2524381     -0.245287    -0.2397806    -0.2351642    -0.2303336    -0.2240146    -0.2144941    -0.2028976    -0.1902569    -0.1770683     -0.164107    -0.1501496    -0.1354884    -0.1202267
     -0.104441 -8.789654E-02 -7.126676E-02 -5.488807E-02 -3.776149E-02    -0.0209324 -4.717301E-03  1.163672E-02  2.795554E-02  4.410313E-02  5.790167E-02  6.948102E-02  8.081832E-02  9.011084E-02  9.751575E-02     0.1045007     0.1110322     0.1175154     0.1239178     0.1302292
     0.1379881     0.1484501     0.1597892     0.1705297     0.1807024     0.1901417     0.1987637     0.2148615     0.2417466     0.2642346             0
             0    -0.3660614     -0.356728    -0.3485031    -0.3419629    -0.3345381     -0.325617     -0.316618    -0.3095559     -0.303564    -0.2972222    -0.2888368     -0.276014    -0.2601326    -0.2425594    -0.2240399    -0.2056636    -0.1857791    -0.1648262    -0.1429756
    -0.1203581 -9.665903E-02 -7.286419E-02 -4.945971E-02 -2.505182E-02 -1.161286E-03  2.173713E-02  4.466608E-02  6.733017E-02  8.948704E-02     0.1081321     0.1235602     0.1384192     0.1503691     0.1597597     0.1684886     0.1765129      0.184336     0.1919152     0.1992363
     0.2080451     0.2195149     0.2313139     0.2418645     0.2512381     0.2593699     0.2662775     0.2782302     0.2934573     0.2981877             0
             0     -0.443616    -0.4381874    -0.4318009     -0.426225    -0.4191951    -0.4100366    -0.4001164      -0.39196    -0.3848453    -0.3771245    -0.3666846    -0.3502572    -0.3293308     -0.305681     -0.280462    -0.2552367    -0.2278981     -0.199106    -0.1691165
    -0.1381264    -0.1057079 -7.319728E-02 -4.121712E-02 -7.844805E-03  2.484806E-02  5.621275E-02  8.762375E-02     0.1186254     0.1488091      0.173997     0.1946262     0.2142051     0.2296398     0.2415699     0.2524503     0.2622169     0.2714856     0.2801954     0.2883242
     0.2977404     0.3092173     0.3198123     0.3281059     0.3343228     0.3386744     0.3414257     0.3444723     0.3405221     0.3245834             0
             0    -0.5070404    -0.5108466    -0.5102991    -0.5086115    -0.5047071    -0.4978775    -0.4888115    -0.4804641    -0.4727296    -0.4639044    -0.4514737    -0.4309914     -0.403943    -0.3727778    -0.3393886    -0.3060574    -0.2702659    -0.2329704    -0.1944898
    -0.1550438    -0.1140188 -7.299969E-02 -3.261984E-02  9.668117E-03  5.134185E-02     0.0916793     0.1324933     0.1732142     0.2132584     0.2469001     0.2744692     0.3004931     0.3207195     0.3361069      0.349838     0.3617844     0.3726787     0.3824127     0.3909445
     0.4001037     0.4097055     0.4161853     0.4189435     0.4186869     0.4162121     0.4122263     0.4020897     0.3758221      0.341914             0
             0    -0.5558323    -0.5735611    -0.5837256     -0.590044    -0.5936697    -0.5937352    -0.5887766    -0.5817183    -0.5739814    -0.5640661    -0.5489463    -0.5222053    -0.4857021    -0.4436088     -0.399179    -0.3557903    -0.3103584    -0.2641057    -0.2172658
    -0.1699397    -0.1211992 -7.269829E-02 -2.492105E-02  2.538031E-02  7.542843E-02     0.1246182     0.1753704     0.2272255     0.2796252      0.324933     0.3628028     0.3990827     0.4273984     0.4487752     0.4674822     0.4831483     0.4965777     0.5074775     0.5157307
     0.5228233     0.5264329     0.5229107     0.5143095     0.5025448      0.489363     0.4759685     0.4492068     0.4008825      0.353009             0
             0    -0.5847189    -0.6161619    -0.6396669    -0.6575183    -0.6741461    -0.6886545    -0.6946076    -0.6921381    -0.6855508    -0.6739675    -0.6535695    -0.6147083    -0.5624248    -0.5050697    -0.4473646    -0.3935486     -0.339288    -0.2856789    -0.2325636
     -0.179727    -0.1258523 -7.249616E-02 -1.991916E-02  3.570345E-02  9.156077E-02     0.1473255     0.2061219     0.2679848     0.3329493     0.3919546      0.443469     0.4952032     0.5374358     0.5700026     0.5986977     0.6222919     0.6411728     0.6540673      0.660372
     0.6606785     0.6487677     0.6248122     0.5972477     0.5694616     0.5435556     0.5204806     0.4786623      0.414692     0.3586738             0
             0    -0.5980875      -0.63759     -0.670462    -0.6976304    -0.7269457    -0.7590441    -0.7826177    -0.7895972    -0.7859979    -0.7712116    -0.7410592    -0.6839192    -0.6134577    -0.5422647    -0.4744077     -0.413681    -0.3541321    -0.2964468     -0.240052
     -0.184457    -0.1280856 -7.240207E-02 -1.752573E-02  4.067771E-02     0.0994214      0.158584     0.2217621     0.2894739     0.3624985     0.4314502     0.4941559     0.5605637     0.6185219     0.6655026      0.708998     0.7464527     0.7765879     0.7942755     0.7953522
     0.7808006      0.742951     0.6938218     0.6477858     0.6070328     0.5721914     0.5430505     0.4926475     0.4208606     0.3611202             0
             0    -0.6055912    -0.6501948    -0.6896756    -0.7241123    -0.7648927    -0.8163489    -0.8658411    -0.8920751    -0.8967339    -0.8735718     -0.823984    -0.7404501    -0.6502962    -0.5669981    -0.4913899    -0.4258949    -0.3629263    -0.3027239    -0.2443701
    -0.1871657    -0.1293599 -7.234962E-02 -1.616306E-02  4.352044E-02     0.1039406     0.1651184     0.2309711     0.3023989     0.3808396     0.4570358     0.5286512     0.6081937     0.6826286     0.7470096     0.8117131     0.8742505     0.9318256     0.9687767     0.9504498
     0.9006162     0.8219532     0.7444279     0.6816089     0.6306853     0.5895013     0.5563547     0.5005969     0.4242607     0.3624469             0
             0    -0.6094655    -0.6569266    -0.7004538    -0.7397853    -0.7895328    -0.8598245    -0.9449229     -1.013447     -1.052657    -0.9948812    -0.9028974    -0.7834177    -0.6742396    -0.5816936    -0.5009376    -0.4325613    -0.3676371    -0.3060464     -0.246638
    -0.1885815    -0.1300243 -7.232276E-02 -1.545372E-02  4.500404E-02     0.1063087     0.1685652     0.2358793     0.3093988     0.3910276      0.471795     0.5495284     0.6392344     0.7288229     0.8122733      0.906101      1.016493      1.158635      1.349154      1.179163
      1.026431     0.8844229     0.7779683     0.7018542     0.6440294     0.5989313     0.5634609     0.5047348     0.4259956      0.363117             0
