 51            10 
             0    -0.2823184    -0.2733788    -0.2662627    -0.2606505    -0.2541786    -0.2468528    -0.2397041    -0.2342085    -0.2296076    -0.2248052    -0.2185548    -0.2092985    -0.1979856    -0.1859898    -0.1733713    -0.1601923    -0.1465096    -0.1323883    -0.1179097
    -0.1032064 -8.871453E-02 -7.416297E-02 -5.648935E-02 -3.910099E-02    -0.0219976 -5.185422E-03  1.131598E-02  2.747105E-02  4.322882E-02  5.661241E-02     0.0677856  7.862265E-02  8.733722E-02  9.412134E-02     0.1007011     0.1070575      0.113169     0.1190108     0.1245545
     0.1310721     0.1407785     0.1515411     0.1628152     0.1746539     0.1851329     0.1944918     0.2112901     0.2389709     0.2620993             0
             0    -0.2874911    -0.2785023    -0.2713014    -0.2656356    -0.2591216    -0.2517325    -0.2445013    -0.2389296    -0.2342572    -0.2293714    -0.2229999    -0.2135351    -0.2019305    -0.1895961     -0.176627    -0.1631151    -0.1490633    -0.1345211    -0.1195725
    -0.1043552 -8.923996E-02 -7.288864E-02    -0.0549313 -3.753582E-02 -2.039247E-02 -3.469181E-03     0.0132296  2.966574E-02  4.578009E-02  5.953793E-02  7.107713E-02  8.233553E-02  9.146003E-02     0.0986107     0.1056027     0.1124274     0.1190763      0.125532     0.1317569
     0.1391455      0.149768     0.1609697     0.1717814     0.1819227      0.191161     0.1996871     0.2153874     0.2419678     0.2641491             0
             0     -0.365433    -0.3559934    -0.3478981    -0.3413282    -0.3335481    -0.3244699    -0.3153466    -0.3081857    -0.3021105    -0.2956878    -0.2872254    -0.2744752    -0.2585836    -0.2414638    -0.2232706    -0.2041622    -0.1841723    -0.1633999    -0.1419922
    -0.1201715 -9.849413E-02 -7.506475E-02 -4.938733E-02 -2.458823E-02 -2.488817E-04  2.364472E-02  4.704849E-02  6.986474E-02  9.196144E-02     0.1105361      0.125897     0.1406389     0.1523609     0.1614172     0.1701359     0.1785036     0.1865084     0.1941306     0.2013289
     0.2096848     0.2212397     0.2328226      0.243326     0.2525864      0.260455     0.2671977     0.2786637     0.2933553     0.2979924             0
             0    -0.4424963    -0.4366746    -0.4301596    -0.4243162    -0.4167808    -0.4073019    -0.3971317    -0.3888026    -0.3815564    -0.3737198    -0.3631833    -0.3468891    -0.3260239    -0.3031205    -0.2784795    -0.2524247     -0.225079    -0.1966328      -0.16732
    -0.1374594    -0.1078154 -7.580923E-02 -4.070865E-02 -6.765571E-03  2.660186E-02  5.940641E-02  9.156119E-02     0.1228781     0.1530896     0.1782736     0.1988842     0.2183702      0.233549     0.2450747      0.255944     0.2661249     0.2755931     0.2843221       0.29227
     0.3011239     0.3124636     0.3226312     0.3305515     0.3364013     0.3403174     0.3427194     0.3450638     0.3401823     0.3242981             0
             0     -0.505088    -0.5076835    -0.5061694    -0.5034735     -0.498593     -0.490906    -0.4812092    -0.4725036    -0.4645444    -0.4555708    -0.4430838    -0.4229924    -0.3963733    -0.3666591    -0.3345063    -0.3005955    -0.2652228    -0.2286978    -0.1913245
    -0.1534694    -0.1160316 -7.569193E-02 -3.137096E-02  1.169788E-02  5.436398E-02  9.673957E-02     0.1387794     0.1802537     0.2207467     0.2547916     0.2827004     0.3089617     0.3291304     0.3441929     0.3580617      0.370631     0.3818211     0.3915732     0.3998432
     0.4082664     0.4171186     0.4225445     0.4240483     0.4227129     0.4193237     0.4145362      0.403161       0.37537     0.3415662             0
             0    -0.5528001    -0.5676919    -0.5749361     -0.578422    -0.5796074    -0.5771101    -0.5702893    -0.5623248    -0.5541512      -0.54412    -0.5292853    -0.5039932    -0.4693459    -0.4305444    -0.3890042    -0.3459944    -0.3019882    -0.2573379    -0.2123054
    -0.1671793    -0.1228524 -7.523607E-02 -2.280577E-02  2.850589E-02     0.0799572     0.1319508      0.184713     0.2382278     0.2921739     0.3391063     0.3785133     0.4163077     0.4455718     0.4673017     0.4869262     0.5040258     0.5182424      0.529326     0.5371863
     0.5430982     0.5440763     0.5374742     0.5252484     0.5105618     0.4952904     0.4801375      0.451052     0.4004112     0.3526205             0
             0    -0.5807533    -0.6073145    -0.6248139    -0.6366053     -0.647386    -0.6548747     -0.655277    -0.6502312    -0.6426701    -0.6313241    -0.6126778    -0.5788436     -0.532548    -0.4823699    -0.4306162    -0.3789071    -0.3275282    -0.2765685    -0.2260271
    -0.1759632    -0.1271286 -7.482808E-02 -1.714212E-02  3.967593E-02  9.731389E-02     0.1566014     0.2182983      0.283056     0.3513588     0.4143271     0.4700019     0.5265206     0.5728314     0.6082711     0.6408116     0.6688436     0.6906118     0.7045794     0.7100857
     0.7075169     0.6870202     0.6540254     0.6175227     0.5831541     0.5530995     0.5268524     0.4812751     0.4142455     0.3582646             0
             0    -0.5936143    -0.6268754    -0.6512578    -0.6694206     -0.688947     -0.707877    -0.7196261    -0.7209232    -0.7154438    -0.7016941    -0.6762928    -0.6304924     -0.571961    -0.5121953    -0.4531511    -0.3959597    -0.3403472     -0.286005     -0.232654
    -0.1801583    -0.1291513 -7.461499E-02 -1.441246E-02      0.045085     0.1058219     0.1689214     0.2355655     0.3070432     0.3848353     0.4598974     0.5295268      0.604776     0.6715572     0.7259123     0.7791927     0.8278742     0.8664961     0.8879431     0.8864948
     0.8638367     0.8054382     0.7375187     0.6761307     0.6250474     0.5842431     0.5508487     0.4957027     0.4204334     0.3607022             0
             0    -0.6008101    -0.6382573    -0.6673704    -0.6903685    -0.7175472    -0.7489643    -0.7784008    -0.7951056    -0.7975737    -0.7756945    -0.7346514    -0.6708069    -0.5993284    -0.5314319    -0.4670185    -0.4061417    -0.3478516    -0.2914569    -0.2364491
    -0.1825465    -0.1302975 -7.448937E-02 -1.285314E-02  4.818356E-02     0.1107279     0.1761015     0.2457913     0.3215894     0.4058616     0.4899175     0.5709406     0.6634628      0.752443     0.8305208     0.9148155      1.001914      1.082209      1.132717      1.103507
      1.030455     0.9106641     0.8013082     0.7165111     0.6518917     0.6032912     0.5651003     0.5039276     0.4238466     0.3620242             0
             0    -0.6045175    -0.6442869    -0.6762378    -0.7024332    -0.7355211    -0.7795199    -0.8367348    -0.8968492    -0.9432758     -0.877343    -0.7927672    -0.7009543     -0.616649    -0.5425949    -0.4746997    -0.4116356    -0.3518381    -0.2943251    -0.2384332
      -0.18379    -0.1308925 -7.442267E-02 -1.203974E-02     0.0498031     0.1133037     0.1798996     0.2512633     0.3295141     0.4176467     0.5074691      0.596473     0.7026747     0.8125917     0.9173337      1.045231      1.205631       1.41205      1.682607      1.437564
      1.214813     0.9987042     0.8452755     0.7413418     0.6672647     0.6137641     0.5727548     0.5082176      0.425589     0.3626918             0
