 51            10 
             0    -0.2841097    -0.2753839    -0.2686161    -0.2631491     -0.256745    -0.2495998    -0.2427221    -0.2374886     -0.233137    -0.2286266    -0.2227979    -0.2142604    -0.2038052    -0.1923084    -0.1792451    -0.1650845    -0.1510538     -0.136442    -0.1212459
    -0.1060611    -0.0909293 -7.519816E-02 -5.896524E-02 -4.304942E-02 -2.670599E-02 -1.004331E-02  6.000567E-03  2.220813E-02  3.849562E-02  5.203861E-02  6.318421E-02  7.384371E-02  8.228939E-02  8.879227E-02  9.546594E-02     0.1022883     0.1088075     0.1150081     0.1213528
     0.1294469     0.1397974     0.1511337      0.161902     0.1711612     0.1811519     0.1915383     0.2094744     0.2374543     0.2615386             0
             0    -0.2886987     -0.279858    -0.2729621     -0.267397    -0.2608821      -0.25359    -0.2465433    -0.2411651    -0.2366848    -0.2320324    -0.2260104    -0.2171726    -0.2063474     -0.194471    -0.1810765    -0.1666481    -0.1523222    -0.1373632    -0.1217749
    -0.1061417 -9.051158E-02 -7.427374E-02 -5.755568E-02    -0.0411586 -2.437415E-02 -7.330775E-03  9.080376E-03      0.025657  4.229603E-02  5.615894E-02  6.759351E-02  7.855416E-02  8.724988E-02  9.394009E-02     0.1007825     0.1077465     0.1143855     0.1206909     0.1271304
     0.1353115     0.1457688     0.1572199     0.1680559      0.177372      0.187253     0.1972079     0.2142805     0.2412681     0.2641077             0
             0    -0.3671131    -0.3579761    -0.3503369    -0.3439664    -0.3362764    -0.3274043    -0.3185782     -0.311703    -0.3059015    -0.2998033    -0.2918187    -0.2799127    -0.2650544    -0.2485033    -0.2296166    -0.2090987    -0.1887006    -0.1673419    -0.1450351
    -0.1226345    -0.1002317 -7.697567E-02 -5.307215E-02 -2.969345E-02 -5.861689E-03  1.821143E-02  4.122811E-02  6.425871E-02  8.711971E-02     0.1058942     0.1211774     0.1356022     0.1468408     0.1553693     0.1639586     0.1725697     0.1806425     0.1881686     0.1956976
     0.2050757     0.2166706       0.22872     0.2395332     0.2482731      0.256853     0.2649491     0.2777939     0.2933621     0.2981408             0
             0    -0.4455112    -0.4407459    -0.4352464    -0.4300574    -0.4231059    -0.4142917    -0.4047638    -0.3969304    -0.3901062    -0.3827242    -0.3728084    -0.3575307    -0.3378068    -0.3153181    -0.2892941    -0.2608175     -0.232613    -0.2031457    -0.1724398
    -0.1416759    -0.1109725 -7.914861E-02 -4.646391E-02 -1.450049E-02  1.809356E-02     0.0510291     0.0825139     0.1139693     0.1450683     0.1704068     0.1908379     0.2098632     0.2244157     0.2352881     0.2460329     0.2565914     0.2662574     0.2750202     0.2835018
     0.2937144     0.3056077     0.3167622     0.3256687     0.3318518     0.3366928     0.3402603     0.3440373     0.3407707     0.3246076             0
             0    -0.5103782    -0.5162039    -0.5174525    -0.5169011    -0.5142731    -0.5087748    -0.5007564    -0.4930587    -0.4857957    -0.4774129    -0.4655542    -0.4462007    -0.4200257    -0.3895512    -0.3541451    -0.3155899    -0.2780703    -0.2394605    -0.1997289
      -0.16033    -0.1213042 -8.103736E-02 -3.973082E-02  7.411671E-04  4.221358E-02  8.441222E-02     0.1251178     0.1662049      0.207182     0.2407735     0.2678792     0.2930068     0.3119941     0.3259828     0.3395309     0.3525184     0.3640198     0.3740039     0.3831386
     0.3934579     0.4040754      0.411765     0.4158125     0.4166819     0.4148693     0.4111092     0.4015083      0.376319     0.3419954             0
             0    -0.5610472    -0.5835164    -0.5977644    -0.6073136    -0.6154957     -0.619904    -0.6180841    -0.6126237    -0.6057556    -0.5963037     -0.581362    -0.5546118     -0.516925     -0.473311    -0.4239128    -0.3716688    -0.3227117    -0.2739141    -0.2249044
    -0.1771974    -0.1305455    -0.0827677 -3.385225E-02  1.422118E-02  6.388292E-02     0.1150348     0.1652376     0.2170559     0.2699889     0.3145345     0.3511455     0.3855748      0.411735     0.4309085     0.4491811     0.4662075     0.4805608     0.4920756     0.5013899
     0.5102933     0.5162089     0.5152967     0.5092762     0.5006717     0.4886301     0.4746973     0.4483359     0.4015344     0.3531326             0
             0    -0.5915582    -0.6311679    -0.6625749    -0.6877834    -0.7158875    -0.7425626    -0.7582542    -0.7605744    -0.7559602    -0.7442253    -0.7214802    -0.6772494     -0.617116     -0.552516    -0.4845194    -0.4166554    -0.3563147    -0.2985978    -0.2422691
    -0.1885367    -0.1366836 -8.397219E-02 -3.011264E-02  2.297001E-02  7.823997E-02     0.1358881     0.1935628     0.2547456     0.3194084     0.3763404     0.4250806     0.4730401     0.5111749      0.539811     0.5674603     0.5929864     0.6133825     0.6275699     0.6356239
     0.6386093     0.6312813     0.6123418     0.5892223     0.5672734     0.5432923     0.5189386     0.4774921     0.4154142     0.3588209             0
             0    -0.6058102    -0.6557533    -0.6996672    -0.7382568    -0.7868791    -0.8427528    -0.8898042    -0.9105737    -0.9124955    -0.8943595    -0.8533573    -0.7781507    -0.6891038    -0.6035483    -0.5203719    -0.4415095    -0.3739918    -0.3111449    -0.2508836
     -0.194075    -0.1396593 -8.456849E-02 -2.833916E-02  2.716289E-02  8.520046E-02     0.1461644     0.2078495     0.2744241     0.3464773     0.4122576     0.4708209     0.5315509     0.5832949     0.6243496     0.6664466     0.7072756     0.7403868     0.7606978     0.7637981
     0.7515952     0.7199419      0.677826     0.6375426     0.6045493     0.5722291     0.5413383     0.4913066     0.4216106      0.361278             0
             0    -0.6138493    -0.6704221    -0.7233416    -0.7727478    -0.8406521    -0.9308736     -1.029914     -1.097774     -1.126756     -1.081698    -0.9938027    -0.8670175    -0.7439572    -0.6388544    -0.5436202     -0.456901    -0.3846087    -0.3185301     -0.255885
    -0.1972629    -0.1413652    -0.0849137    -0.0273337  2.955284E-02     0.0891923     0.1521106     0.2162259     0.2862019     0.3631818     0.4353719     0.5017471     0.5739799     0.6402435     0.6967624     0.7606181     0.8301383     0.8953426     0.9400403     0.9212714
     0.8688517     0.7956136      0.726184     0.6698338     0.6279959     0.5897542     0.5545361     0.4991509      0.425025     0.3626106             0
             0    -0.6180141    -0.6783369    -0.7368592    -0.7937915    -0.8774334     -1.004021      -1.18757     -1.400449     -1.653088     -1.384473     -1.151709    -0.9407488     -0.781589    -0.6605704    -0.5570374    -0.4654342     -0.390352    -0.3224651    -0.2585237
    -0.1989348    -0.1422573 -8.509533E-02 -2.681167E-02  3.079808E-02     0.0912808     0.1552409     0.2206775     0.2925596     0.3724257     0.4486526     0.5204082     0.6016399      0.681567     0.7556434     0.8509266     0.9769259      1.144419      1.383964      1.179832
      1.000492      0.857404     0.7587261     0.6892057     0.6412278     0.5993209     0.5615849     0.5032312     0.4267669     0.3632836             0
