 51            10 
             0       -0.2824    -0.2734555    -0.2663353    -0.2607224    -0.2542527    -0.2469294    -0.2397824    -0.2342878    -0.2296873    -0.2248849     -0.218634    -0.2093752    -0.1980572    -0.1860547    -0.1734302     -0.160247    -0.1465544    -0.1324076    -0.1178625
    -0.1029507 -8.758426E-02 -7.107925E-02    -0.0544832 -3.786107E-02 -2.128938E-02 -4.835518E-03  1.144812E-02  2.750823E-02  4.328796E-02  5.679946E-02  6.816452E-02  7.929344E-02  8.835665E-02  9.548993E-02     0.1025033     0.1093959     0.1161694     0.1228264     0.1293705
     0.1374145     0.1479187     0.1590944     0.1694537     0.1789568     0.1879358     0.1963518     0.2120154     0.2391391      0.262398             0
             0     -0.287663    -0.2786769    -0.2714476    -0.2657791     -0.259302    -0.2519402    -0.2447292    -0.2391714    -0.2345093    -0.2296319    -0.2232664    -0.2137936    -0.2021673    -0.1897867    -0.1767852    -0.1633091    -0.1492625    -0.1346845    -0.1196413
    -0.1041937 -8.831415E-02 -7.156844E-02 -5.461628E-02    -0.0375743 -2.063217E-02 -3.890152E-03  1.268671E-02  2.905952E-02     0.0451565  5.892324E-02  7.048334E-02  8.177797E-02  9.094773E-02       0.09814     0.1051696     0.1120315      0.118745     0.1253243     0.1317842
      0.139734     0.1502245     0.1614985     0.1720789     0.1818596     0.1910488      0.199579     0.2153346     0.2420089     0.2642927             0
             0    -0.3656746    -0.3562561    -0.3481406    -0.3415741    -0.3338453    -0.3248077    -0.3157158    -0.3085762    -0.3025167    -0.2961066    -0.2876532    -0.2748915    -0.2589654    -0.2417742    -0.2235263    -0.2044604    -0.1844722    -0.1636462     -0.142104
     -0.119959 -9.719916E-02 -7.323456E-02    -0.0490119 -2.472567E-02 -6.769775E-04  2.295615E-02  4.618465E-02  6.890901E-02  9.097863E-02      0.109563     0.1249498     0.1397375     0.1515164     0.1606246     0.1693893     0.1778001     0.1858781      0.193639     0.2010996
     0.2100782     0.2215161     0.2331624     0.2434847     0.2524316     0.2602834     0.2670558     0.2786175     0.2934666     0.2981715             0
             0    -0.4429048    -0.4371966    -0.4307316    -0.4249244    -0.4174798    -0.4080823    -0.3979742    -0.3896833    -0.3824626    -0.3746442    -0.3641165    -0.3477924    -0.3268448    -0.3038037    -0.2790335    -0.2529967     -0.225623    -0.1970825    -0.1675745
     -0.137272    -0.1061679 -7.346871E-02 -4.038515E-02 -7.172903E-03  2.576385E-02  5.816999E-02  9.003527E-02     0.1211708     0.1512864     0.1764324     0.1970365     0.2165471     0.2317771     0.2433563     0.2542769     0.2645057     0.2740571     0.2829429     0.2911793
     0.3006968     0.3120189     0.3222736      0.330191     0.3359165     0.3399115     0.3424087     0.3449405     0.3403344     0.3245074             0
             0    -0.5057707     -0.508745    -0.5075107    -0.5049731    -0.5003178    -0.4928498    -0.4833113    -0.4746888    -0.4667754    -0.4578228    -0.4453252    -0.4251262    -0.3982643    -0.3682275    -0.3357355    -0.3017266    -0.2662246      -0.22951    -0.1918428
    -0.1534088    -0.1141406 -7.297558E-02 -3.123531E-02  1.086292E-02  5.291649E-02  9.468754E-02     0.1362273     0.1773037     0.2174742     0.2512708     0.2789916     0.3051057     0.3252036     0.3402389     0.3540972     0.3666631     0.3779064     0.3878092     0.3963787
     0.4054737     0.4146481     0.4203577     0.4223779     0.4214238     0.4183674      0.413837     0.4028578      0.375527     0.3417948             0
             0    -0.5538343    -0.5696308    -0.5776988    -0.5816894    -0.5835118    -0.5816774    -0.5753323    -0.5675887    -0.5595097    -0.5494815    -0.5345314    -0.5088328    -0.4734445    -0.4338256    -0.3914461     -0.348041    -0.3036782    -0.2586586     -0.213181
    -0.1673172    -0.1208207 -7.227398E-02 -2.292933E-02  2.717143E-02     0.0777907     0.1288938     0.1808058      0.233485     0.2865512     0.3326158     0.3712202     0.4081897     0.4368056     0.4580686     0.4772909     0.4940483     0.5080777     0.5191917     0.5273358
     0.5339404      0.536396     0.5309984     0.5207163     0.5076472     0.4933118     0.4787681     0.4504826     0.4005514     0.3528607             0
             0    -0.5820897    -0.6102141    -0.6294001    -0.6423733    -0.6547279    -0.6640391    -0.6658673     -0.661467    -0.6541315    -0.6426839    -0.6235232    -0.5883321    -0.5400432    -0.4880177    -0.4345631    -0.3819762    -0.3299185    -0.2783673      -0.22722
    -0.1762806    -0.1250425 -7.174655E-02 -1.747841E-02     0.0379505  9.456272E-02     0.1526732     0.2131092     0.2764218     0.3429155     0.4037718     0.4572039     0.5110221     0.5547708     0.5880933     0.6185662     0.6447054     0.6651059     0.6785066     0.6843224
     0.6829075     0.6677661     0.6393456     0.6081058     0.5777962     0.5497652      0.524683     0.4804481     0.4143654     0.3585103             0
             0    -0.5951148     -0.630375    -0.6571339    -0.6771271    -0.6992888    -0.7216209    -0.7363896    -0.7391486    -0.7341787    -0.7200553    -0.6933318    -0.6445629    -0.5823774    -0.5196516    -0.4581376    -0.3996792    -0.3431552    -0.2880751    -0.2340206
    -0.1805733    -0.1270468 -7.148402E-02 -1.485951E-02  4.315739E-02     0.1027605     0.1645124     0.2296283     0.2992185     0.3744343      0.446183      0.511958     0.5820254     0.6431803     0.6923766     0.7400353      0.783058     0.8170902     0.8363236     0.8357903
     0.8164665      0.771269       0.71411     0.6621528     0.6176955      0.579922     0.5481456     0.4947265     0.4205417     0.3609502             0
             0    -0.6024101     -0.642149     -0.674156    -0.6995315     -0.730357     -0.766923    -0.8015332    -0.8213201    -0.8259267    -0.8020501    -0.7580659    -0.6890759    -0.6121306    -0.5402375    -0.4727283    -0.4102907    -0.3509255    -0.2936952    -0.2379213
    -0.1830204    -0.1281844 -7.133228E-02 -1.336567E-02  4.613653E-02     0.1074808     0.1713984     0.2393821     0.3129807     0.3940933     0.4738295     0.5495023     0.6342338     0.7138204     0.7824653     0.8553311     0.9295067     0.9976957      1.041388      1.016185
     0.9531145     0.8595142     0.7695971     0.6986378     0.6429999     0.5982645     0.5620354      0.502858     0.4239478     0.3622734             0
             0    -0.6061714    -0.6484031    -0.6835779    -0.7125375    -0.7500738     -0.800833     -0.866037    -0.9368604     -1.022195    -0.9174968    -0.8223511    -0.7225565    -0.6311273    -0.5522686    -0.4808463     -0.416033    -0.3550612    -0.2966558    -0.2399627
    -0.1842958    -0.1287757 -7.125265E-02 -1.258715E-02  4.769245E-02     0.1099567     0.1750358     0.2445903      0.320453     0.4050515     0.4898517     0.5723583      0.668513      0.765219     0.8554981     0.9638023      1.098548      1.275075      1.521101       1.29572
      1.101213     0.9304645     0.8067751     0.7206269     0.6573561     0.6083027     0.5694771     0.5070961     0.4256862     0.3629417             0
