 51            10 
             0    -0.1387779    -0.1444857    -0.1427123    -0.1404635    -0.1373543      -0.13352    -0.1296107    -0.1265478    -0.1239613    -0.1212444    -0.1176918    -0.1124051    -0.1059174 -9.901771E-02 -9.173881E-02 -8.411231E-02 -7.616776E-02 -6.793129E-02 -5.942247E-02
 -5.064872E-02 -4.159702E-02 -3.223465E-02 -2.269365E-02 -1.307225E-02 -3.446625E-03  6.121638E-03  1.558084E-02  2.488627E-02  3.399852E-02  4.177194E-02  4.829104E-02  5.465426E-02  5.981798E-02  6.387123E-02  6.784413E-02  7.173424E-02  7.553939E-02  7.925761E-02  8.288717E-02
     0.0873114  9.326437E-02  9.969357E-02     0.1057435     0.1114118     0.1166982     0.1216042     0.1306604     0.1460028     0.1539974             0
             0    -0.1411193    -0.1469727     -0.145198    -0.1429302    -0.1397858    -0.1359003    -0.1319315     -0.128818    -0.1261865    -0.1234201    -0.1197999    -0.1144066    -0.1077796    -0.1007243 -9.327547E-02 -8.546601E-02 -7.732632E-02 -6.888349E-02 -6.015897E-02
 -5.116298E-02 -4.188581E-02 -3.229685E-02 -2.252815E-02 -1.268033E-02 -2.831896E-03  6.953349E-03  1.662152E-02  2.612575E-02     0.0354244  4.334818E-02  4.998695E-02  5.645982E-02  6.170599E-02  6.582024E-02  6.984903E-02  7.378984E-02  7.764044E-02  8.139885E-02  8.506338E-02
  8.952487E-02  9.551679E-02     0.1019713     0.1080285     0.1136876     0.1189497     0.1238184     0.1327775     0.1478066      0.155261             0
             0    -0.1777644    -0.1861089    -0.1844003    -0.1818651    -0.1781662    -0.1734465    -0.1685022    -0.1645591    -0.1611929    -0.1576206    -0.1529045    -0.1457934    -0.1369315    -0.1273855    -0.1172102    -0.1064618 -9.519424E-02    -0.0834577 -7.129405E-02
 -5.872862E-02 -4.575772E-02 -3.234817E-02 -1.870308E-02 -4.981319E-03  8.688515E-03  2.219688E-02  3.544611E-02  4.834618E-02  6.081265E-02  7.127214E-02  7.991308E-02  8.820145E-02  9.479367E-02  9.989163E-02     0.1048083      0.109539     0.1140801      0.118429     0.1225839
     0.1275344     0.1339554     0.1405293     0.1463652        0.1515     0.1559771     0.1598441     0.1664548     0.1750014     0.1727113             0
             0    -0.2134327    -0.2259879    -0.2254221    -0.2233398    -0.2197606    -0.2147875    -0.2092581    -0.2046888    -0.2007073    -0.1964039    -0.1906291    -0.1817358    -0.1704023    -0.1579921    -0.1446116    -0.1303709    -0.1153732 -9.970866E-02 -8.344677E-02
 -6.662521E-02 -4.923422E-02 -3.121986E-02 -1.285811E-02  5.638065E-03  2.409437E-02  4.235502E-02     0.0602688  7.768009E-02  9.442431E-02       0.10834     0.1197076     0.1304415     0.1388011     0.1451541     0.1511569     0.1567967     0.1620639     0.1669524       0.17146
     0.1766205     0.1828672     0.1885895     0.1930216     0.1963157      0.198633     0.2001304     0.2017729     0.1997013     0.1861806             0
             0     -0.241878    -0.2599739    -0.2617527      -0.26101    -0.2584506    -0.2540584    -0.2485492    -0.2436953    -0.2393184    -0.2344487    -0.2277535    -0.2171405    -0.2032523    -0.1878093    -0.1710383    -0.1531584    -0.1343572    -0.1147794 -9.451832E-02
     -0.073605 -5.199312E-02 -2.956927E-02 -6.638083E-03     0.0165831  3.992411E-02  6.322738E-02  8.632038E-02     0.1089931     0.1309807     0.1493316     0.1642963     0.1783159     0.1890567     0.1970812     0.2044899     0.2112422     0.2173072     0.2226658      0.227312
     0.2322391     0.2373563     0.2407546     0.2421148     0.2418797     0.2404636     0.2382197     0.2326355     0.2182635     0.1950032             0
             0    -0.2631283    -0.2874503    -0.2925957    -0.2940445    -0.2934554    -0.2905776    -0.2857617    -0.2809716    -0.2763943    -0.2710662    -0.2634809    -0.2510053    -0.2342355    -0.2154157    -0.1950056    -0.1733977    -0.1508863    -0.1276625    -0.1038178
 -7.934199E-02 -5.411385E-02 -2.791906E-02 -1.032187E-03  2.638943E-02  5.425138E-02  8.247391E-02     0.1109481     0.1394907      0.167794     0.1919251      0.211851     0.2306431     0.2449891      0.255587     0.2651659     0.2735978     0.2807789     0.2866418     0.2911649
      0.295179     0.2975969     0.2963439     0.2922378       0.28634     0.2794868     0.2722705      0.257872     0.2314669     0.2006458             0
             0    -0.2753212    -0.3046016    -0.3130444    -0.3168969    -0.3187656    -0.3181036    -0.3146205    -0.3102509    -0.3056721    -0.2999882    -0.2915342    -0.2770894    -0.2573546    -0.2353006    -0.2116812    -0.1870423    -0.1617302    -0.1359255    -0.1096727
 -8.289233E-02 -5.537623E-02 -2.680824E-02  2.596312E-03  3.276665E-02  6.371889E-02  9.550621E-02     0.1281719      0.161693     0.1959016     0.2260597     0.2516316     0.2763694     0.2956272     0.3099231     0.3227629     0.3337887     0.3426718     0.3491722     0.3532026
     0.3552796     0.3528034     0.3443043     0.3327816     0.3201245      0.307501     0.2955479     0.2735543     0.2387487     0.2035253             0
             0    -0.2808688    -0.3127702    -0.3231782    -0.3285899    -0.3322299    -0.3333932    -0.3312223    -0.3273709    -0.3228885    -0.3169491    -0.3077769    -0.2917355    -0.2698394    -0.2456635    -0.2201181    -0.1937853    -0.1669927    -0.1398809    -0.1124469
 -8.456084E-02 -5.596104E-02     -0.026273  4.325992E-03  3.581857E-02  6.829099E-02     0.1018874     0.1367687     0.1730628     0.2107885     0.2448581     0.2744038     0.3037491     0.3272649     0.3450362     0.3612102     0.3751153     0.3860196     0.3932725     0.3965653
     0.3961345     0.3881931     0.3729887     0.3555793     0.3381766     0.3218776     0.3071347     0.2809609     0.2420017     0.2047686             0
             0    -0.2839543    -0.3174254    -0.3290914    -0.3355576    -0.3404886    -0.3431322    -0.3422078    -0.3389403    -0.3346086    -0.3284307    -0.3185644    -0.3011195     -0.277557    -0.2518954      -0.22509     -0.197701    -0.1700165    -0.1421364    -0.1140201
 -8.550319E-02 -5.628922E-02 -2.596772E-02  5.308549E-03  3.755612E-02  7.090655E-02     0.1055648     0.1417749     0.1797806     0.2197628     0.2564801      0.288872     0.3217705     0.3489101     0.3698985     0.3894864     0.4067136     0.4202966     0.4287252     0.4308319
     0.4270107     0.4131064     0.3919237     0.3699261     0.3491502     0.3304017     0.3138858     0.2851571     0.2437947     0.2054429             0
             0    -0.2855377    -0.3198541    -0.3322318    -0.3393237     -0.345077    -0.3487769    -0.3489267    -0.3462915    -0.3421734    -0.3357371    -0.3251822    -0.3065828    -0.2818687    -0.2552847    -0.2277472    -0.1997698    -0.1716015    -0.1433123    -0.1148374
 -8.599138E-02    -0.0564586 -2.580872E-02  5.819203E-03  3.846058E-02  7.227244E-02     0.1074948     0.1444215     0.1833694      0.224631     0.2629171     0.2970845     0.3323682     0.3622174     0.3858787     0.4087226     0.4297625     0.4473334     0.4585116     0.4578988
     0.4490645     0.4290328     0.4031266     0.3780158     0.3551521     0.3349724     0.3174594     0.2873361     0.2447095     0.2057834             0
