 51            10 
             0    -0.2821916    -0.2732614    -0.2661506      -0.26054    -0.2540675    -0.2467405    -0.2395911    -0.2340955    -0.2294948     -0.224693    -0.2184442    -0.2091915     -0.197885    -0.1858971    -0.1732862    -0.1601138    -0.1464427    -0.1323441    -0.1179063
    -0.1032638 -8.907467E-02    -0.0770501 -5.696762E-02 -3.860084E-02 -2.109412E-02 -4.101334E-03  1.249866E-02  2.872794E-02  4.456537E-02  5.804615E-02  6.933675E-02  8.034401E-02  8.926557E-02  9.626276E-02     0.1031155     0.1098198     0.1163723     0.1227702     0.1290117
      0.136616     0.1468444     0.1578896     0.1682834     0.1780183     0.1870879     0.1954955     0.2110064     0.2374654     0.2569209             0
             0    -0.2873041    -0.2783205    -0.2711375    -0.2654723    -0.2589388    -0.2515314    -0.2442864     -0.238706    -0.2340277    -0.2291376     -0.222764    -0.2133057    -0.2017193    -0.1894145    -0.1764655    -0.1629433    -0.1488946    -0.1343822    -0.1194966
    -0.1043855 -8.974992E-02 -7.207583E-02    -0.0542244 -3.676479E-02 -1.946044E-02 -2.365161E-03  1.446768E-02  3.098286E-02  4.712208E-02  6.086263E-02  7.236626E-02  8.357198E-02  9.264281E-02  9.974906E-02      0.106699     0.1134874     0.1201098     0.1265626     0.1328442
     0.1404851     0.1507729     0.1618726     0.1723211     0.1821012     0.1911616     0.1995219     0.2148872     0.2408744     0.2624306             0
             0    -0.3651756    -0.3557282    -0.3476441    -0.3410694    -0.3332601    -0.3241539    -0.3150089    -0.3078343    -0.3017498    -0.2953205    -0.2868548    -0.2741143    -0.2582514    -0.2411786    -0.2230204    -0.2039032    -0.1839221    -0.1631944    -0.1418757
    -0.1202016 -9.919832E-02 -7.383697E-02    -0.0482692 -2.333265E-02  1.282544E-03  2.546552E-02  4.910101E-02  7.206597E-02  9.422856E-02     0.1127994     0.1281231     0.1427986     0.1544465     0.1634381     0.1720916      0.180397      0.188347     0.1959362      0.203163
     0.2117485     0.2228737     0.2342302     0.2442824     0.2530934     0.2606917     0.2671792     0.2781441     0.2919727     0.2960488             0
             0    -0.4420932    -0.4361915    -0.4296359    -0.4237587    -0.4161634    -0.4066258    -0.3964113    -0.3880566    -0.3807946    -0.3729485    -0.3624104    -0.3461413    -0.3253415    -0.3025345    -0.2779799    -0.2519446     -0.224635    -0.1962661    -0.1670816
    -0.1374125    -0.1086522 -7.386425E-02 -3.878307E-02 -4.526675E-03  2.934583E-02  6.267998E-02  9.529079E-02     0.1269521     0.1573909     0.1826802     0.2033246     0.2227906     0.2379126      0.249376     0.2601716     0.2702714     0.2796541     0.2883065     0.2962248
     0.3052149      0.315973     0.3256448     0.3329268       0.33815     0.3415787     0.3435192     0.3449887     0.3386846     0.3221512             0
             0    -0.5044581    -0.5067653    -0.5050399    -0.5022068    -0.4971588    -0.4893075    -0.4794937    -0.4707294    -0.4627403    -0.4537569    -0.4412861    -0.4212828    -0.3948508    -0.3653762    -0.3334593    -0.2996707    -0.2644182    -0.2280453    -0.1908683
    -0.1532627    -0.1169061 -7.289667E-02 -2.844853E-02     0.0151702  5.864682E-02     0.1018915      0.144736     0.1868979      0.227945     0.2623558     0.2904966     0.3169018     0.3371143     0.3521737     0.3660053     0.3785063      0.389596     0.3992227     0.4073696
     0.4157308     0.4238124      0.428279     0.4288538     0.4266153     0.4223652     0.4167698     0.4039173     0.3739324     0.3392973             0
             0     -0.551886    -0.5660772    -0.5727037    -0.5757676    -0.5764581    -0.5734524    -0.5662683     -0.558139    -0.5498996    -0.5398763    -0.5251453    -0.5001801       -0.4661    -0.4279254     -0.386985     -0.344346    -0.3006439    -0.2562869    -0.2115602
    -0.1667636    -0.1237011    -0.0716228 -1.891514E-02  3.318864E-02     0.0857757     0.1390241     0.1930199     0.2476844     0.3026683     0.3503921     0.3903808     0.4286358     0.4581633     0.4800355     0.4997334     0.5168355     0.5309701     0.5418739     0.5494508
     0.5548903     0.5549275     0.5466487     0.5331302     0.5172092     0.5005476     0.4841152      0.452777     0.3991042     0.3502813             0
             0    -0.5795975    -0.6049434    -0.6211799     -0.632001    -0.6415408    -0.6475928    -0.6468324    -0.6412405    -0.6334953    -0.6222622     -0.604089    -0.5713874    -0.5266445    -0.4779089    -0.4273944    -0.3764529    -0.3256365    -0.2751444    -0.2250282
    -0.1753731    -0.1279341 -7.066495E-02 -1.260181E-02  4.517759E-02     0.1041899     0.1650323       0.22832      0.294642     0.3644531     0.4286645     0.4853205     0.5426953      0.589582     0.6253997     0.6582292     0.6864451     0.7082331     0.7219591     0.7268344
     0.7228336     0.7014041     0.6659576     0.6279289     0.5921606     0.5602012     0.5322343     0.4837283     0.4130465     0.3558928             0
             0    -0.5923278    -0.6240335    -0.6466362    -0.6633013    -0.6807098    -0.6968011    -0.7056807    -0.7053214    -0.6992708    -0.6860165    -0.6621968    -0.6192499    -0.5637205    -0.5063158     -0.449096    -0.3929926    -0.3381293    -0.2843693    -0.2315168
    -0.1794757     -0.129931 -7.018616E-02  -9.55894E-03  5.098289E-02      0.113214     0.1780233     0.2464485     0.3197196     0.3992921     0.4758753     0.5467514     0.6231615     0.6908412     0.7459114     0.7999433      0.849426     0.8887431     0.9102576     0.9072248
     0.8808971     0.8213621     0.7506447     0.6877428     0.6353362     0.5923328     0.5569675     0.4985236     0.4192896     0.3583169             0
             0    -0.5994445    -0.6351082    -0.6620526    -0.6830981    -0.7072614    -0.7339888    -0.7572759    -0.7692659    -0.7700553     -0.749778    -0.7133762    -0.6556801    -0.5890908    -0.5244768    -0.4623799     -0.402835    -0.3454261    -0.2896905    -0.2352281
    -0.1818088     -0.131061 -6.990869E-02  -7.82088E-03  5.430796E-02     0.1184163     0.1855912      0.257176     0.3349075      0.421131     0.5068913     0.5893539     0.6833122     0.7736262     0.8530705     0.9393855      1.029702      1.114807       1.17028       1.13379
      1.049964     0.9271388     0.8149183     0.7287214     0.6629537     0.6119755     0.5716576     0.5069629     0.4227351     0.3596317             0
             0    -0.6031091    -0.6409621    -0.6704938    -0.6944017    -0.7236758    -0.7607877    -0.8061839    -0.8549915    -0.9020153    -0.8354086    -0.7620686    -0.6820855    -0.6048902    -0.5349285    -0.4697053    -0.4081321    -0.3492961    -0.2924867    -0.2371667
    -0.1830228    -0.1316472    -0.0697628 -6.914349E-03  5.604566E-02     0.1211472     0.1895929      0.262913     0.3431735     0.4333526     0.5249878     0.6155623     0.7234516     0.8352981     0.9426171      1.075689      1.247803      1.483201      1.841704      1.506025
      1.241682      1.015304     0.8589809     0.7537735     0.6787412     0.6227692     0.5795471     0.5113661     0.4244944     0.3602958             0
