 51            10 
             0 -2.660377E-02 -2.521748E-02 -2.410796E-02 -2.323003E-02 -2.221544E-02 -2.106672E-02 -1.994717E-02 -1.908786E-02 -1.836931E-02 -1.762027E-02 -1.664666E-02 -1.520744E-02 -1.345168E-02 -1.159127E-02 -9.632998E-03 -7.584063E-03 -5.452058E-03 -3.244927E-03 -9.709298E-04
  1.361389E-03   3.74321E-03  6.165434E-03  8.618644E-03  1.109329E-02     0.0135798  1.606872E-02  1.855077E-02  2.101697E-02  2.345863E-02  2.556637E-02  2.735069E-02  2.910955E-02  3.055155E-02  3.169146E-02  3.281688E-02  3.392703E-02  3.502121E-02     0.0360987  3.715885E-02
  3.846159E-02  4.023638E-02  4.218627E-02  4.405407E-02  4.583669E-02  4.753158E-02  4.913671E-02  5.216428E-02  5.771272E-02     0.0630795             0
             0 -2.687168E-02 -2.547741E-02 -2.436044E-02 -2.347629E-02 -2.245415E-02 -2.129653E-02 -2.016797E-02 -1.930157E-02 -1.857699E-02 -1.782157E-02 -1.683955E-02 -1.538767E-02    -0.0136161 -1.173862E-02 -9.762088E-03 -7.693816E-03 -5.541512E-03 -3.313252E-03 -1.017441E-03
  1.337214E-03  3.741723E-03  6.186803E-03  8.662852E-03  1.116012E-02  1.366884E-02  1.617935E-02     0.0186822  2.116818E-02  2.362844E-02  2.575129E-02  2.754772E-02     0.0293178  3.076839E-02  3.191473E-02  3.304615E-02  3.416186E-02  3.526114E-02  3.634328E-02  3.740764E-02
  3.871507E-02  4.049524E-02  4.244953E-02  4.432005E-02  4.610383E-02  4.779843E-02  4.940195E-02      0.052424  5.794876E-02  6.326697E-02             0
             0 -3.104467E-02    -0.0295333 -2.830443E-02    -0.0273259 -2.618855E-02 -2.489406E-02 -2.362629E-02 -2.264991E-02 -2.183174E-02 -2.097711E-02    -0.0198641 -1.821438E-02 -1.619528E-02 -1.404987E-02 -1.178634E-02 -9.413596E-03 -6.941228E-03 -4.379395E-03 -1.738798E-03
  9.693782E-04  3.733483E-03  6.541389E-03  9.380433E-03  1.223767E-02  1.510006E-02  1.795466E-02  2.078872E-02  2.358986E-02  2.634621E-02  2.870897E-02  3.069749E-02  3.264517E-02      0.034231  3.547851E-02  3.670388E-02  3.790623E-02  3.908473E-02  4.023863E-02  4.136725E-02
  4.274569E-02  4.460587E-02  4.662282E-02  4.852862E-02  5.032214E-02  5.200317E-02  5.357229E-02  5.648914E-02  6.160548E-02  6.613453E-02             0
             0 -3.438303E-02 -3.282808E-02 -3.153843E-02 -3.050316E-02 -2.929089E-02 -2.790162E-02 -2.653236E-02 -2.547317E-02 -2.458315E-02 -2.365104E-02 -2.243414E-02 -2.062426E-02 -1.840017E-02 -1.602886E-02 -1.351991E-02 -1.088392E-02 -8.132355E-03 -5.277404E-03 -2.331882E-03
  6.908248E-04  3.776766E-03  6.911356E-03  1.007924E-02  1.326456E-02     0.0164512  1.962291E-02  2.276346E-02  2.585683E-02  2.888739E-02  3.147104E-02  3.363492E-02  3.574255E-02  3.744781E-02  3.878307E-02  4.008817E-02  4.136199E-02  4.260357E-02  4.381208E-02  4.498683E-02
  4.641239E-02  4.831679E-02  5.035257E-02  5.224803E-02  5.400518E-02  5.562736E-02  5.711887E-02  5.985041E-02  6.444237E-02  6.819707E-02             0
             0 -3.663165E-02 -3.508937E-02 -3.378371E-02 -3.272664E-02 -3.147905E-02 -3.003873E-02 -2.860941E-02 -2.749853E-02 -2.656235E-02    -0.0255792 -2.429237E-02 -2.237184E-02 -2.000252E-02 -1.746845E-02 -1.478084E-02 -1.195206E-02 -8.995376E-03 -5.924657E-03 -2.754286E-03
  5.009231E-04  3.825665E-03  7.203983E-03  1.061899E-02  1.405315E-02  1.748838E-02  2.090615E-02  2.428753E-02  2.761332E-02  3.086419E-02     0.0336264  3.593198E-02  3.816812E-02  3.996797E-02  4.137166E-02  4.273751E-02     0.0440641  4.535021E-02  4.659487E-02  4.779736E-02
  4.924718E-02  5.116428E-02  5.318449E-02  5.503817E-02  5.673182E-02  5.827346E-02  5.967183E-02  6.219991E-02  6.631068E-02  6.947858E-02             0
             0    -0.0381007 -3.659604E-02 -3.529871E-02 -3.424016E-02 -3.298157E-02 -3.151817E-02 -3.005609E-02    -0.0289144 -2.794943E-02 -2.693331E-02 -2.560004E-02 -2.360369E-02 -2.113227E-02    -0.0184824 -1.566723E-02 -1.270105E-02 -9.598749E-03 -6.375552E-03 -3.046845E-03
   3.71823E-04  3.864617E-03  7.415135E-03  1.100601E-02     0.0146191  1.823556E-02  2.183579E-02  2.539928E-02  2.890463E-02  3.232947E-02  3.523552E-02  3.765659E-02  3.999808E-02  4.187525E-02  4.333432E-02  4.474844E-02  4.611564E-02  4.743425E-02  4.870307E-02  4.992129E-02
  5.138038E-02  5.328967E-02  5.527306E-02  5.706774E-02  5.868628E-02  6.014216E-02  6.144872E-02     0.0637882  6.751145E-02  7.026856E-02             0
             0 -3.886212E-02 -3.739164E-02 -3.610926E-02 -3.505766E-02 -3.380111E-02 -3.233269E-02 -3.085807E-02 -2.970229E-02 -2.872314E-02 -2.768986E-02 -2.633145E-02 -2.429247E-02 -2.176235E-02    -0.0190457 -1.615749E-02 -1.311348E-02 -9.929658E-03 -6.621959E-03 -3.206183E-03
  3.019547E-04  3.886618E-03  7.531499E-03  1.121933E-02     0.0149321  1.865099E-02     0.0223563  2.602721E-02  2.964152E-02  3.317545E-02  3.617499E-02  3.867314E-02  4.108663E-02  4.301751E-02  4.451516E-02  4.596264E-02  4.735717E-02  4.869646E-02  4.997884E-02  5.120339E-02
  5.266158E-02  5.455264E-02  5.649478E-02     0.0582347  5.979089E-02  6.118136E-02  6.242249E-02  6.463491E-02  6.812657E-02  7.066196E-02             0
             0 -3.919316E-02 -3.774083E-02 -3.646765E-02    -0.0354212    -0.0341679 -3.269963E-02 -3.122118E-02 -3.005995E-02 -2.907487E-02 -2.803403E-02 -2.666414E-02 -2.460522E-02 -2.204747E-02 -1.929962E-02 -1.637766E-02    -0.0132981 -1.007739E-02 -6.731739E-03 -3.277061E-03
  2.709258E-04   3.89646E-03  7.583358E-03  1.131449E-02  1.507199E-02  1.883718E-02  2.259049E-02  2.631111E-02  2.997675E-02  3.356324E-02  3.660911E-02  3.914642E-02  4.159755E-02  4.355734E-02  4.507611E-02  4.654204E-02  4.795166E-02  4.930204E-02      0.050591  5.181741E-02
  5.327233E-02  5.514878E-02  5.706392E-02  5.877143E-02  6.029322E-02  6.164939E-02  6.285754E-02  6.500789E-02  6.839264E-02  7.083007E-02             0
             0 -3.937327E-02 -3.793174E-02 -3.666439E-02 -3.562142E-02    -0.0343707    -0.0329034 -3.142357E-02 -3.025971E-02    -0.0292715 -2.822647E-02 -2.685007E-02 -2.477964E-02 -2.220602E-02 -1.944042E-02 -1.649946E-02 -1.340003E-02 -1.015883E-02 -6.792188E-03 -3.316058E-03
  2.538634E-04   3.90188E-03  7.611897E-03  1.136689E-02  1.514909E-02  1.893997E-02  2.272003E-02  2.646857E-02  3.016331E-02  3.377998E-02  3.685294E-02  3.941358E-02  4.188763E-02  4.386553E-02  4.539781E-02  4.687579E-02  4.829543E-02  4.965314E-02  5.094615E-02  5.217303E-02
  5.362444E-02  5.548944E-02  5.738591E-02     0.0590725  6.057305E-02  6.190868E-02  6.309752E-02  6.521212E-02  6.853704E-02  7.092077E-02             0
             0 -3.946442E-02 -3.802866E-02 -3.676455E-02    -0.0357236 -3.447451E-02 -3.300811E-02 -3.152794E-02 -3.036294E-02    -0.0293732     -0.028326 -2.694613E-02 -2.486954E-02 -2.228749E-02    -0.0195126 -1.656178E-02 -1.345211E-02 -1.020039E-02 -6.823013E-03 -3.335933E-03
  2.451696E-04  3.904641E-03  7.626442E-03  1.139361E-02  1.518843E-02  1.899246E-02  2.278627E-02  2.654923E-02  3.025911E-02  3.389163E-02  3.697902E-02  3.955226E-02  4.203898E-02  4.402722E-02  4.556742E-02  4.705273E-02  4.847871E-02  4.984121E-02  5.113678E-02  5.236337E-02
  5.381159E-02  5.566855E-02  5.755354E-02  5.922812E-02  6.071692E-02  6.204147E-02  6.322005E-02  6.531589E-02  6.861001E-02  7.096644E-02             0
