 51            10 
             0    -0.2822499     -0.273315    -0.2662018    -0.2605903    -0.2541176    -0.2467906    -0.2396411    -0.2341452    -0.2295442     -0.224742    -0.2184923     -0.209238    -0.1979288    -0.1859378    -0.1733238    -0.1601485     -0.146473    -0.1323674    -0.1179213
    -0.1032714 -8.861915E-02 -7.177082E-02 -5.483755E-02 -3.791171E-02 -2.107654E-02 -4.403516E-03  1.204384E-02  2.820586E-02  4.402453E-02  5.751572E-02  6.882761E-02  7.986557E-02  8.881868E-02     0.0958437     0.1027264     0.1094628     0.1160494     0.1224838     0.1287645
     0.1364224      0.146739     0.1579063     0.1684419     0.1783327     0.1875609     0.1961243     0.2119377     0.2390278     0.2621139             0
             0    -0.2873858    -0.2783983    -0.2712096    -0.2655441    -0.2590156    -0.2516137    -0.2443728    -0.2387948    -0.2341181    -0.2292289    -0.2228555    -0.2133947    -0.2018017    -0.1894873    -0.1765317    -0.1630103    -0.1489589    -0.1344362    -0.1195331
    -0.1043976 -8.926754E-02 -7.219064E-02 -5.477011E-02 -3.739616E-02 -2.017261E-02 -3.152473E-03  1.362192E-02  3.010277E-02  4.623392E-02  5.998849E-02  7.151534E-02  8.275273E-02  9.185415E-02  9.898555E-02     0.1059601     0.1127714     0.1194139     0.1258836     0.1321789
     0.1398377     0.1501973     0.1614153     0.1720312     0.1820105      0.191243     0.1997589     0.2154151     0.2419195     0.2640262             0
             0    -0.3652866    -0.3558394    -0.3477517    -0.3411786    -0.3333775    -0.3242798    -0.3151414    -0.3079707    -0.3018888     -0.295461    -0.2869956    -0.2742512     -0.258378      -0.24129    -0.2231202    -0.2040021    -0.1840158    -0.1632726    -0.1419293
    -0.1202227 -9.851716E-02 -7.404318E-02 -4.912368E-02 -2.434355E-02  1.204165E-04     0.0241602  4.767795E-02  7.056264E-02  9.268681E-02     0.1112591     0.1266038     0.1413169     0.1530062     0.1620345     0.1707266     0.1790711     0.1870594     0.1946853     0.2019472
      0.210579     0.2218225     0.2333636     0.2436484       0.25273     0.2605744     0.2672907     0.2786852     0.2932548     0.2978418             0
             0     -0.442259    -0.4363819    -0.4298401    -0.4239748    -0.4163981    -0.4068793    -0.3966788    -0.3883318    -0.3810743    -0.3732305    -0.3626918    -0.3464133    -0.3255907    -0.3027519    -0.2781689    -0.2521216    -0.2247966     -0.196401    -0.1671813
    -0.1374729     -0.107773    -0.0743034    -0.0402084 -6.262699E-03  2.730567E-02  6.034551E-02  9.269653E-02     0.1241514     0.1544471     0.1796682     0.2002895     0.2197653     0.2349192     0.2464189     0.2572596     0.2674115     0.2768517     0.2855657     0.2935491
     0.3026283     0.3135697     0.3235372     0.3311605     0.3367891     0.3406182     0.3429451     0.3451472     0.3400534      0.324124             0
             0    -0.5047053    -0.5071084    -0.5054538    -0.5026689    -0.4976767      -0.48988    -0.4801046    -0.4713589    -0.4633788    -0.4543974    -0.4419196     -0.421885     -0.395389    -0.3658341    -0.3338394    -0.3000021    -0.2647046    -0.2282795    -0.1910469
    -0.1533914    -0.1158691 -7.363883E-02 -3.054488E-02  1.257199E-02  5.554909E-02  9.829915E-02     0.1406872     0.1824602     0.2232075     0.2574456     0.2854989     0.3118769     0.3321127     0.3472114     0.3610995       0.37367     0.3848383     0.3945492     0.4027834
     0.4112579      0.419533      0.424373     0.4253635     0.4236804       0.42004     0.4150592     0.4033841       0.37524     0.3413774             0
             0    -0.5522332    -0.5666612    -0.5734946    -0.5767058    -0.5775647     -0.574731    -0.5676696    -0.5595954     -0.551377    -0.5413488    -0.5265795    -0.5015002    -0.4672273    -0.4288405    -0.3877014    -0.3449269    -0.3011157    -0.2566584    -0.2118414
    -0.1669758    -0.1225465 -7.265596E-02 -2.163164E-02     0.0297926  8.169541E-02     0.1342596     0.1876193     0.2417489     0.2963521      0.343923     0.3839164     0.4223178     0.4520721     0.4741641     0.4940996      0.511431     0.5257587     0.5367954      0.544431
     0.5498521     0.5497014     0.5414689     0.5280854     0.5126763     0.4967622     0.4811622     0.4514775      0.400296      0.352423             0
             0    -0.5800289    -0.6057871    -0.6224466    -0.6336049    -0.6435717     -0.650122      -0.64978    -0.6443956    -0.6367216    -0.6254368    -0.6070756    -0.5739613    -0.5286818     -0.479453    -0.4285255    -0.3773106    -0.3262958    -0.2756438    -0.2253984
    -0.1756523    -0.1267119 -7.188729E-02 -1.571438E-02  4.127588E-02  9.949306E-02     0.1595485     0.2221334     0.2879406     0.3575653     0.4220662     0.4793719     0.5378793      0.586125     0.6231991     0.6573609     0.6868284     0.7095724     0.7237285     0.7283705
     0.7233675     0.6995943     0.6622176     0.6228997      0.586962     0.5555593     0.5284675     0.4818934     0.4141468     0.3580629             0
             0    -0.5928046    -0.6250384    -0.6482378    -0.6654246    -0.6835756     -0.700707    -0.7107821    -0.7112901    -0.7056449    -0.6920056     -0.667338    -0.6231965    -0.5665747    -0.5083479    -0.4505151    -0.3940266    -0.3389002    -0.2849411    -0.2319352
      -0.17979     -0.128678 -7.149806E-02 -1.285781E-02  4.684512E-02     0.1082331     0.1722186     0.2399397     0.3127823     0.3924484     0.4699195     0.5423812     0.6215318     0.6927367      0.751331     0.8094835     0.8633068     0.9063678     0.9296762     0.9250935
     0.8942426     0.8268579     0.7502325     0.6837998     0.6302174     0.5874174     0.5528557      0.496432      0.420344     0.3604988             0
             0    -0.5999488    -0.6362182    -0.6638907     -0.685621    -0.7108716    -0.7394704     -0.765955     -0.782059    -0.7868978    -0.7625914    -0.7220944    -0.6611969    -0.5926736    -0.5268844    -0.4640015    -0.4039859    -0.3462681     -0.290307    -0.2356756
    -0.1821439     -0.129791 -7.127122E-02 -1.122474E-02  5.003779E-02     0.1132776     0.1796123      0.250505      0.327891     0.4144597     0.5016706     0.5866746     0.6852177     0.7819735     0.8684964     0.9641841      1.066171      1.163991      1.228265      1.183449
      1.083949      0.942299     0.8183877     0.7260758     0.6581016     0.6069746     0.5673723     0.5047264     0.4237629     0.3618198             0
             0    -0.6036282    -0.6421322    -0.6724775    -0.6971951    -0.7278968    -0.7681083    -0.8220195    -0.8944259     -1.017938    -0.8748631    -0.7779421    -0.6894365    -0.6090726     -0.537591    -0.4714515    -0.4093509    -0.3501779    -0.2931278    -0.2376301
     -0.183369    -0.1303684 -7.115153E-02 -1.037247E-02  5.170731E-02     0.1159279     0.1835268     0.2561663     0.3361405      0.426843     0.5203504     0.6142483     0.7284278     0.8499299     0.9690294      1.120219      1.320672        1.6006      2.015604      1.624894
      1.306727      1.041203     0.8660247     0.7522411     0.6741527       0.61776     0.5751826     0.5090548     0.4255083      0.362487             0
