 51            10 
             0    -0.2821139    -0.2731903    -0.2660825    -0.2604733    -0.2540014    -0.2466748     -0.239526    -0.2340308    -0.2294307    -0.2246297     -0.218382    -0.2091316    -0.1978284    -0.1858444    -0.1732373    -0.1600686    -0.1464027    -0.1323116    -0.1178786
    -0.1031855 -8.818401E-02 -7.099431E-02 -5.381063E-02    -0.0367008    -0.0197306 -2.963938E-03  1.353725E-02  2.971333E-02  4.550744E-02  5.894626E-02  7.019597E-02  8.115707E-02  9.003611E-02  9.699738E-02     0.1038124     0.1104773     0.1169886     0.1233433     0.1295387
      0.137081     0.1472102     0.1581219     0.1683635     0.1779346     0.1868392     0.1950862      0.210291     0.2362537     0.2582002             0
             0     -0.287203    -0.2782252    -0.2710483    -0.2653838     -0.258846    -0.2514338    -0.2441852    -0.2386027    -0.2339231    -0.2290324    -0.2226592     -0.213204    -0.2016247    -0.1893296    -0.1763878    -0.1628663    -0.1488214    -0.1343198    -0.1194481
    -0.1043022 -8.886261E-02 -7.126614E-02 -5.365496E-02 -3.612301E-02 -1.873901E-02 -1.569426E-03  1.532121E-02  3.187026E-02  4.801721E-02  6.174347E-02  7.322368E-02  8.439754E-02  9.343768E-02     0.1005187     0.1074439     0.1142093     0.1208114      0.127247     0.1335139
     0.1411343     0.1513509      0.162331     0.1726121     0.1821942     0.1910814     0.1992849     0.2143579     0.2398253     0.2609214             0
             0    -0.3650396    -0.3555944    -0.3475142    -0.3409383    -0.3331219    -0.3240078    -0.3148569    -0.3076788    -0.3015922    -0.2951618    -0.2866963    -0.2739604    -0.2581088    -0.2410516    -0.2229055    -0.2037915    -0.1838173    -0.1631058    -0.1418066
    -0.1200798 -9.791465E-02 -7.264172E-02 -4.738609E-02 -2.231074E-02  2.454852E-03  2.678026E-02  5.053289E-02  7.357771E-02     0.0957784     0.1143475       0.12965     0.1442879     0.1558941      0.164849     0.1734636     0.1817299     0.1896412     0.1971934     0.2043841
     0.2129203     0.2239275     0.2350985     0.2449174     0.2534588     0.2608096     0.2670672     0.2776004     0.2906849     0.2943502             0
             0    -0.4418966    -0.4359725    -0.4294034    -0.4235145    -0.4159014    -0.4063457    -0.3961179     -0.387756      -0.38049    -0.3726423    -0.3621056     -0.345847    -0.3250712    -0.3022966    -0.2777713    -0.2517511    -0.2244593     -0.196118    -0.1669616
    -0.1372138    -0.1068325    -0.0720707    -0.0373205  -2.77719E-03  3.139869E-02  6.502645E-02     0.0978965     0.1297638     0.1603456     0.1857028       0.20637     0.2258261     0.2409158     0.2523428     0.2630932     0.2731406     0.2824655     0.2910559     0.2989081
     0.3078065     0.3183803     0.3277567     0.3346955     0.3395142     0.3425414      0.344094     0.3448283     0.3373093     0.3202806             0
             0    -0.5041749    -0.5063875    -0.5045912    -0.5017092    -0.4966056       -0.4887    -0.4788484    -0.4700661    -0.4620688    -0.4530842    -0.4406216    -0.4206511    -0.3942848    -0.3648917    -0.3330536     -0.299318    -0.2641141    -0.2277949    -0.1906643
    -0.1529583    -0.1145242 -7.044295E-02 -2.630665E-02  1.778417E-02  6.175958E-02     0.1054981     0.1487983     0.1913482     0.2326941     0.2672766     0.2955034     0.3219346     0.3421227     0.3571418     0.3709161      0.383347     0.3943576     0.4038998      0.411959
     0.4202054     0.4280909     0.4321885     0.4323447     0.4295529     0.4246935     0.4184827     0.4044501     0.3726183     0.3373244             0
             0    -0.5514986    -0.5654523    -0.5718713     -0.574785    -0.5753053    -0.5721263     -0.564819    -0.5566348    -0.5483751     -0.538358    -0.5236675    -0.4988196    -0.4649355    -0.4269759    -0.3862355    -0.3437385    -0.3001503     -0.255896    -0.2112487
    -0.1663429    -0.1208072 -6.856595E-02 -1.614627E-02  3.660187E-02  8.987212E-02     0.1438032      0.198433     0.2536293     0.3089892       0.35686     0.3968376     0.4349388     0.4642326     0.4858794     0.5053347     0.5222034     0.5361421     0.5469124     0.5544323
     0.5598946     0.5601169     0.5518115     0.5381576     0.5217342     0.5043316     0.4870693     0.4540771     0.3979062     0.3482504             0
             0    -0.5791231    -0.6040539    -0.6198655    -0.6303432    -0.6394489    -0.6449925    -0.6437976    -0.6379851    -0.6301641    -0.6189896    -0.6010205     -0.568751    -0.5245562    -0.4763212    -0.4262224    -0.3755634    -0.3249522    -0.2746231    -0.2246246
     -0.174864    -0.1247034 -6.721845E-02 -9.432782E-03  4.909688E-02     0.1089027      0.170529      0.234515     0.3013442     0.3713288     0.4352328     0.4912173     0.5474312     0.5929293     0.6274651     0.6589363     0.6858771     0.7066924     0.7199832      0.725102
     0.7221334     0.7030628     0.6696146     0.6328935     0.5973245      0.564829     0.5359965     0.4855637     0.4119402     0.3538351             0
             0    -0.5918066      -0.62298    -0.6449834    -0.6611158    -0.6777628    -0.6927645    -0.7003228    -0.6989407    -0.6924127    -0.6796182     -0.656805    -0.6151817    -0.5607947    -0.5042316    -0.4476305    -0.3919237    -0.3373316    -0.2837744    -0.2310633
    -0.1789215    -0.1265384 -6.655455E-02 -6.201732E-03  5.513829E-02     0.1182104     0.1838396     0.2529623     0.3266505     0.4061091     0.4817731     0.5510235     0.6246339     0.6887189     0.7401973     0.7900303     0.8350899     0.8705897     0.8902687     0.8888382
     0.8671465     0.8155497     0.7508911     0.6915717     0.6403944     0.5972226     0.5610695     0.5006151     0.4182292     0.3562482             0
             0    -0.5988952     -0.633948    -0.6601602    -0.6805043    -0.7035373    -0.7282307    -0.7477385    -0.7546734    -0.7514072     -0.735168    -0.7038061    -0.6498961    -0.5854032    -0.5220081    -0.4607074    -0.4016472    -0.3445562      -0.28905    -0.2347444
    -0.1812281    -0.1275761 -6.617217E-02 -4.357639E-03  5.859576E-02     0.1235702     0.1915807     0.2638498     0.3419123     0.4277642     0.5120313     0.5918941     0.6811742     0.7649226     0.8371534     0.9139143     0.9923192      1.064353      1.110174      1.082875
      1.015188     0.9114622     0.8111985     0.7312092     0.6677241     0.6169419     0.5759295     0.5091991     0.4217012     0.3575572             0
             0    -0.6025445    -0.6397408    -0.6684536    -0.6915284    -0.7192928      -0.75289    -0.7878432     -0.811304    -0.8182032    -0.7917041    -0.7436966    -0.6741665    -0.6005544    -0.5321954    -0.4679052    -0.4068751    -0.3483856    -0.2918212    -0.2366668
     -0.182428    -0.1281141 -6.597183E-02 -3.396318E-03     0.0604016     0.1263816      0.195669     0.2696609     0.3501917     0.4398171     0.5295289      0.616707     0.7181811     0.8201872     0.9154974      1.030078      1.173059      1.360066      1.618969      1.381388
      1.175124     0.9886715     0.8516136     0.7551158     0.6832339     0.6277382     0.5838958     0.5136769     0.4234744     0.3582184             0
