 51            10 
             0  1.391622E-02  1.404995E-02  1.414128E-02  1.421012E-02  1.428675E-02  1.437098E-02  1.445115E-02  1.451177E-02  1.456202E-02      0.014614  1.468107E-02  1.477928E-02     0.0148978  1.502229E-02  1.515237E-02     0.0152877  1.542788E-02  1.557251E-02  1.572117E-02
  1.587345E-02  1.602889E-02  1.618706E-02  1.634749E-02  1.650974E-02  1.667334E-02  1.683782E-02  1.700273E-02     0.0171676  1.733198E-02      0.017475  1.759685E-02  1.771777E-02  1.781761E-02  1.789694E-02  1.797565E-02  1.805371E-02  1.813106E-02  1.820765E-02  1.828344E-02
  1.837712E-02  1.850588E-02  1.864909E-02  1.878802E-02  1.892235E-02  1.905176E-02  1.917598E-02  1.941349E-02  1.986727E-02  2.034437E-02             0
             0  1.391254E-02  1.404646E-02  1.413793E-02  1.420688E-02  1.428364E-02  1.436802E-02  1.444833E-02  1.450906E-02  1.455941E-02  1.461148E-02  1.467868E-02  1.477707E-02  1.489582E-02  1.502054E-02  1.515088E-02  1.528647E-02  1.542692E-02  1.557183E-02  1.572079E-02
  1.587335E-02  1.602909E-02  1.618755E-02  1.634828E-02  1.651082E-02     0.0166747  1.683946E-02  1.700464E-02  1.716977E-02  1.733441E-02  1.747763E-02  1.759964E-02  1.772072E-02     0.0178207  1.790011E-02  1.797892E-02  1.805706E-02     0.0181345  1.821117E-02  1.828703E-02
  1.838079E-02  1.850966E-02  1.865298E-02  1.879201E-02     0.0189264  1.905588E-02  1.918014E-02  1.941771E-02  1.987146E-02  2.034826E-02             0
             0  1.385606E-02  1.399275E-02  1.408641E-02  1.415709E-02  1.423584E-02  1.432247E-02  1.440498E-02  1.446741E-02  1.451917E-02  1.457272E-02  1.464184E-02  1.474308E-02  1.486531E-02  1.499372E-02  1.512794E-02  1.526758E-02  1.541223E-02  1.556147E-02  1.571485E-02
  1.587191E-02  1.603219E-02  1.619521E-02  1.636048E-02  1.652752E-02  1.669583E-02     0.0168649  1.703427E-02  1.720342E-02  1.737189E-02  1.751829E-02  1.764289E-02  1.776642E-02  1.786832E-02  1.794921E-02  1.802942E-02     0.0181089     0.0181876  1.826547E-02  1.834247E-02
  1.843755E-02  1.856809E-02  1.871304E-02  1.885341E-02     0.0189889  1.911922E-02  1.924409E-02  1.948245E-02  1.993561E-02     0.0204076             0
             0  1.381552E-02  1.395407E-02  1.404922E-02  1.412108E-02  1.420121E-02  1.428942E-02  1.437348E-02  1.443711E-02  1.448988E-02  1.454449E-02  1.461499E-02  1.471828E-02  1.484304E-02  1.497413E-02  1.511119E-02  1.525381E-02  1.540157E-02  1.555401E-02  1.571068E-02
  1.587109E-02  1.603477E-02     0.0162012  1.636988E-02  1.654029E-02  1.671192E-02  1.688424E-02  1.705674E-02  1.722891E-02  1.740024E-02  1.754899E-02     0.0176755  1.780083E-02  1.790413E-02  1.798609E-02  1.806731E-02  1.814775E-02  1.822735E-02  1.830605E-02  1.838383E-02
  1.847981E-02  1.861146E-02  1.875744E-02  1.889863E-02  1.903472E-02  1.916545E-02  1.929056E-02  1.952905E-02  1.998084E-02  2.044841E-02             0
             0  1.379035E-02  1.392996E-02  1.402598E-02  1.409855E-02     0.0141795  1.426867E-02  1.435368E-02  1.441805E-02  1.447144E-02     0.0145267  1.459806E-02  1.470263E-02  1.482896E-02  1.496175E-02  1.510061E-02  1.524512E-02  1.539484E-02  1.554933E-02     0.0157081
  1.587066E-02  1.603651E-02  1.620513E-02  1.637601E-02  1.654859E-02  1.672237E-02  1.689678E-02  1.707132E-02  1.724543E-02  1.741861E-02  1.756888E-02  1.769662E-02  1.782311E-02  1.792729E-02  1.800993E-02  1.809178E-02  1.817281E-02  1.825296E-02  1.833218E-02  1.841042E-02
  1.850694E-02  1.863923E-02  1.878578E-02  1.892739E-02  1.906377E-02  1.919464E-02  1.931977E-02  1.955812E-02     0.0200086  2.047302E-02             0
             0  1.377483E-02  1.391506E-02  1.401159E-02  1.408457E-02  1.416602E-02  1.425576E-02  1.434134E-02  1.440616E-02  1.445993E-02  1.451559E-02  1.458748E-02  1.469284E-02  1.482016E-02      0.014954  1.509398E-02  1.523967E-02  1.539064E-02  1.554641E-02     0.0157065
  1.587041E-02  1.603764E-02  1.620764E-02  1.637991E-02  1.655388E-02  1.672901E-02  1.690477E-02  1.708059E-02  1.725596E-02  1.743032E-02  1.758156E-02  1.771009E-02     0.0178373  1.794205E-02  1.802511E-02  1.810736E-02  1.818876E-02  1.826925E-02  1.834879E-02  1.842731E-02
  1.852415E-02  1.865681E-02  1.880367E-02  1.894549E-02  1.908198E-02  1.921289E-02  1.933799E-02  1.957613E-02     0.0200256  2.048791E-02             0
             0     0.0137671  1.390761E-02  1.400439E-02  1.407756E-02  1.415925E-02  1.424927E-02  1.433514E-02  1.440018E-02  1.445414E-02       0.01451  1.458215E-02  1.468791E-02  1.481572E-02  1.495009E-02  1.509064E-02  1.523693E-02  1.538852E-02  1.554494E-02     0.0157057
  1.587029E-02  1.603821E-02  1.620892E-02  1.638189E-02  1.655656E-02  1.673239E-02  1.690883E-02  1.708532E-02  1.726132E-02  1.743629E-02  1.758803E-02  1.771696E-02  1.784456E-02     0.0179496  1.803287E-02  1.811532E-02  1.819691E-02  1.827757E-02  1.835726E-02  1.843593E-02
  1.853292E-02  1.866575E-02  1.881275E-02  1.895466E-02  1.909118E-02  1.922209E-02  1.934714E-02  1.958514E-02  2.003402E-02  2.049524E-02             0
             0     0.0137638  1.390443E-02     0.0140013  1.407456E-02  1.415635E-02  1.424649E-02  1.433248E-02  1.439761E-02  1.445166E-02     0.0145076  1.457986E-02  1.468579E-02  1.481381E-02  1.494842E-02     0.0150892  1.523575E-02  1.538761E-02     0.0155443  1.570535E-02
  1.587024E-02  1.603846E-02  1.620948E-02  1.638274E-02  1.655772E-02  1.673385E-02  1.691058E-02  1.708736E-02  1.726364E-02  1.743888E-02  1.759083E-02  1.771994E-02  1.784769E-02  1.795286E-02  1.803623E-02  1.811877E-02  1.820044E-02  1.828117E-02  1.836093E-02  1.843965E-02
  1.853671E-02  1.866961E-02  1.881667E-02     0.0189586  1.909514E-02  1.922604E-02  1.935106E-02      0.019589  2.003761E-02  2.049836E-02             0
             0  1.376202E-02  1.390271E-02  1.399964E-02  1.407294E-02  1.415479E-02  1.424499E-02  1.433104E-02  1.439622E-02  1.445031E-02     0.0145063  1.457862E-02  1.468465E-02  1.481278E-02  1.494751E-02  1.508843E-02  1.523511E-02  1.538712E-02  1.554396E-02  1.570517E-02
  1.587022E-02     0.0160386  1.620978E-02  1.638321E-02  1.655835E-02  1.673464E-02  1.691153E-02  1.708847E-02     0.0172649  1.744028E-02  1.759235E-02  1.772155E-02     0.0178494  1.795463E-02  1.803805E-02  1.812064E-02  1.820235E-02  1.828313E-02  1.836292E-02  1.844167E-02
  1.853876E-02     0.0186717  1.881879E-02  1.896074E-02  1.909728E-02  1.922817E-02  1.935319E-02  1.959108E-02  2.003955E-02  2.050003E-02             0
             0  1.376112E-02  1.390184E-02     0.0139988  1.407213E-02      0.014154  1.424423E-02  1.433032E-02  1.439552E-02  1.444963E-02  1.450565E-02      0.014578  1.468407E-02  1.481226E-02  1.494705E-02  1.508804E-02  1.523479E-02  1.538687E-02  1.554379E-02  1.570507E-02
     0.0158702  1.603867E-02  1.620993E-02  1.638344E-02  1.655866E-02  1.673504E-02  1.691201E-02  1.708902E-02  1.726553E-02  1.744098E-02  1.759312E-02  1.772237E-02  1.785026E-02  1.795553E-02  1.803897E-02  1.812159E-02  1.820332E-02  1.828411E-02  1.836392E-02  1.844269E-02
     0.0185398  1.867276E-02  1.881986E-02  1.896182E-02  1.909836E-02  1.922925E-02  1.935426E-02  1.959213E-02  2.004053E-02  2.050088E-02             0
