 51            10 
             0 -6.301376E-03  -5.66239E-03 -5.071066E-03 -4.599471E-03 -4.054257E-03 -3.437751E-03 -2.837758E-03 -2.377673E-03 -1.993175E-03 -1.592568E-03 -1.072096E-03 -3.032055E-04  6.341544E-04  1.626825E-03  2.671245E-03  3.763629E-03  4.899987E-03  6.076142E-03  7.287748E-03
  8.530306E-03  9.799169E-03  1.108955E-02  1.239655E-02  1.371516E-02  1.504041E-02  1.636734E-02  1.769109E-02  1.900694E-02  2.031033E-02  2.143607E-02     0.0223895  2.332975E-02  2.410101E-02     0.0247109  2.531325E-02  2.590766E-02  2.649373E-02  2.707109E-02  2.763939E-02
  2.833802E-02  2.929041E-02     0.0303377  3.134183E-02  3.230109E-02  3.321404E-02     0.0340795  3.571352E-02  3.871426E-02  4.136873E-02             0
             0 -6.433656E-03 -5.793124E-03 -5.198203E-03 -4.723483E-03 -4.174451E-03 -3.553432E-03 -2.948875E-03 -2.485198E-03 -2.097651E-03 -1.693819E-03 -1.169098E-03 -3.938082E-04  5.515325E-04  1.552818E-03  2.606446E-03  3.708579E-03  4.855168E-03   6.04197E-03  7.264564E-03
  8.518372E-03  9.798662E-03  1.110056E-02  1.241905E-02  1.374906E-02  1.508548E-02  1.642329E-02  1.775751E-02  1.908332E-02  2.039608E-02  2.152943E-02  2.248896E-02  2.343488E-02  2.421047E-02  2.482361E-02  2.542899E-02     0.0260262  2.661486E-02  2.719458E-02  2.776501E-02
  2.846602E-02  2.942115E-02  3.047069E-02  3.147623E-02  3.243611E-02  3.334895E-02  3.421365E-02  3.584498E-02  3.883396E-02  4.146355E-02             0
             0 -8.493521E-03 -7.832489E-03 -7.183537E-03 -6.661439E-03 -6.054087E-03 -5.363713E-03 -4.688667E-03 -4.169349E-03 -3.734466E-03 -3.280484E-03 -2.689581E-03 -1.814393E-03 -7.441483E-04  3.922619E-04  1.590569E-03  2.846127E-03  4.153952E-03  5.508751E-03  6.904948E-03
  8.336714E-03  9.797974E-03  1.128241E-02     0.0127835  1.429456E-02  1.580887E-02  1.731974E-02  1.882056E-02  2.030493E-02  2.176668E-02  2.302081E-02  2.407708E-02  2.511248E-02  2.595626E-02  2.662044E-02  2.727326E-02  2.791424E-02  2.854296E-02  2.915901E-02  2.976203E-02
  3.049911E-02  3.149503E-02  3.257679E-02  3.360083E-02  3.456641E-02  3.547326E-02  3.632148E-02  3.790157E-02  4.068829E-02  4.291453E-02             0
             0    -0.0101361  -9.48276E-03 -8.804589E-03 -8.253765E-03 -7.608242E-03 -6.869683E-03 -6.143216E-03 -5.582037E-03 -5.110888E-03 -4.617845E-03 -3.974617E-03  -3.01887E-03 -1.845672E-03 -5.959205E-04  7.254328E-04  2.112916E-03  3.560612E-03  5.062221E-03  6.611111E-03
  8.200342E-03  9.822675E-03  1.147055E-02     0.0131361     0.0148112  1.648759E-02  1.815691E-02  1.981086E-02     0.0214412  2.303992E-02  2.440442E-02  2.554832E-02  2.666372E-02  2.756728E-02  2.827542E-02  2.896823E-02  2.964513E-02     0.0303056  3.094922E-02  3.157562E-02
     0.0323367  3.335546E-02  3.444761E-02  3.546757E-02  3.641611E-02  3.729469E-02  3.810526E-02  3.959484E-02  4.212282E-02  4.395681E-02             0
             0 -1.123937E-02 -1.061098E-02 -9.924939E-03 -9.362558E-03 -8.698527E-03 -7.933631E-03 -7.176548E-03 -6.589199E-03 -6.094758E-03  -5.57604E-03 -4.897731E-03 -3.886637E-03 -2.640981E-03 -1.310155E-03  1.001289E-04  1.583555E-03  3.133343E-03  4.742363E-03  6.403204E-03
     0.0081082   9.84941E-03  1.161857E-02  1.340702E-02  1.520579E-02  1.700563E-02  1.879703E-02  2.057033E-02  2.231573E-02  2.402339E-02  2.547609E-02  2.668998E-02  2.786885E-02  2.881918E-02  2.956119E-02  3.028413E-02  3.098727E-02  3.166999E-02  3.233178E-02  3.297226E-02
     0.0337459  3.477191E-02  3.585767E-02  3.685836E-02  3.777691E-02  3.861697E-02  3.938264E-02  4.077359E-02  4.306541E-02     0.0446038             0
             0 -1.195845E-02 -1.135985E-02 -1.067725E-02 -1.011314E-02 -9.442498E-03 -8.665063E-03 -7.890952E-03 -7.287891E-03 -6.778916E-03 -6.243669E-03 -5.542204E-03 -4.493531E-03 -3.197493E-03  -1.80961E-03 -3.364741E-04  1.214726E-03   2.83643E-03  4.520855E-03  6.260082E-03
  8.046053E-03  9.870526E-03  1.172497E-02  1.360045E-02  1.548767E-02  1.737694E-02  1.925818E-02     0.0211209  2.295418E-02  2.474668E-02  2.626928E-02  2.753914E-02  2.876899E-02  2.975669E-02  3.052551E-02  3.127185E-02  3.199477E-02  3.269345E-02  3.336728E-02  3.401586E-02
  3.479473E-02  3.581826E-02  3.688788E-02  3.786167E-02  3.874528E-02  3.954495E-02  4.026695E-02  4.156745E-02  4.367015E-02     0.0450024             0
             0 -1.233045E-02 -1.175384E-02 -1.107769E-02     -0.010516 -9.845229E-03 -9.064198E-03 -8.283107E-03 -7.672702E-03 -7.156527E-03 -6.612728E-03 -5.898889E-03 -4.829478E-03 -3.505041E-03 -2.084835E-03 -5.762304E-04  1.012914E-03  2.674519E-03  4.400444E-03   6.18254E-03
  8.012636E-03  9.882448E-03  1.178345E-02  1.370673E-02  1.564298E-02  1.758249E-02  1.951507E-02  2.143001E-02     0.0233159  2.516066E-02     0.0267276  2.803375E-02  2.929723E-02  3.030986E-02  3.109653E-02  3.185831E-02  3.259394E-02  3.330237E-02  3.398282E-02  3.463483E-02
  3.541413E-02  3.643066E-02  3.748282E-02  3.843251E-02  3.928798E-02  4.005753E-02  4.074893E-02  4.198927E-02  4.397955E-02  4.520082E-02             0
             0 -1.249205E-02 -1.192644E-02 -1.125422E-02 -1.069445E-02 -1.002453E-02 -9.242805E-03 -8.459258E-03 -7.845907E-03 -7.326691E-03  -6.77915E-03 -6.059766E-03 -4.980868E-03 -3.643333E-03  -2.20826E-03 -6.834546E-04  9.228852E-04  2.602445E-03  4.346936E-03  6.148133E-03
  7.997839E-03  9.887786E-03  1.180948E-02  1.375406E-02  1.571226E-02  1.767443E-02  1.963037E-02  2.156933E-02  2.347981E-02  2.534943E-02  2.693796E-02     0.0282621  2.954258E-02  3.056806E-02  3.136401E-02  3.213384E-02  3.287605E-02  3.358938E-02  3.427291E-02  3.492613E-02
  3.570466E-02     0.0367159     0.0377572  3.869314E-02  3.953345E-02  4.028748E-02  4.096363E-02  4.217478E-02     0.0441133     0.0452856             0
             0 -1.257993E-02 -1.202071E-02 -1.135096E-02    -0.0107925 -1.012334E-02 -9.341541E-03 -8.556873E-03 -7.942013E-03 -7.421173E-03 -6.871581E-03 -6.149109E-03 -5.064863E-03  -3.71993E-03 -2.276497E-03 -7.426335E-04  8.732709E-04  2.562774E-03  4.317512E-03  6.129226E-03
  7.989714E-03  9.890726E-03     0.0118238     0.0137801  1.575043E-02  1.772513E-02  1.969407E-02  2.164648E-02  2.357083E-02  2.545463E-02  2.705564E-02  2.839031E-02  2.968091E-02  3.071414E-02  3.151576E-02  3.229055E-02  3.303682E-02  3.375314E-02  3.443845E-02  3.509219E-02
  3.586988E-02  3.687724E-02  3.791137E-02  3.883867E-02  3.966977E-02  4.041459E-02  4.108187E-02  4.227628E-02  4.418587E-02  4.533134E-02             0
             0    -0.0126244 -1.206854E-02 -1.140015E-02 -1.084245E-02 -1.017379E-02 -9.392072E-03  -8.60693E-03 -7.991349E-03 -7.469703E-03 -6.919064E-03 -6.194992E-03 -5.107956E-03 -3.759167E-03 -2.311399E-03 -7.728629E-04  8.479546E-04  2.542549E-03   4.30252E-03  6.119597E-03
  7.985578E-03  9.892225E-03  1.183109E-02  1.379338E-02  1.576989E-02      0.017751  1.972662E-02  2.168596E-02     0.0236175  2.550871E-02     0.0271163  2.845659E-02  2.975265E-02  3.079015E-02  3.159492E-02  3.237252E-02  3.312111E-02  3.383913E-02  3.452541E-02  3.517934E-02
  3.595633E-02  3.696123E-02  3.799116E-02  3.891362E-02  3.973971E-02     0.0404796  4.114218E-02  4.232783E-02  4.422253E-02  4.535437E-02             0
