 51            10 
             0    -0.2530325    -0.2465376     -0.240962    -0.2364809    -0.2312465    -0.2252729    -0.2194132    -0.2148965    -0.2111097    -0.2071524    -0.2019964    -0.1943495    -0.1849837    -0.1762735    -0.1683224    -0.1599483    -0.1475187    -0.1337845    -0.1199313
    -0.1052315 -9.002504E-02    -0.0743537 -5.831502E-02    -0.0421044 -2.563751E-02 -8.895842E-03  8.092699E-03  2.434124E-02  3.952831E-02  5.267987E-02  6.373126E-02  7.450999E-02  8.326905E-02  9.018427E-02  9.704816E-02     0.1038845     0.1106889     0.1174904     0.1238664
     0.1312288     0.1416173     0.1528665     0.1632766      0.173403      0.183142     0.1923167     0.2095623     0.2376965     0.2617131             0
             0     -0.256163    -0.2496654    -0.2440701    -0.2395677    -0.2343021    -0.2282851    -0.2223746    -0.2178133    -0.2139858    -0.2099821    -0.2047603    -0.1970017    -0.1874709    -0.1785719    -0.1703904    -0.1616909    -0.1489276    -0.1348522    -0.1206313
     -0.105514 -8.985449E-02    -0.0737132 -5.720755E-02 -4.053845E-02 -2.363142E-02  -6.47771E-03     0.0109076  2.751469E-02      0.043043  5.649879E-02  6.781135E-02  7.884716E-02  8.781128E-02  9.488259E-02     0.1018928     0.1088623     0.1157874     0.1226987     0.1291683
     0.1366433     0.1471433     0.1584576     0.1688886     0.1789764     0.1885765     0.1975067     0.2141687      0.241359     0.2640202             0
             0    -0.3056915      -0.29944    -0.2937541    -0.2890914     -0.283545    -0.2771055    -0.2706819    -0.2656685    -0.2614303    -0.2569641     -0.251096    -0.2422811     -0.231293    -0.2208816    -0.2111554    -0.2006468    -0.1832676    -0.1634868    -0.1432668
    -0.1216664 -9.925096E-02 -7.614774E-02 -5.255771E-02 -2.880007E-02 -4.802134E-03  1.941256E-02  4.377861E-02  6.684929E-02  8.816189E-02     0.1063615     0.1214596     0.1359576     0.1475175       0.15651     0.1652904     0.1738793     0.1822666     0.1904847      0.198033
     0.2065614     0.2181281     0.2299872     0.2403022     0.2496615     0.2579877     0.2652016     0.2777059     0.2933747     0.2980489             0
             0    -0.3482418    -0.3436297    -0.3388633    -0.3348055    -0.3298265    -0.3238874    -0.3178196    -0.3130064    -0.3088962    -0.3045236    -0.2987264    -0.2899059    -0.2787343     -0.267984    -0.2577973    -0.2466044    -0.2240746    -0.1973991    -0.1698308
    -0.1402925    -0.1096308 -7.804188E-02    -0.0457982 -1.332419E-02  1.948946E-02  5.260753E-02  8.591881E-02     0.1174007     0.1463553      0.170877     0.1910199     0.2100932     0.2250132     0.2364349     0.2473798      0.257856     0.2678361     0.2773467     0.2858208
     0.2950482     0.3067825     0.3176754     0.3260106      0.332453     0.3371372     0.3402412     0.3439019      0.340661     0.3244646             0
             0    -0.3785665    -0.3763809    -0.3731719    -0.3702197    -0.3663776    -0.3615708    -0.3564648    -0.3523178    -0.3487299    -0.3448705    -0.3397073    -0.3317724    -0.3216465    -0.3118771    -0.3027276    -0.2927284    -0.2651914    -0.2312649    -0.1960624
    -0.1584633    -0.1195979 -7.967283E-02 -3.894179E-02  2.169924E-03  4.391395E-02  8.634249E-02     0.1293881     0.1704275       0.20851     0.2409339     0.2675625     0.2926348     0.3119836     0.3265778     0.3402808      0.353047     0.3647966     0.3755249     0.3846102
     0.3938727     0.4041624     0.4115637     0.4151065     0.4157015     0.4139588     0.4105141     0.4012423     0.3760852     0.3417956             0
             0     -0.399275    -0.3997467    -0.3983885    -0.3967968     -0.394394    -0.3910442    -0.3871767    -0.3838815    -0.3809592    -0.3777555    -0.3734135    -0.3666829    -0.3581658    -0.3501814    -0.3433198    -0.3364601    -0.3040079    -0.2626441    -0.2199418
    -0.1747707    -0.1284764 -8.117127E-02 -3.296399E-02  1.586086E-02  6.583693E-02     0.1172661     0.1703178     0.2218893     0.2709248      0.313682     0.3493447     0.3832826     0.4095033     0.4291214     0.4472124     0.4635329     0.4778174      0.489935     0.4992025
     0.5073345     0.5130339     0.5122369      0.506351     0.4969576     0.4854843     0.4731332     0.4478538     0.4011905     0.3528838             0
             0    -0.4103821    -0.4128807    -0.4130913    -0.4127172     -0.411665    -0.4097169    -0.4070095    -0.4044502    -0.4020562     -0.399323    -0.3955185    -0.3895318    -0.3821305    -0.3756572    -0.3712079    -0.3681786    -0.3317461    -0.2844283    -0.2361207
    -0.1856204    -0.1343361 -8.221389E-02 -2.916077E-02  2.474276E-02     0.0803491     0.1383019     0.1991843     0.2597788     0.3193558     0.3733969      0.419996     0.4658918     0.5024396     0.5301131     0.5556339     0.5781412     0.5967177     0.6107136     0.6192853
      0.624017     0.6192075     0.6030218     0.5824649     0.5599389     0.5374348     0.5162315     0.4767837     0.4149982      0.358542             0
             0    -0.4152879    -0.4188375    -0.4199301    -0.4202834    -0.4200967    -0.4191145      -0.41724    -0.4151748    -0.4130836    -0.4105483    -0.4068905    -0.4010379    -0.3939777    -0.3881904    -0.3851219    -0.3845226    -0.3458411    -0.2952799    -0.2440586
    -0.1908864    -0.1371659 -8.272906E-02 -2.735662E-02  2.899846E-02  8.738027E-02     0.1486574     0.2137187     0.2794219     0.3454901     0.4072386     0.4620824     0.5181081     0.5646698     0.6009523     0.6352537     0.6657633     0.6902407     0.7066194     0.7133771
     0.7126588     0.6936051     0.6606679     0.6269774     0.5944151     0.5644724     0.5378677     0.4904622     0.4211598      0.360985             0
             0    -0.4179779    -0.4221512    -0.4237944     -0.424623     -0.425039    -0.4247917    -0.4236269    -0.4220016    -0.4201451    -0.4176657    -0.4139403    -0.4079427    -0.4009173    -0.3954629     -0.393241    -0.3942317    -0.3541382    -0.3015946    -0.2486389
    -0.1939073    -0.1387848 -8.302692E-02 -2.633358E-02  3.142391E-02  9.141105E-02     0.1546451     0.2222287     0.2911195     0.3614418     0.4285805     0.4896008       0.55392     0.6096871     0.6547004     0.6989962      0.739866     0.7731444     0.7935317     0.7962875
     0.7869425      0.750159     0.7005863     0.6558276     0.6157365     0.5806583      0.550546     0.4982195     0.4245543     0.3623097             0
             0     -0.419346    -0.4238534    -0.4258033    -0.4269087    -0.4277005    -0.4279684     -0.427413    -0.4262682     -0.424695    -0.4220854    -0.4180755    -0.4117667    -0.4046342    -0.3993085    -0.3975443    -0.3994441      -0.35856    -0.3049315     -0.251045
    -0.1954878    -0.1396301 -8.318348E-02 -2.580237E-02  3.268752E-02  9.351931E-02     0.1577954     0.2267461     0.2974068     0.3701825     0.4406019     0.5056251     0.5758075     0.6389385     0.6918145     0.7465694     0.8005691     0.8483688     0.8790905      0.870655
     0.8465726     0.7893804     0.7253467     0.6725436     0.6275734     0.5894061     0.5572875      0.502251     0.4262857     0.3629787             0
