 51            10 
             0  -1.41631E-03   1.46752E-04  1.340005E-03  2.271666E-03  3.337719E-03  4.535525E-03  5.695926E-03  6.583293E-03  7.323685E-03  8.093973E-03  9.093406E-03  1.056721E-02  1.236017E-02  1.425548E-02  1.624638E-02  1.832571E-02  2.048589E-02  2.271903E-02  2.501689E-02
  2.737094E-02     0.0297724  3.221217E-02  3.468087E-02  3.716895E-02  3.966686E-02  4.216515E-02  4.465457E-02  4.712612E-02  4.957113E-02  5.168006E-02  5.346427E-02     0.0552219  5.666193E-02  5.779978E-02  5.892262E-02  6.002971E-02  6.112031E-02  6.219373E-02     0.0632493
  6.454569E-02  6.631026E-02  6.824645E-02     0.0700985  7.186334E-02  7.353837E-02  7.512156E-02  7.810106E-02  8.351268E-02  8.853304E-02             0
             0 -1.684214E-03 -1.131669E-04  1.087529E-03  2.025412E-03  3.099005E-03  4.305715E-03  5.475127E-03  6.369587E-03  7.116006E-03   7.89267E-03  8.900508E-03  1.038698E-02  1.219575E-02  1.410813E-02  1.611729E-02  1.821595E-02  2.039644E-02  2.265071E-02  2.497038E-02
  2.734677E-02  2.977091E-02  3.223354E-02  3.472507E-02  3.723577E-02     0.0397559  4.227579E-02      0.044786  4.727733E-02  4.974095E-02  5.186497E-02     0.0536613  5.543015E-02  5.687877E-02  5.802304E-02  5.915189E-02  6.026454E-02  6.136024E-02  6.243831E-02  6.349809E-02
  6.479917E-02  6.656913E-02  6.850971E-02  7.036449E-02  7.213048E-02  7.380522E-02     0.0753868  7.836079E-02  8.374872E-02  8.872052E-02             0
             0 -5.857186E-03 -4.169047E-03 -2.856448E-03 -1.824195E-03 -6.353941E-04  7.081867E-04   2.01681E-03  3.021242E-03  3.861262E-03  4.737139E-03  5.875964E-03  7.560273E-03   9.61657E-03  1.179688E-02  1.409304E-02  1.649616E-02  1.899672E-02  2.158456E-02  2.424901E-02
  2.697892E-02  2.976266E-02  3.258812E-02  3.544264E-02  3.831332E-02  4.118711E-02  4.405108E-02  4.689251E-02  4.969901E-02  5.245871E-02  5.482265E-02  5.681106E-02  5.875751E-02  6.034138E-02  6.158682E-02  6.280962E-02     0.0640089  6.518383E-02  6.633365E-02     0.0674577
  6.882978E-02  7.067975E-02      0.072683  7.457305E-02  7.634879E-02  7.800996E-02  7.955714E-02  8.242594E-02  8.740545E-02  9.158807E-02             0
             0  -9.19554E-03 -7.463823E-03 -6.090446E-03 -5.001447E-03 -3.737728E-03 -2.299367E-03 -8.892554E-04  1.979879E-04   1.10985E-03  2.063201E-03  3.305916E-03  5.150394E-03  7.411677E-03  9.817884E-03  1.235946E-02  1.502584E-02  1.780559E-02  2.068654E-02  2.365592E-02
  2.670036E-02  2.980594E-02  3.295808E-02  3.614144E-02  3.934021E-02  4.253825E-02  4.571933E-02  4.886724E-02  5.196597E-02  5.499988E-02  5.758472E-02  5.974849E-02  6.185489E-02  6.355818E-02  6.489138E-02     0.0661939  6.746465E-02  6.870266E-02     0.0699071  7.107728E-02
  7.249649E-02  7.439067E-02  7.641275E-02  7.829247E-02  8.003183E-02  8.163416E-02  8.310372E-02     0.0857872  9.024234E-02  9.365062E-02             0
             0 -1.144416E-02 -9.725111E-03 -8.335727E-03  -7.22493E-03 -5.925891E-03 -4.436481E-03 -2.966311E-03  -1.82738E-03 -8.693493E-04  1.350482E-04  1.447689E-03  3.402811E-03  5.809331E-03  8.378294E-03  1.109853E-02  1.395769E-02  1.694256E-02  2.003929E-02  2.323352E-02
  2.651046E-02  2.985484E-02     0.0332507     0.0366812  4.012879E-02  4.357542E-02  4.700257E-02  5.039132E-02  5.372246E-02  5.697668E-02  5.974007E-02  6.204555E-02  6.428046E-02  6.607835E-02  6.747996E-02  6.884325E-02  7.016677E-02     0.0714493  7.268989E-02  7.388781E-02
  7.533128E-02  7.723816E-02  7.924467E-02  8.108261E-02  8.275847E-02  8.428026E-02  8.565669E-02     0.0881367  9.211066E-02  9.493213E-02             0
             0 -1.291322E-02 -1.123179E-02 -9.850727E-03 -8.738453E-03 -7.428403E-03 -5.915915E-03 -4.412991E-03  -3.24324E-03 -2.256432E-03 -1.219068E-03  1.400175E-04  2.170959E-03  4.679576E-03  7.364343E-03  1.021213E-02  1.320871E-02  1.633919E-02     0.0195884  2.294096E-02
  2.638136E-02  2.989379E-02  3.346185E-02  3.706821E-02  4.069474E-02  4.432261E-02  4.793221E-02  5.150307E-02  5.501377E-02  5.844196E-02  6.134919E-02  6.377015E-02  6.611042E-02  6.798562E-02  6.944262E-02  7.085418E-02     0.0722183  7.353335E-02  7.479808E-02  7.601173E-02
  7.746448E-02  7.936355E-02  8.133323E-02  8.311219E-02  8.471293E-02  8.614895E-02  8.743358E-02      0.089725  9.331142E-02  9.572212E-02             0
             0 -1.367463E-02 -1.202738E-02 -1.066128E-02  -9.55595E-03 -8.247948E-03  -6.73044E-03  -5.21497E-03  -4.03113E-03 -3.030138E-03 -1.975615E-03 -5.913874E-04  1.482178E-03  4.049492E-03  6.801037E-03  9.721871E-03  1.279627E-02  1.600828E-02  1.934199E-02  2.278162E-02
  2.631149E-02  2.991579E-02  3.357822E-02  3.728154E-02  4.100774E-02  4.473803E-02  4.845272E-02  5.213099E-02  5.575066E-02  5.928794E-02  6.228867E-02     0.0647867  6.719897E-02  6.912788E-02  7.062346E-02  7.206838E-02  7.345983E-02  7.479555E-02  7.607386E-02  7.729384E-02
  7.874567E-02  8.062652E-02  8.255497E-02  8.427913E-02  8.581754E-02  8.718815E-02  8.840735E-02  9.057171E-02  9.392656E-02  9.611552E-02             0
             0 -1.400567E-02 -1.237657E-02 -1.101967E-02 -9.919488E-03 -8.614732E-03 -7.097374E-03 -5.578075E-03 -4.388799E-03 -3.381874E-03 -2.319781E-03 -9.240853E-04  1.169429E-03   3.76438E-03  6.547126E-03  9.501702E-03  1.261165E-02  1.586055E-02  1.923221E-02  2.271074E-02
  2.628046E-02  2.992563E-02  3.363008E-02     0.0373767  4.114763E-02  4.492423E-02  4.868691E-02     0.0524149  5.608589E-02  5.967573E-02  6.272278E-02  6.525999E-02  6.770989E-02  6.966771E-02  7.118441E-02  7.264777E-02  7.405433E-02  7.540113E-02  7.668602E-02  7.790786E-02
  7.935642E-02  8.122267E-02     0.0831241  8.481587E-02  8.631986E-02  8.765618E-02     0.0888424  9.094469E-02  9.419262E-02  9.628362E-02             0
             0 -1.418578E-02 -1.256748E-02    -0.0112164 -1.011971E-02 -8.817534E-03 -7.301153E-03  -5.78047E-03 -4.588556E-03 -3.578504E-03 -2.512223E-03  -1.11001E-03   9.95004E-04   3.60583E-03  6.406323E-03  9.379905E-03  1.250973E-02  1.577911E-02  1.917176E-02  2.267175E-02
     0.0262634  2.993105E-02  3.365862E-02  3.742909E-02  4.122474E-02  4.502701E-02  4.881645E-02  5.257235E-02  5.627245E-02  5.989247E-02  6.296662E-02  6.552714E-02  6.799997E-02  6.997591E-02  7.150611E-02  7.298152E-02  7.439809E-02  7.575223E-02  7.704116E-02  7.826348E-02
  7.970854E-02  8.156332E-02  8.344609E-02  8.511695E-02     0.0865997  8.791547E-02  8.908238E-02  9.114891E-02  9.433702E-02  9.637433E-02             0
             0 -1.427693E-02 -1.266441E-02 -1.131656E-02 -1.022188E-02 -8.921348E-03 -7.405861E-03 -5.884842E-03 -4.691779E-03 -3.680206E-03 -2.611755E-03 -1.206068E-03  9.051134E-04  3.524356E-03  6.334143E-03  9.317588E-03  1.245765E-02  1.573755E-02  1.914093E-02  2.265187E-02
  2.625471E-02  2.993381E-02  3.367316E-02  3.745581E-02  4.126408E-02     0.0450795  4.888269E-02  5.265302E-02  5.636824E-02  6.000412E-02  6.309269E-02  6.566583E-02  6.815132E-02  7.013759E-02  7.167573E-02  7.315846E-02  7.458137E-02     0.0759403  7.723179E-02  7.845381E-02
  7.989569E-02  8.174243E-02  8.361372E-02  8.527257E-02  8.674357E-02  8.804826E-02  8.920491E-02  9.125269E-02  9.440999E-02       0.09642             0
