 51            10 
             0  1.840591E-02  1.965564E-02  2.034223E-02     0.0208583  2.144053E-02     0.0220905  2.271784E-02  2.319662E-02  2.359566E-02     0.0240104  2.454804E-02  2.533997E-02  2.630215E-02  2.731814E-02     0.0283844  2.949716E-02  3.065244E-02  3.184608E-02  3.307375E-02
  3.433095E-02  3.561305E-02  3.691528E-02  3.823272E-02  3.956041E-02  4.089335E-02     0.0422266  4.355531E-02  4.487475E-02  4.618037E-02  4.730688E-02  4.826019E-02  4.919957E-02  4.996946E-02  5.057792E-02     0.0511785  5.177079E-02     0.0523544  5.292897E-02  5.349414E-02
  5.418842E-02  5.513383E-02  5.617176E-02  5.716516E-02     0.0581123  5.901175E-02     0.0598623  6.146363E-02  6.436945E-02  6.662291E-02             0
             0  1.827363E-02  1.952491E-02  2.021509E-02  2.073429E-02  2.132034E-02  2.197482E-02  2.260673E-02     0.0230891  2.349118E-02  2.390914E-02  2.445104E-02  2.524937E-02  2.621953E-02  2.724413E-02     0.0283196  2.944211E-02  3.060762E-02  3.181191E-02  3.305056E-02
  3.431901E-02  3.561254E-02  3.692628E-02  3.825522E-02     0.0395943  4.093843E-02  4.228255E-02  4.362173E-02  4.495113E-02  4.626612E-02  4.740024E-02  4.835966E-02     0.0493047  5.007892E-02  5.069063E-02  5.129424E-02  5.188934E-02  5.247553E-02  5.305246E-02  5.361975E-02
  5.431642E-02  5.526456E-02  5.630475E-02  5.729956E-02  5.824732E-02  5.914666E-02  5.999645E-02  6.159509E-02  6.448916E-02  6.671772E-02             0
             0  1.621378E-02  1.748555E-02  1.822976E-02  1.879634E-02     0.0194407  2.016454E-02  2.086694E-02  2.140494E-02  2.185436E-02  2.232248E-02  2.293056E-02  2.382878E-02  2.492384E-02  2.608357E-02  2.730372E-02  2.857965E-02     0.0299064  3.127868E-02  3.269094E-02
  3.413735E-02  3.561185E-02  3.710813E-02  3.861967E-02  4.013981E-02  4.166181E-02  4.317899E-02  4.468477E-02  4.617273E-02  4.763672E-02  4.889161E-02  4.994777E-02     0.0509823  5.182471E-02  5.248746E-02     0.0531385  5.377737E-02  5.440364E-02  5.501689E-02  5.561678E-02
  5.634951E-02  5.733845E-02  5.841085E-02  5.942416E-02  6.037763E-02  6.127097E-02  6.210428E-02  6.365167E-02  6.634349E-02  6.816871E-02             0
             0     0.0145712  1.583528E-02  1.660871E-02  1.720401E-02  1.788655E-02  1.865857E-02  1.941239E-02  1.999226E-02  2.047794E-02  2.098512E-02  2.164552E-02  2.262431E-02  2.382232E-02  2.509539E-02  2.643858E-02  2.784644E-02  2.931306E-02  3.083215E-02     0.0323971
  3.400098E-02  3.563655E-02  3.729627E-02  3.897227E-02  4.065644E-02  4.234052E-02  4.401617E-02  4.567507E-02  4.730901E-02  4.890996E-02  5.027522E-02  5.141901E-02  5.253353E-02  5.343573E-02  5.414244E-02  5.483348E-02  5.550826E-02  5.616628E-02     0.0568071  5.743036E-02
     0.0581871  5.919888E-02  6.028168E-02     0.0612909  6.222733E-02  6.309241E-02  6.388806E-02  6.534495E-02  6.777802E-02  6.921098E-02             0
             0  1.346793E-02  1.470706E-02  1.548836E-02  1.609522E-02  1.679626E-02  1.759463E-02  1.837906E-02     0.0189851  1.949407E-02  2.002692E-02  2.072241E-02  2.175654E-02  2.302701E-02  2.438116E-02  2.581328E-02  2.731708E-02  2.888579E-02     0.0305123  3.218919E-02
  3.390883E-02  3.566328E-02  3.744428E-02  3.924319E-02  4.105103E-02  4.285856E-02  4.465629E-02  4.643455E-02  4.818353E-02  4.989343E-02  5.134689E-02  5.256067E-02  5.373867E-02  5.468763E-02  5.542821E-02  5.614937E-02     0.0568504  5.753066E-02  5.818966E-02  5.882701E-02
     0.0595963  6.061533E-02  6.169173E-02     0.0626817  6.358813E-02  6.441469E-02  6.516545E-02     0.0665237  6.872061E-02  6.985798E-02             0
             0  1.274885E-02     0.0139582  1.473605E-02  1.534464E-02  1.605229E-02  1.686319E-02  1.766465E-02     0.0182864  1.880991E-02  1.935929E-02  2.007793E-02  2.114965E-02     0.0224705     0.0238817  2.537668E-02  2.694825E-02  2.858888E-02  3.029079E-02  3.204607E-02
  3.384669E-02     0.0356844  3.755068E-02  3.943662E-02  4.133291E-02  4.322987E-02  4.511743E-02  4.698511E-02  4.882198E-02  5.061672E-02  5.214008E-02  5.340983E-02     0.0546388  5.562514E-02  5.639252E-02     0.0571371     0.0578579  5.855412E-02  5.922516E-02     0.0598706
  6.064513E-02  6.166167E-02  6.272194E-02      0.063685     0.0645565  6.534266E-02  6.604975E-02  6.731757E-02  6.932535E-02  7.025658E-02             0
             0  1.237685E-02     0.0135642  1.433561E-02  1.494178E-02  1.564956E-02  1.646406E-02     0.0172725  1.790159E-02     0.0184323  1.899024E-02  1.972125E-02     0.0208137  2.216295E-02  2.360648E-02  2.513692E-02  2.674644E-02  2.842697E-02  3.017038E-02  3.196853E-02
  3.381327E-02  3.569632E-02  3.760916E-02  3.954289E-02  4.148822E-02  4.343542E-02  4.537433E-02  4.729422E-02     0.0491837  5.103069E-02     0.0525984  5.390444E-02  5.516704E-02  5.617831E-02  5.696354E-02  5.772355E-02  5.845707E-02  5.916304E-02     0.0598407  6.048958E-02
  6.126452E-02  6.227408E-02  6.331688E-02  6.425584E-02  6.509919E-02  6.585524E-02  6.653173E-02  6.773938E-02  6.963475E-02      0.070455             0
             0  1.221525E-02     0.0133916  1.415908E-02  1.476333E-02  1.547026E-02  1.628545E-02  1.709635E-02  1.772839E-02  1.826214E-02  1.882381E-02  1.956037E-02  2.066231E-02  2.202466E-02  2.348305E-02  2.502969E-02  2.665641E-02  2.835489E-02  3.011687E-02  3.193412E-02
  3.379847E-02  3.570166E-02     0.0376352  3.959022E-02     0.0415575  4.352736E-02  4.548963E-02  4.743355E-02  4.934761E-02  5.121946E-02  5.280876E-02  5.413279E-02     0.0554124  5.643651E-02  5.723102E-02  5.799908E-02  5.873918E-02  5.945005E-02  6.013079E-02  6.078087E-02
  6.155506E-02  6.255931E-02  6.359126E-02  6.451647E-02  6.534467E-02  6.608519E-02  6.674643E-02  6.792489E-02     0.0697685  7.053978E-02             0
             0  1.212737E-02  1.329733E-02  1.406234E-02  1.466528E-02  1.537145E-02  1.618672E-02  1.699873E-02  1.763228E-02  1.816766E-02  1.873138E-02  1.947103E-02  2.057831E-02  2.194806E-02  2.341481E-02  2.497052E-02  2.660679E-02  2.831522E-02  3.008744E-02  3.191522E-02
  3.379035E-02     0.0357046  3.764951E-02  3.961627E-02  4.159566E-02  4.357806E-02  4.555333E-02  4.751069E-02  4.943863E-02  5.132467E-02  5.292644E-02      0.054261  5.555072E-02  5.658259E-02  5.738277E-02  5.815579E-02  5.889995E-02  5.961381E-02  6.029633E-02  6.094694E-02
  6.172027E-02  6.272066E-02  6.374543E-02      0.064662  6.548099E-02     0.0662123  6.686467E-02  6.802639E-02  6.984107E-02  7.058552E-02             0
             0     0.0120829     0.0132495  1.401315E-02  1.461533E-02      0.015321  1.613618E-02  1.694867E-02  1.758295E-02  1.811913E-02     0.0186839  1.942515E-02  2.053522E-02  2.190882E-02  2.337991E-02  2.494029E-02  2.658148E-02      0.028295  3.007245E-02  3.190559E-02
  3.378621E-02     0.0357061  3.765681E-02  3.962955E-02  4.161512E-02  4.360394E-02  4.558587E-02  4.755018E-02     0.0494853  5.137874E-02     0.0529871  5.432728E-02  5.562247E-02     0.0566586  5.746194E-02  5.823776E-02  5.898423E-02     0.0596998  6.038329E-02  6.103408E-02
  6.180673E-02  6.280465E-02  6.382522E-02  6.473695E-02  6.555092E-02  6.627731E-02  6.692498E-02  6.807794E-02  6.987774E-02  7.060854E-02             0
