 51            10 
             0  3.906471E-02  3.925396E-02  3.937127E-02  3.945681E-02  3.954952E-02  3.964919E-02     0.0397423  3.981187E-02  3.986912E-02  3.992792E-02  4.000333E-02  4.011276E-02  4.024346E-02  4.037944E-02  4.052036E-02  4.066584E-02  4.081548E-02  4.096889E-02  4.112566E-02
  4.128533E-02  4.144749E-02  4.161166E-02  4.177741E-02  4.194427E-02  4.211178E-02  4.227946E-02  4.244687E-02  4.261354E-02  4.277901E-02  4.292237E-02     0.0430441  4.316451E-02     0.0432636  4.334214E-02  4.341989E-02  4.349682E-02  4.357285E-02  4.364796E-02  4.372209E-02
  4.381346E-02  4.393854E-02  4.407684E-02  4.421016E-02  4.433817E-02  4.446058E-02     0.0445771  4.479782E-02  4.520458E-02  4.556603E-02             0
             0  3.906103E-02  3.925046E-02  3.936792E-02  3.945357E-02  3.954641E-02  3.964623E-02  3.973948E-02  3.980916E-02     0.0398665     0.0399254  4.000093E-02  4.011055E-02  4.024148E-02     0.0403777  4.051887E-02  4.066461E-02  4.081453E-02  4.096822E-02  4.112527E-02
  4.128524E-02  4.144768E-02  4.161216E-02     0.0417782  4.194535E-02  4.211314E-02  4.228111E-02  4.244879E-02  4.261572E-02  4.278144E-02      0.042925     0.0430469  4.316746E-02  4.326668E-02  4.334531E-02  4.342316E-02  4.350017E-02  4.357629E-02  4.365148E-02  4.372568E-02
  4.381714E-02  4.394232E-02  4.408073E-02  4.421414E-02  4.434223E-02     0.0444647  4.458126E-02  4.480204E-02  4.520877E-02  4.556992E-02             0
             0  3.900455E-02  3.919676E-02     0.0393164  3.940378E-02     0.0394986  3.960068E-02  3.969613E-02  3.976751E-02  3.982626E-02  3.988664E-02     0.0399641  4.007657E-02  4.021097E-02  4.035088E-02  4.049593E-02  4.064571E-02  4.079984E-02  4.095785E-02  4.111933E-02
  4.128379E-02  4.145078E-02  4.161981E-02     0.0417904  4.196205E-02  4.213427E-02  4.230655E-02  4.247841E-02  4.264936E-02  4.281892E-02  4.296565E-02  4.309014E-02  4.321316E-02     0.0433143  4.339441E-02  4.347366E-02  4.355201E-02     0.0436294  4.370578E-02  4.378111E-02
  4.387389E-02  4.400075E-02  4.414079E-02  4.427555E-02  4.440473E-02  4.452804E-02  4.464521E-02  4.486678E-02  4.527292E-02  4.562926E-02             0
             0  3.896401E-02  3.915808E-02     0.0392792  3.936777E-02  3.946397E-02  3.956762E-02  3.966464E-02  3.973721E-02  3.979697E-02  3.985841E-02  3.993725E-02  4.005177E-02  4.018869E-02  4.033129E-02  4.047918E-02  4.063195E-02  4.078917E-02     0.0409504  4.111516E-02
  4.128298E-02  4.145336E-02  4.162581E-02     0.0417998  4.197482E-02  4.215036E-02  4.232589E-02  4.250089E-02  4.267485E-02  4.284727E-02  4.299635E-02  4.312275E-02  4.324758E-02  4.335012E-02  4.343129E-02  4.351155E-02  4.359086E-02  4.366914E-02  4.374636E-02  4.382247E-02
  4.391615E-02  4.404412E-02  4.418519E-02  4.432077E-02  4.445055E-02  4.457427E-02  4.469167E-02  4.491338E-02  4.531815E-02  4.567007E-02             0
             0  3.893884E-02  3.913397E-02  3.925597E-02  3.934524E-02  3.944227E-02  3.954688E-02  3.964484E-02  3.971815E-02  3.977853E-02  3.984062E-02  3.992032E-02  4.003612E-02  4.017462E-02  4.031891E-02     0.0404686  4.062326E-02  4.078245E-02  4.094572E-02  4.111258E-02
  4.128254E-02     0.0414551  4.162974E-02  4.180592E-02  4.198312E-02  4.216081E-02  4.233843E-02  4.251546E-02  4.269138E-02  4.286564E-02  4.301624E-02  4.314388E-02  4.326985E-02  4.337328E-02  4.345513E-02  4.353603E-02  4.361592E-02  4.369476E-02  4.377249E-02  4.384907E-02
  4.394329E-02  4.407189E-02  4.421353E-02  4.434953E-02  4.447959E-02  4.460346E-02  4.472089E-02  4.494245E-02  4.534591E-02  4.569469E-02             0
             0  3.892332E-02  3.911906E-02  3.924157E-02  3.933126E-02  3.942879E-02  3.953396E-02     0.0396325  3.970626E-02  3.976702E-02  3.982951E-02  3.990974E-02  4.002633E-02  4.016582E-02  4.031116E-02  4.046197E-02  4.061781E-02  4.077824E-02  4.094279E-02  4.111098E-02
     0.0412823  4.145623E-02  4.163225E-02  4.180982E-02  4.198841E-02  4.216745E-02  4.234641E-02  4.252474E-02     0.0427019  4.287735E-02  4.302892E-02  4.315734E-02  4.328404E-02  4.338804E-02  4.347031E-02  4.355161E-02  4.363187E-02  4.371105E-02     0.0437891  4.386596E-02
  4.396049E-02  4.408947E-02  4.423142E-02  4.436763E-02  4.449781E-02  4.462171E-02     0.0447391  4.496047E-02     0.0453629  4.570958E-02             0
             0  3.891559E-02  3.911162E-02  3.923438E-02  3.932426E-02  3.942202E-02  3.952748E-02     0.0396263  3.970028E-02  3.976123E-02  3.982392E-02     0.0399044     0.0400214  4.016137E-02  4.030725E-02  4.045863E-02  4.061507E-02  4.077612E-02  4.094132E-02  4.111018E-02
  4.128218E-02  4.145681E-02  4.163353E-02  4.181181E-02  4.199109E-02  4.217083E-02  4.235047E-02  4.252947E-02  4.270726E-02  4.288333E-02     0.0430354  4.316422E-02     0.0432913  4.339558E-02  4.347807E-02  4.355957E-02  4.364002E-02  4.371937E-02  4.379757E-02  4.387457E-02
  4.396926E-02  4.409841E-02     0.0442405  4.437679E-02  4.450701E-02     0.0446309  4.474825E-02  4.496947E-02  4.537132E-02     0.0457169             0
             0  3.891229E-02  3.910844E-02  3.923129E-02  3.932126E-02  3.941912E-02     0.0395247  3.962364E-02  3.969771E-02  3.975875E-02  3.982152E-02  3.990212E-02  4.001928E-02  4.015947E-02  4.030557E-02  4.045719E-02  4.061389E-02  4.077521E-02  4.094069E-02  4.110983E-02
  4.128213E-02  4.145706E-02  4.163408E-02  4.181266E-02  4.199225E-02  4.217229E-02  4.235223E-02  4.253151E-02  4.270958E-02     0.0428859  4.303819E-02  4.316719E-02  4.329443E-02  4.339884E-02  4.348143E-02  4.356301E-02  4.364355E-02  4.372297E-02  4.380123E-02  4.387829E-02
  4.397305E-02  4.410227E-02  4.424442E-02  4.438074E-02  4.451097E-02  4.463485E-02  4.475218E-02  4.497332E-02  4.537492E-02  4.572002E-02             0
             0     0.0389105  3.910672E-02  3.922963E-02  3.931963E-02  3.941755E-02     0.0395232     0.0396222  3.969632E-02     0.0397574  3.982022E-02  3.990088E-02  4.001813E-02  4.015844E-02  4.030466E-02  4.045641E-02  4.061325E-02  4.077472E-02  4.094035E-02  4.110965E-02
     0.0412821  4.145719E-02  4.163438E-02  4.181312E-02  4.199288E-02  4.217308E-02  4.235318E-02  4.253261E-02  4.271084E-02     0.0428873  4.303971E-02     0.0431688  4.329614E-02  4.340062E-02  4.348325E-02  4.356488E-02  4.364546E-02  4.372492E-02  4.380323E-02  4.388031E-02
     0.0439751  4.410436E-02  4.424654E-02  4.438288E-02  4.451311E-02  4.463699E-02     0.0447543  4.497541E-02  4.537686E-02  4.572169E-02             0
             0  3.890961E-02  3.910585E-02  3.922879E-02  3.931882E-02  3.941676E-02  3.952244E-02  3.962147E-02  3.969562E-02  3.975673E-02  3.981957E-02  3.990025E-02  4.001755E-02  4.015791E-02  4.030421E-02  4.045602E-02  4.061293E-02  4.077447E-02  4.094018E-02  4.110955E-02
  4.128209E-02  4.145726E-02  4.163453E-02  4.181336E-02  4.199319E-02  4.217348E-02  4.235366E-02  4.253317E-02  4.271147E-02  4.288801E-02  4.304048E-02  4.316962E-02      0.043297  4.340151E-02  4.348417E-02  4.356583E-02  4.364643E-02  4.372591E-02  4.380423E-02  4.388134E-02
  4.397614E-02  4.410542E-02  4.424761E-02  4.438396E-02  4.451419E-02  4.463807E-02  4.475537E-02  4.497646E-02  4.537783E-02  4.572254E-02             0
