0.016 0.016 0.016 0.016 0.015 0.015 0.015 0.015 0.015 0.015 0.015 0.015 0.015 0.0145 0.0135 0.012 0.012 0.012 0.011 0.011 0.011 0.011 0.01 0.01 0.01 9.00E-03 9.00E-03 9.00E-03 0.008 0.008 0.008 0.008 0.008 0.008 0.008 0.007 0.007 0.007 0.007 0.006 0.006 0.006 0.005 0.005 0.005 0.003 0.003 0.003 0.003 0.003 0.003
0.016 0.016 0.016 0.016 0.015 0.015 0.015 0.015 0.015 0.015 0.015 0.015 0.015 0.0145 0.0135 0.012 0.012 0.012 0.011 0.011 0.011 0.011 0.01 0.01 0.01 9.00E-03 9.00E-03 9.00E-03 0.008 0.008 0.008 0.008 0.008 0.008 0.008 0.007 0.007 0.007 0.007 0.006 0.006 0.006 0.005 0.005 0.005 0.003 0.003 0.003 0.003 0.003 0.003
0.016 0.016 0.016 0.016 0.015 0.015 0.015 0.015 0.015 0.015 0.015 0.015 0.015 0.0145 0.0135 0.012 0.012 0.012 0.011 0.011 0.011 0.011 0.01 0.01 0.01 9.00E-03 9.00E-03 9.00E-03 0.008 0.008 0.008 0.008 0.008 0.008 0.008 0.007 0.007 0.007 0.007 0.006 0.006 0.006 0.005 0.005 0.005 0.003 0.003 0.003 0.003 0.003 0.003
0.016 0.016 0.016 0.016 0.015 0.015 0.015 0.015 0.015 0.015 0.015 0.015 0.015 0.0145 0.0135 0.012 0.012 0.012 0.011 0.011 0.011 0.011 0.01 0.01 0.01 9.00E-03 9.00E-03 9.00E-03 0.008 0.008 0.008 0.008 0.008 0.008 0.008 0.007 0.007 0.007 0.007 0.006 0.006 0.006 0.005 0.005 0.005 0.003 0.003 0.003 0.003 0.003 0.003
0.016 0.016 0.016 0.016 0.015 0.015 0.015 0.015 0.015 0.015 0.015 0.015 0.015 0.0145 0.0135 0.012 0.012 0.012 0.011 0.011 0.011 0.011 0.01 0.01 0.01 9.00E-03 9.00E-03 9.00E-03 0.008 0.008 0.008 0.008 0.008 0.008 0.008 0.007 0.007 0.007 0.007 0.006 0.006 0.006 0.005 0.005 0.005 0.003 0.003 0.003 0.003 0.003 0.003
0.016 0.016 0.016 0.016 0.015 0.015 0.015 0.015 0.015 0.015 0.015 0.015 0.015 0.0145 0.0135 0.012 0.012 0.012 0.011 0.011 0.011 0.011 0.01 0.01 0.01 9.00E-03 9.00E-03 9.00E-03 0.008 0.008 0.008 0.008 0.008 0.008 0.008 0.007 0.007 0.007 0.007 0.006 0.006 0.006 0.005 0.005 0.005 0.003 0.003 0.003 0.003 0.003 0.003
0.016 0.016 0.016 0.016 0.015 0.015 0.015 0.015 0.015 0.015 0.015 0.015 0.015 0.0145 0.0135 0.012 0.012 0.012 0.011 0.011 0.011 0.011 0.01 0.01 0.01 9.00E-03 9.00E-03 9.00E-03 0.008 0.008 0.008 0.008 0.008 0.008 0.008 0.007 0.007 0.007 0.007 0.006 0.006 0.006 0.005 0.005 0.005 0.003 0.003 0.003 0.003 0.003 0.003
0.016 0.016 0.016 0.016 0.015 0.015 0.015 0.015 0.015 0.015 0.015 0.015 0.015 0.0145 0.0135 0.012 0.012 0.012 0.011 0.011 0.011 0.011 0.01 0.01 0.01 9.00E-03 9.00E-03 9.00E-03 0.008 0.008 0.008 0.008 0.008 0.008 0.008 0.007 0.007 0.007 0.007 0.006 0.006 0.006 0.005 0.005 0.005 0.003 0.003 0.003 0.003 0.003 0.003
0.016 0.016 0.016 0.016 0.015 0.015 0.015 0.015 0.015 0.015 0.015 0.015 0.015 0.0145 0.0135 0.012 0.012 0.012 0.011 0.011 0.011 0.011 0.01 0.01 0.01 9.00E-03 9.00E-03 9.00E-03 0.008 0.008 0.008 0.008 0.008 0.008 0.008 0.007 0.007 0.007 0.007 0.006 0.006 0.006 0.005 0.005 0.005 0.003 0.003 0.003 0.003 0.003 0.003
0.016 0.016 0.016 0.016 0.015 0.015 0.015 0.015 0.015 0.015 0.015 0.015 0.015 0.0145 0.0135 0.012 0.012 0.012 0.011 0.011 0.011 0.011 0.01 0.01 0.01 9.00E-03 9.00E-03 9.00E-03 0.008 0.008 0.008 0.008 0.008 0.008 0.008 0.007 0.007 0.007 0.007 0.006 0.006 0.006 0.005 0.005 0.005 0.003 0.003 0.003 0.003 0.003 0.003
