 51            10 
             0    -0.2680372    -0.2590242    -0.2518745    -0.2462409    -0.2397488    -0.2324036    -0.2252387     -0.219732    -0.2151223    -0.2103114    -0.2040507    -0.1947803    -0.1834521    -0.1714418    -0.1588097    -0.1456178     -0.131923    -0.1177905    -0.1033015
 -8.858865E-02 -7.408818E-02 -5.952814E-02 -4.184559E-02 -2.444968E-02 -7.340018E-03  9.477241E-03  2.598259E-02  4.214052E-02  5.790007E-02  7.128429E-02  8.245744E-02  9.329388E-02     0.1020075     0.1087906     0.1153691      0.121724     0.1278337     0.1336736     0.1392152
     0.1457299      0.155431     0.1661863     0.1774509     0.1892778     0.1997442     0.2090897      0.225859     0.2534586     0.2763764             0
             0    -0.2732062    -0.2641456    -0.2569118    -0.2512252    -0.2446913    -0.2372832    -0.2300361    -0.2244534    -0.2197724    -0.2148782    -0.2084964    -0.1990176    -0.1873978    -0.1750488     -0.162066    -0.1485412    -0.1344773    -0.1199238    -0.1049647
 -8.973772E-02 -7.461385E-02 -5.825395E-02 -4.028834E-02 -2.288592E-02 -5.736746E-03  1.119132E-02  2.789384E-02  4.433269E-02  6.044872E-02  7.420712E-02  8.574621E-02  9.700388E-02     0.1061273     0.1132768     0.1202673     0.1270904     0.1337373     0.1401908     0.1464132
     0.1537983     0.1644149     0.1756089     0.1864114     0.1965421      0.205769     0.2142823     0.2299547     0.2564549      0.278428             0
             0    -0.3511477    -0.3416365    -0.3335083    -0.3269177    -0.3191178    -0.3100206    -0.3008815    -0.2937096    -0.2876258    -0.2811947     -0.272722    -0.2599578    -0.2440509    -0.2269167    -0.2087098    -0.1895885    -0.1695865    -0.1488028    -0.1273845
    -0.1055542 -8.386817E-02 -6.043019E-02    -0.0347445 -9.938466E-03  1.440671E-02  3.830509E-02     0.0617126  8.453158E-02       0.10663     0.1252052      0.140566     0.1553072      0.167028     0.1760832     0.1848005     0.1931665     0.2011694     0.2087893     0.2159851
     0.2243377     0.2358866     0.2474618      0.257956     0.2672059     0.2750631      0.281793     0.2932311     0.3078425      0.312271             0
             0     -0.428211    -0.4223176    -0.4157698    -0.4099057    -0.4023505    -0.3928527    -0.3826666    -0.3743265    -0.3670717    -0.3592267    -0.3486799    -0.3323717    -0.3114913    -0.2885734    -0.2639187    -0.2378509    -0.2104932    -0.1820357    -0.1527124
    -0.1228421 -9.318949E-02 -6.117469E-02 -2.606584E-02  7.884173E-03  4.125743E-02  7.406676E-02     0.1062253     0.1375449     0.1677581     0.1929427     0.2135532     0.2330385     0.2482162     0.2597407     0.2706086     0.2807879     0.2902541     0.2989808     0.3069262
     0.3157767     0.3271105     0.3372704     0.3451815     0.3510209     0.3549255     0.3573147     0.3596312     0.3546696     0.3385767             0
             0    -0.4908026    -0.4933264    -0.4917797    -0.4890629    -0.4841627    -0.4764567    -0.4667441    -0.4580275    -0.4500597    -0.4410776    -0.4285804    -0.4084751    -0.3818407    -0.3521121    -0.3199455    -0.2860218    -0.2506371    -0.2141007    -0.1767168
    -0.1388521    -0.1014057    -0.0610574 -1.672816E-02  2.634761E-02  6.901955E-02     0.1113999     0.1534435     0.1949205     0.2354152     0.2694607     0.2973694       0.32363     0.3437976     0.3588589     0.3727263     0.3852939      0.396482     0.4062319     0.4144994
     0.4229192     0.4317655     0.4371838     0.4386783     0.4373324     0.4339318     0.4291315     0.4177284     0.3898572     0.3558449             0
             0    -0.5385147    -0.5533349    -0.5605463    -0.5640115     -0.565177    -0.5626609    -0.5558241    -0.5478488    -0.5396665    -0.5296268    -0.5147818    -0.4894758    -0.4548133    -0.4159974    -0.3744434    -0.3314207    -0.2874024    -0.2427408    -0.1976978
    -0.1525621    -0.1082265 -6.060154E-02 -8.162973E-03  4.315562E-02  9.461276E-02     0.1466112     0.1993771     0.2528946     0.3068424     0.3537754     0.3931822      0.430976      0.460239     0.4819677     0.5015908     0.5186887     0.5329033     0.5439847     0.5518425
     0.5577509     0.5587232     0.5521134     0.5398784     0.5251814     0.5098985     0.4947328     0.4656194     0.4148984     0.3668992             0
             0    -0.5664679    -0.5929575    -0.6104241    -0.6221948    -0.6329556    -0.6404254    -0.6408119    -0.6357551    -0.6281854     -0.616831    -0.5981744    -0.5643263    -0.5180154    -0.4678228    -0.4160554    -0.3643334    -0.3129424    -0.2619714    -0.2114195
     -0.161346    -0.1125027 -6.019355E-02 -2.499328E-03  5.432566E-02     0.1119694     0.1712617     0.2329623     0.2977228     0.3660273     0.4289962     0.4846709     0.5411889     0.5874985     0.6229371     0.6554762     0.6835064     0.7052727      0.719238     0.7247418
     0.7221697     0.7016671     0.6686647     0.6321527     0.5977736     0.5677076     0.5414478     0.4958425     0.4287327     0.3725433             0
             0    -0.5793289    -0.6125184     -0.636868      -0.65501    -0.6745166    -0.6934278     -0.705161    -0.7064471    -0.7009592     -0.687201    -0.6617895    -0.6159751    -0.5574284    -0.4976483    -0.4385903     -0.381386    -0.3257614    -0.2714079    -0.2180464
     -0.165541    -0.1145254 -5.998047E-02  2.303379E-04  5.973473E-02     0.1204774     0.1835817     0.2502295       0.32171     0.3995038     0.4745664     0.5441957     0.6194443     0.6862243     0.7405783     0.7938572      0.842537     0.8811569     0.9026017     0.9011508
     0.8784894     0.8200851     0.7521579     0.6907606     0.6396669     0.5988511     0.5654441     0.5102701     0.4349206     0.3749809             0
             0    -0.5865247    -0.6239003    -0.6529806     -0.675958    -0.7031169     -0.734515    -0.7639357    -0.7806295     -0.783089    -0.7612014    -0.7201481    -0.6562896    -0.5847958    -0.5168848    -0.4524577     -0.391568    -0.3332658    -0.2768598    -0.2218415
    -0.1679292    -0.1156715 -5.985484E-02  1.789659E-03  6.283329E-02     0.1253834     0.1907619     0.2604554     0.3362562     0.4205301     0.5045866     0.5856096      0.678131     0.7671101     0.8451867       0.92948      1.016576      1.096869      1.147376      1.118163
      1.045108     0.9253109     0.8159474     0.7311411     0.6665112     0.6178992     0.5796956      0.518495     0.4383339     0.3763028             0
             0    -0.5902321      -0.62993    -0.6618481    -0.6880226    -0.7210908    -0.7650706    -0.8222697    -0.8823732    -0.9287911    -0.8628499    -0.7782638    -0.6864369    -0.6021165    -0.5280478    -0.4601389    -0.3970619    -0.3372523     -0.279728    -0.2238256
    -0.1691727    -0.1162665 -5.978815E-02  2.603055E-03  6.445283E-02     0.1279593     0.1945599     0.2659273     0.3441809     0.4323152     0.5221381      0.611142     0.7173429     0.8272587     0.9319996      1.059895      1.220294      1.426711      1.697265      1.452219
      1.229466      1.013351     0.8599146     0.7559718     0.6818842     0.6283721     0.5873501      0.522785     0.4400762     0.3769705             0
