 51            10 
             0  6.763788E-03  7.725933E-03  8.367751E-03  8.862949E-03  9.427815E-03  1.006209E-02  1.067661E-02  1.114663E-02  1.153884E-02  1.194696E-02  1.247655E-02  1.325768E-02  1.420822E-02  1.521327E-02  1.626928E-02  1.737248E-02  1.851888E-02  1.970431E-02  2.092444E-02
  2.217476E-02  2.345064E-02     0.0247473  2.605983E-02  2.738325E-02  2.871257E-02  3.004284E-02  3.136921E-02  3.268695E-02     0.0339915  3.511764E-02  3.607099E-02  3.701077E-02  3.778129E-02  3.839041E-02  3.899181E-02  3.958508E-02  4.016984E-02  4.074571E-02  4.131234E-02
  4.200865E-02  4.295732E-02  4.399962E-02  4.499804E-02  4.595084E-02  4.685661E-02  4.771413E-02  4.933076E-02  5.228104E-02  5.472288E-02             0
             0   6.63151E-03     0.0075952  8.240615E-03  8.738937E-03   9.30762E-03  9.946414E-03     0.0105655     0.0110391  1.143437E-02  1.184571E-02  1.237955E-02  1.316708E-02  1.412559E-02  1.513926E-02  1.620448E-02  1.731743E-02  1.847406E-02  1.967014E-02  2.090126E-02
  2.216283E-02  2.345014E-02  2.475831E-02  2.608234E-02  2.741715E-02  2.875765E-02  3.009879E-02  3.143563E-02  3.276333E-02  3.407726E-02      0.035211  3.617046E-02     0.0371159  3.789075E-02  3.850312E-02  3.910755E-02  3.970363E-02  4.029097E-02     0.0408692  4.143796E-02
  4.213665E-02  4.308806E-02  4.413261E-02  4.513244E-02  4.608586E-02  4.699152E-02  4.784828E-02  4.946222E-02  5.240075E-02     0.0548177             0
             0   4.57165E-03  5.555839E-03  6.255284E-03  6.800984E-03  7.427989E-03  8.136136E-03  8.825708E-03  9.354953E-03  9.797555E-03  1.025904E-02  1.085907E-02  1.174649E-02  1.282991E-02  1.397871E-02  1.518861E-02  1.645498E-02  1.777285E-02  1.913693E-02  2.054164E-02
  2.198117E-02  2.344945E-02  2.494017E-02     0.0264468  2.796266E-02  2.948104E-02  3.099524E-02  3.249868E-02  3.398494E-02  3.544786E-02  3.670238E-02  3.775858E-02  3.879351E-02  3.963655E-02  4.029996E-02  4.095183E-02  4.159168E-02  4.221909E-02  4.283364E-02  4.343499E-02
  4.416975E-02  4.516195E-02  4.623872E-02  4.725704E-02  4.821618E-02  4.911584E-02  4.995613E-02  5.151882E-02  5.425509E-02  5.626869E-02             0
             0   2.92907E-03   3.90557E-03  4.634235E-03   5.20866E-03  5.873835E-03  6.630167E-03   7.37116E-03  7.942266E-03  8.421135E-03  8.921685E-03  9.574034E-03  1.054202E-02  1.172839E-02  1.299052E-02  1.432347E-02  1.572177E-02  1.717951E-02     0.0186904  2.024781E-02
     0.0218448  2.347415E-02  2.512831E-02     0.0267994     0.0284793  3.015975E-02  3.183242E-02  3.348898E-02  3.512122E-02  3.672111E-02  3.808599E-02  3.922983E-02  4.034475E-02  4.124757E-02  4.195495E-02     0.0426468  4.332257E-02  4.398173E-02  4.462386E-02  4.524858E-02
  4.600735E-02  4.702239E-02  4.810955E-02  4.912379E-02  5.006589E-02  5.093728E-02  5.173991E-02     0.0532121  5.568962E-02  5.731097E-02             0
             0  1.825802E-03  2.777349E-03  3.513885E-03  4.099868E-03   4.78355E-03   5.56622E-03  6.337828E-03  6.935105E-03  7.437265E-03   7.96349E-03  8.650921E-03   9.67425E-03  1.093308E-02  1.227629E-02  1.369817E-02  1.519241E-02  1.675224E-02  1.837054E-02     0.0200399
  2.175266E-02  2.350089E-02  2.527632E-02  2.707032E-02  2.887389E-02     0.0306778  3.247254E-02  3.424846E-02  3.599575E-02  3.770458E-02  3.915767E-02  4.037149E-02  4.154988E-02  4.249947E-02  4.324071E-02  4.396271E-02  4.466471E-02  4.534612E-02  4.600642E-02  4.664523E-02
  4.741655E-02  4.843884E-02  4.951961E-02  5.051459E-02  5.142668E-02  5.225956E-02     0.0530173  5.439086E-02  5.663221E-02  5.795797E-02             0
             0  1.106722E-03  2.028484E-03  2.761574E-03  3.349288E-03   4.03958E-03  4.834788E-03  5.623425E-03  6.236413E-03  6.753108E-03  7.295861E-03  8.006449E-03  9.067357E-03  1.037657E-02  1.177684E-02  1.326157E-02  1.482358E-02  1.645533E-02  1.814903E-02  1.989678E-02
  2.169052E-02  2.352201E-02  2.538273E-02  2.726375E-02  2.915577E-02  3.104911E-02  3.293369E-02  3.479903E-02     0.0366342  3.842787E-02  3.995086E-02  4.122065E-02  4.245002E-02  4.343699E-02  4.420503E-02  4.495043E-02  4.567222E-02  4.636959E-02  4.704193E-02  4.768882E-02
  4.846538E-02  4.948518E-02  5.054982E-02     0.0515179  5.239506E-02  5.318755E-02  5.390161E-02  5.518472E-02  5.723695E-02  5.835657E-02             0
             0  7.347202E-04  1.634487E-03  2.361134E-03  2.946422E-03  3.636849E-03  4.435653E-03  5.231271E-03  5.851602E-03  6.375498E-03  6.926803E-03  7.649764E-03  8.731411E-03  1.006902E-02  1.150161E-02  1.302181E-02  1.462177E-02  1.629342E-02  1.802862E-02  1.981924E-02
     0.0216571  2.353393E-02  2.544121E-02  2.737002E-02  2.931107E-02  3.125466E-02  3.319059E-02  3.510813E-02  3.699592E-02  3.884184E-02  4.040918E-02  4.171526E-02  4.297826E-02  4.399015E-02  4.477605E-02  4.553689E-02  4.627139E-02     0.0469785  4.765746E-02     0.0483078
  4.908478E-02  5.009759E-02  5.114476E-02  5.208874E-02  5.293776E-02  5.370012E-02  5.438359E-02  5.560654E-02  5.754635E-02  5.855499E-02             0
             0  5.731224E-04  1.461888E-03  2.184606E-03  2.767978E-03  3.457547E-03  4.257047E-03  5.055119E-03  5.678397E-03  6.205333E-03  6.760381E-03  7.488888E-03   8.58002E-03  9.930733E-03  1.137819E-02  1.291459E-02  1.453174E-02  1.622135E-02  1.797511E-02  1.978483E-02
     0.0216423  2.353927E-02  2.546724E-02  2.741735E-02  2.938036E-02     0.0313466  3.330589E-02  3.524746E-02  3.715983E-02  3.903062E-02  4.061954E-02  4.194361E-02  4.322362E-02  4.424835E-02  4.504354E-02  4.581242E-02     0.0465535  4.726551E-02  4.794755E-02     0.0485991
  4.937532E-02  5.038283E-02  5.141915E-02  5.234937E-02  5.318324E-02  5.393007E-02  5.459829E-02  5.579205E-02  5.768011E-02  5.863977E-02             0
             0  4.852401E-04   1.36762E-03  2.087865E-03  2.669929E-03  3.358735E-03  4.158311E-03  4.957505E-03  5.582292E-03  6.110851E-03   6.66795E-03  7.399545E-03  8.496025E-03  9.854135E-03  1.130995E-02  1.285541E-02  1.448213E-02  1.618167E-02  1.794569E-02  1.976592E-02
  2.163418E-02  2.354221E-02  2.548156E-02     0.0274434  2.941853E-02     0.0313973  3.336958E-02  3.532461E-02  3.725085E-02  3.913582E-02  4.073722E-02  4.207183E-02  4.336194E-02  4.439444E-02  4.519529E-02  4.596913E-02  4.671427E-02  4.742927E-02     0.0481131  4.876516E-02
  4.954053E-02  5.054417E-02  5.157331E-02     0.0524949  5.331955E-02  5.405719E-02  5.471653E-02  5.589355E-02  5.775268E-02  5.868551E-02             0
             0  4.407755E-04  1.319791E-03  2.038671E-03  2.619978E-03  3.308285E-03   4.10778E-03  4.907447E-03  5.532955E-03  6.062322E-03  6.620468E-03  7.353662E-03  8.452932E-03  9.814898E-03  1.127505E-02  1.282518E-02  1.445681E-02  1.616145E-02     0.0179307  1.975629E-02
  2.163004E-02  2.354371E-02  2.548885E-02  2.745667E-02  2.943799E-02  3.142317E-02  3.340213E-02  3.536409E-02  3.729752E-02     0.0391899  4.079788E-02     0.0421381  4.343368E-02  4.447045E-02  4.527446E-02     0.0460511  4.679855E-02  4.751527E-02  4.820006E-02  4.885231E-02
  4.962699E-02  5.062816E-02     0.0516531  5.256985E-02  5.338949E-02  5.412219E-02  5.477684E-02     0.0559451  5.778934E-02  5.870854E-02             0
