 51            10 
             0    -0.0132184 -1.173797E-02 -1.058385E-02 -9.677294E-03 -8.635284E-03 -7.460416E-03 -6.319105E-03 -5.444848E-03 -4.714665E-03 -3.954307E-03 -2.966939E-03 -1.509304E-03  2.662721E-04  2.145261E-03  4.120905E-03  6.186016E-03   8.33302E-03  1.055399E-02  1.284068E-02
  1.518455E-02     0.0175768  2.000835E-02  2.246978E-02  2.495155E-02     0.0274441  2.993798E-02  3.242393E-02  3.489295E-02  3.733636E-02     0.0394447  4.122894E-02  4.298712E-02  4.442805E-02  4.556684E-02  4.669087E-02  4.779938E-02  4.889163E-02  4.996694E-02  5.102463E-02
  5.232397E-02  5.409329E-02  5.603585E-02  5.789523E-02  5.966834E-02  6.135263E-02  6.294604E-02  6.594794E-02  7.142337E-02  7.660549E-02             0
             0    -0.0134863 -1.199789E-02 -1.083632E-02 -9.923548E-03 -8.873998E-03 -7.690226E-03 -6.539905E-03 -5.658553E-03 -4.922343E-03 -4.155607E-03 -3.159835E-03 -1.689532E-03  1.018516E-04  1.997915E-03  3.991815E-03  6.076263E-03  8.243565E-03  1.048566E-02  1.279416E-02
  1.516037E-02  1.757532E-02  2.002972E-02  2.251399E-02  2.501838E-02  2.753315E-02  3.004863E-02  3.255536E-02  3.504416E-02  3.750617E-02  3.962962E-02  4.142597E-02  4.319537E-02  4.464489E-02  4.579012E-02  4.692015E-02  4.803421E-02  4.913157E-02  5.021153E-02  5.127342E-02
  5.257745E-02  5.435215E-02  5.629911E-02  5.816122E-02  5.993548E-02  6.161948E-02  6.321128E-02  6.620768E-02  7.165942E-02  7.679297E-02             0
             0 -1.765928E-02 -1.605378E-02    -0.0147803 -1.377315E-02    -0.0126084 -1.128775E-02 -9.998218E-03 -9.006895E-03 -8.177083E-03 -7.311135E-03 -6.184374E-03 -4.516233E-03 -2.477324E-03 -3.133325E-04  1.967571E-03  4.356485E-03  6.843853E-03  9.419523E-03  1.207281E-02
  1.479254E-02  1.756708E-02  2.038431E-02  2.323158E-02  2.609594E-02  2.896438E-02  3.182394E-02  3.466189E-02  3.746586E-02  4.022396E-02  4.258731E-02  4.457575E-02  4.652276E-02  4.810752E-02  4.935391E-02  5.057789E-02  5.177859E-02  5.295517E-02  5.410688E-02  5.523305E-02
  5.660808E-02     0.0584628  6.047242E-02     0.0623698  6.415381E-02  6.582424E-02  6.738164E-02  7.027284E-02  7.531617E-02  7.966054E-02             0
             0 -2.099763E-02 -1.934855E-02    -0.0180143 -1.695041E-02 -1.571073E-02    -0.0142953 -1.290428E-02 -1.183015E-02 -1.092849E-02 -9.985071E-03  -8.75442E-03 -6.926109E-03 -4.682214E-03 -2.292321E-03  2.339996E-04  2.886164E-03  5.652728E-03  8.521517E-03  1.147973E-02
  1.451399E-02  1.761037E-02  2.075428E-02  2.393038E-02  2.712284E-02  3.031552E-02  3.349219E-02  3.663663E-02  3.973283E-02  4.276513E-02     0.0453494  4.751319E-02  4.962014E-02  5.132433E-02  5.265848E-02  5.396219E-02  5.523435E-02  5.647402E-02  5.768034E-02  5.885264E-02
     0.0602748  6.217373E-02  6.420218E-02  6.608922E-02  6.783687E-02  6.944844E-02  7.092823E-02  7.363411E-02  7.815307E-02     0.0817231             0
             0 -2.324626E-02 -2.160984E-02 -2.025958E-02 -1.917389E-02 -1.789889E-02 -1.643242E-02 -1.498134E-02 -1.385551E-02 -1.290769E-02 -1.191322E-02 -1.061265E-02 -8.673691E-03 -6.284558E-03 -3.731909E-03 -1.026929E-03  1.818021E-03  4.789709E-03  7.874264E-03  1.105733E-02
  1.432409E-02  1.765927E-02  2.104691E-02  2.447014E-02  2.791143E-02     0.0313527  3.477543E-02  3.816071E-02  4.148932E-02  4.474194E-02  4.750475E-02  4.981026E-02  5.204572E-02     0.0538445  5.524707E-02  5.661154E-02  5.793647E-02  5.922067E-02  6.046314E-02  6.166318E-02
     0.0631096  6.502122E-02  6.703411E-02  6.887937E-02  7.056352E-02  7.209455E-02     0.0734812  7.598361E-02  8.002139E-02  8.300462E-02             0
             0 -2.471531E-02 -2.311651E-02 -2.177458E-02 -2.068741E-02    -0.0194014 -1.791185E-02 -1.642802E-02 -1.527137E-02 -1.429477E-02 -1.326734E-02 -1.192032E-02 -9.905541E-03 -7.414313E-03 -4.745859E-03 -1.913324E-03  1.069036E-03  4.186336E-03  7.423371E-03  1.076477E-02
  1.419499E-02  1.769822E-02  2.125806E-02  2.485716E-02  2.847738E-02  3.209989E-02  3.570507E-02  3.927246E-02  4.278063E-02  4.620722E-02  4.911387E-02  5.153487E-02  5.387568E-02  5.575178E-02  5.720973E-02  5.862248E-02  5.998801E-02  6.130471E-02  6.257134E-02     0.0637871
     0.0652428  6.714661E-02  6.912268E-02  7.090895E-02  7.251798E-02  7.396325E-02  7.525809E-02  7.757191E-02  8.122215E-02     0.0837946             0
             0 -2.547672E-02 -2.391211E-02 -2.258513E-02 -2.150491E-02 -2.022095E-02 -1.872637E-02 -1.722999E-02 -1.605926E-02 -1.506848E-02 -1.402388E-02 -1.265172E-02 -1.059432E-02 -8.044396E-03 -5.309165E-03 -2.403585E-03  6.566035E-04  3.855428E-03  7.176964E-03  1.060543E-02
  1.412512E-02  1.772022E-02  2.137443E-02  2.507048E-02  2.879038E-02  3.251531E-02  3.622559E-02  3.990039E-02  4.351752E-02  4.705321E-02  5.005335E-02  5.255142E-02  5.496423E-02  5.689404E-02  5.839058E-02  5.983667E-02  6.122955E-02  6.256692E-02  6.384712E-02  6.506921E-02
      0.066524  6.840959E-02     0.0703444     0.0720759  7.362258E-02  7.500245E-02  7.623186E-02  7.841863E-02  8.183729E-02  8.418801E-02             0
             0 -2.580776E-02    -0.0242613 -2.294352E-02 -2.186844E-02 -2.058773E-02 -1.909331E-02    -0.0175931 -1.641693E-02 -1.542021E-02 -1.436805E-02 -1.298442E-02 -1.090707E-02 -8.329508E-03 -5.563075E-03 -2.623754E-03   4.71985E-04  3.707695E-03  7.067184E-03  1.053455E-02
     0.0140941  1.773006E-02  2.142629E-02  2.516564E-02  2.893027E-02  3.270151E-02  3.645978E-02     0.0401843  4.385276E-02  4.744099E-02  5.048747E-02  5.302469E-02  5.547515E-02  5.743387E-02  5.895152E-02  6.041607E-02  6.182405E-02     0.0631725  6.445927E-02  6.568324E-02
  6.713475E-02  6.900574E-02  7.091355E-02  7.261264E-02  7.412492E-02  7.547048E-02  7.666691E-02     0.0787916  8.210336E-02  8.435611E-02             0
             0 -2.598787E-02 -2.445221E-02 -2.314025E-02 -2.206866E-02 -2.079053E-02 -1.929709E-02 -1.779549E-02 -1.661669E-02 -1.561684E-02 -1.456049E-02 -1.317034E-02    -0.0110815 -8.488057E-03 -5.703878E-03 -2.745551E-03  3.700556E-04  3.626256E-03  7.006736E-03  1.049556E-02
  1.407703E-02  1.773548E-02  2.145483E-02  2.521804E-02  2.900738E-02  3.280429E-02  3.658932E-02  4.034176E-02  4.403932E-02  4.765774E-02  5.073131E-02  5.329186E-02  5.576523E-02  5.774207E-02  5.927322E-02  6.074982E-02  6.216781E-02  6.352361E-02  6.481443E-02  6.603885E-02
  6.748687E-02  6.934639E-02  7.123553E-02  7.291371E-02  7.440475E-02  7.572977E-02     0.0769069  7.899583E-02  8.224776E-02  8.444682E-02             0
             0 -2.607903E-02 -2.454913E-02 -2.324041E-02 -2.217084E-02 -2.089435E-02    -0.0194018 -1.789987E-02 -1.671991E-02 -1.571855E-02 -1.466002E-02    -0.0132664 -1.117139E-02 -8.569531E-03 -5.776058E-03 -2.807869E-03  3.179801E-04  3.584695E-03  6.975911E-03  1.047568E-02
  1.406834E-02  1.773825E-02  2.146937E-02  2.524476E-02  2.904671E-02  3.285678E-02  3.665556E-02  4.042242E-02  4.413511E-02  4.776938E-02  5.085738E-02  5.343054E-02  5.591659E-02  5.790376E-02  5.944284E-02  6.092676E-02  6.235109E-02  6.371167E-02  6.500506E-02  6.622919E-02
  6.767402E-02     0.0695255  7.140317E-02  7.306933E-02  7.454862E-02  7.586256E-02  7.702943E-02  7.909962E-02  8.232073E-02  8.449249E-02             0
