 51            10 
             0    -0.2680681    -0.2584117     -0.250174    -0.2445184    -0.2387118    -0.2317052    -0.2245716    -0.2189417    -0.2141475    -0.2090552    -0.2023028    -0.1919855    -0.1796806    -0.1667361    -0.1543398    -0.1426416    -0.1296869    -0.1156604    -0.1006799
 -8.479818E-02 -6.799947E-02 -5.171866E-02 -3.602155E-02 -1.955354E-02 -3.658262E-03  1.149284E-02  2.692789E-02  4.247897E-02  5.800584E-02  7.147153E-02  8.290207E-02  9.420595E-02     0.1035175     0.1109099     0.1177866     0.1241425     0.1304283     0.1366351     0.1427539
     0.1502817     0.1605401     0.1718002     0.1825835     0.1928996     0.2022277     0.2105495     0.2261731     0.2533434     0.2764365             0
             0     -0.273647    -0.2646332    -0.2572477    -0.2515455    -0.2452907    -0.2379892    -0.2308225    -0.2253053    -0.2206805    -0.2158416    -0.2095124    -0.1999778    -0.1883662    -0.1757107     -0.162508    -0.1495343    -0.1355648    -0.1208922    -0.1056197
 -8.982395E-02      -0.07327 -5.663164E-02 -4.024553E-02 -2.311214E-02  -6.27723E-03   9.94253E-03  2.630033E-02  4.262198E-02  5.877144E-02  7.257072E-02  8.415012E-02  9.548688E-02     0.1047784     0.1121823      0.119166      0.125696     0.1321774     0.1385777     0.1448868
     0.1526423     0.1630988     0.1744304     0.1851622     0.1953248     0.2047528     0.2133624     0.2294325     0.2562388     0.2785095             0
             0    -0.3517708    -0.3423688    -0.3341117     -0.327551    -0.3201077    -0.3111682    -0.3021536    -0.2950807    -0.2890804    -0.2827303    -0.2743347    -0.2614979    -0.2456013    -0.2280133    -0.2094797    -0.1910911    -0.1711945    -0.1502302    -0.1283687
    -0.1057411 -8.203261E-02 -5.822921E-02    -0.0348173    -0.0104026  1.349375E-02  3.639683E-02  5.932956E-02  8.199649E-02     0.1041552      0.122801     0.1382292     0.1530876     0.1650366     0.1744262     0.1831538     0.1911766      0.198998     0.2065751     0.2138937
     0.2226992     0.2341635     0.2459551      0.256497     0.2658604     0.2739809     0.2808761     0.2928011     0.3079493     0.3124626             0
             0    -0.4293255    -0.4238282    -0.4174094    -0.4118131    -0.4047647    -0.3955878    -0.3856521    -0.3774848    -0.3703617    -0.3626325    -0.3521825    -0.3357411    -0.3147995    -0.2911349    -0.2659019    -0.2406642    -0.2133135    -0.1845099    -0.1545097
    -0.1235095 -9.108146E-02 -5.856232E-02 -2.657472E-02  6.804397E-03  3.950309E-02  7.087243E-02     0.1022872     0.1332918     0.1634773     0.1886659     0.2092951     0.2288735     0.2443073     0.2562363     0.2671155     0.2768806     0.2861475     0.2948552     0.3029816
     0.3123944      0.323866     0.3344534     0.3427382     0.3489451     0.3532853     0.3560243     0.3590432     0.3550141     0.3388582             0
             0    -0.4927498    -0.4964874    -0.4959077    -0.4941996    -0.4902767    -0.4834287    -0.4743472    -0.4659889     -0.458246    -0.4494125    -0.4369716    -0.4164753    -0.3894117    -0.3582317    -0.3248285    -0.2914849    -0.2556813    -0.2183744     -0.179883
    -0.1404268 -9.939238E-02 -5.836473E-02 -1.797745E-02  2.431731E-02  6.599686E-02      0.106339     0.1471567     0.1878804     0.2279266      0.261569     0.2891382     0.3151615      0.335387     0.3507733     0.3645031     0.3764481     0.3873406     0.3970725     0.4056019
     0.4147578     0.4243541     0.4308264     0.4335759     0.4333092     0.4308231     0.4268248     0.4166606     0.3903142     0.3561888             0
             0    -0.5415417    -0.5592019    -0.5693342    -0.5756322    -0.5792392    -0.5792864    -0.5743123    -0.5672432    -0.5594978    -0.5495742    -0.5344442    -0.5076892    -0.4711708    -0.4290627    -0.3846189    -0.3412178    -0.2957738    -0.2495096     -0.202659
    -0.1553227    -0.1065728 -5.806332E-02 -1.027867E-02     0.0400295  9.008344E-02     0.1392778     0.1900339     0.2418918     0.2942933     0.3396018     0.3774718     0.4137511     0.4420658     0.4634416     0.4821473     0.4978119     0.5112395     0.5221373     0.5303882
     0.5374774     0.5410815     0.5375519     0.5289419      0.517167      0.503974     0.4905671     0.4637776     0.4153745     0.3672838             0
             0    -0.5704283    -0.6018027    -0.6252754    -0.6431063    -0.6597157    -0.6742057    -0.6801433     -0.677663    -0.6710672    -0.6594756    -0.6390674    -0.6001922    -0.5478935    -0.4905236    -0.4328045    -0.3789761    -0.3247034    -0.2710828    -0.2179568
      -0.16511    -0.1112259    -0.0578612 -5.276774E-03  5.035264E-02     0.1062158     0.1619852     0.2207854     0.2826511     0.3476175     0.4066235     0.4581379     0.5098715     0.5521032      0.584669     0.6133628     0.6369555     0.6558347      0.668727     0.6750293
     0.6753325     0.6634162     0.6394534     0.6118801     0.5840839     0.5581665     0.5350791     0.4932331      0.429184     0.3729486             0
             0     -0.583797    -0.6232308    -0.6560706    -0.6832185    -0.7125153    -0.7445953    -0.7681534     -0.775122    -0.7715142    -0.7567197    -0.7265571    -0.6694031    -0.5989264    -0.5277186    -0.4598475    -0.3991085    -0.3395476    -0.2818507    -0.2254452
    -0.1698401    -0.1134592 -5.776712E-02 -2.883346E-03     0.0553269     0.1140764     0.1732436     0.2364255     0.3041402     0.3771666      0.446119     0.5088249      0.575232     0.6331893     0.6801689     0.7236631     0.7611164     0.7912498     0.8089353     0.8100095
     0.7954546     0.7575995     0.7084628     0.6624182      0.621655     0.5868024      0.557649     0.5072183     0.4353526     0.3753951             0
             0    -0.5913006    -0.6358356    -0.6752842    -0.7097003    -0.7504624    -0.8019001    -0.8513767    -0.8775999    -0.8822503    -0.8590798    -0.8094819    -0.7259341    -0.6357649     -0.552452    -0.4768298    -0.4113224    -0.3483417    -0.2881279    -0.2297632
    -0.1725488    -0.1147335 -5.771466E-02 -1.520677E-03  5.816963E-02     0.1185956      0.179778     0.2456346     0.3170652     0.3955077     0.4717047     0.5433201      0.622862      0.697296      0.761676     0.8263782     0.8889141     0.9464874     0.9834364     0.9651071
     0.9152701     0.8366017      0.759069     0.6962412     0.6453075     0.6041123     0.5709532     0.5151677     0.4387527     0.3767218             0
             0    -0.5951749    -0.6425674    -0.6860624    -0.7253733    -0.7751024    -0.8453758    -0.9304585    -0.9989721     -1.038173    -0.9803893    -0.8883953    -0.7689016    -0.6597083    -0.5671476    -0.4863775    -0.4179888    -0.3530525    -0.2914504    -0.2320311
    -0.1739646    -0.1153979    -0.0576878 -8.113347E-04  5.965323E-02     0.1209637     0.1832249     0.2505427     0.3240651     0.4056958     0.4864639     0.5641973     0.6539027     0.7434903     0.8269396     0.9207661      1.031157      1.173297      1.363813       1.19382
      1.041085     0.8990715     0.7926094     0.7164866     0.6586517     0.6135422     0.5780595     0.5193055     0.4404877     0.3773919             0
