 51            10 
             0    -0.2678349    -0.2588366    -0.2516949    -0.2460642    -0.2395719    -0.2322259    -0.2250607    -0.2195544    -0.2149456    -0.2101361    -0.2038779    -0.1946134     -0.183295    -0.1712964    -0.1586757    -0.1454941    -0.1318161    -0.1177138    -0.1032705
 -8.856793E-02 -7.355781E-02    -0.0563598 -3.916872E-02 -2.205244E-02 -5.076796E-03  1.169428E-02  2.819885E-02  4.437726E-02  6.017264E-02  7.361161E-02  8.486085E-02  9.582085E-02     0.1046985     0.1116583     0.1184716     0.1251345     0.1316436     0.1379957     0.1441882
     0.1517266     0.1618495     0.1727528     0.1829849     0.1925452     0.2014378     0.2096716     0.2248474     0.2507278     0.2724678             0
             0    -0.2729213    -0.2638699    -0.2566597    -0.2509741    -0.2444161    -0.2369847      -0.22972    -0.2241265    -0.2194382    -0.2145391    -0.2081555    -0.1986863    -0.1870917    -0.1747822    -0.1618266    -0.1482923    -0.1342352    -0.1197224    -0.1048403
    -0.0896848 -7.423659E-02 -5.663158E-02 -3.901283E-02 -2.147434E-02    -0.0040848  1.308928E-02  2.998337E-02  4.653481E-02  6.268309E-02  7.640957E-02  8.788935E-02  9.906217E-02     0.1081009     0.1151805     0.1221041     0.1288676     0.1354674     0.1419005     0.1481646
     0.1557811     0.1659915     0.1769633     0.1872349     0.1968063     0.2056816      0.213872     0.2289161     0.2543015     0.2751908             0
             0    -0.3507574    -0.3412389    -0.3331254    -0.3265284    -0.3186919    -0.3095587    -0.3003918    -0.2932026    -0.2871074    -0.2806685    -0.2721928    -0.2594429     -0.243576    -0.2265043    -0.2083446    -0.1892177    -0.1692313    -0.1485086    -0.1271989
    -0.1054626 -8.328875E-02 -5.800726E-02 -3.274403E-02 -7.662099E-03  1.710906E-02  4.143899E-02     0.0651951  8.824234E-02     0.1104444     0.1290137     0.1443158     0.1589527     0.1705576      0.179511     0.1881241     0.1963883     0.2042975     0.2118471      0.219035
     0.2275674     0.2385684     0.2497311     0.2595406     0.2680714     0.2754103     0.2816547     0.2921591     0.3051616       0.30862             0
             0    -0.4276144    -0.4216169    -0.4150145    -0.4091046    -0.4014714    -0.3918966    -0.3816527    -0.3732798    -0.3660052    -0.3581491     -0.347602    -0.3313294    -0.3105384    -0.2877494    -0.2632104    -0.2371773    -0.2098734    -0.1815208     -0.152354
    -0.1225966    -0.0922066 -5.743624E-02 -2.267845E-02  1.187145E-02     0.0460529     0.0796852     0.1125587     0.1444284     0.1750116     0.2003691     0.2210359      0.240491     0.2555793     0.2670049     0.2777537     0.2877991     0.2971218     0.3057097     0.3135592
     0.3224537     0.3330213     0.3423895     0.3493188     0.3541269     0.3571422     0.3586816     0.3593871     0.3517861     0.3345505             0
             0    -0.4898927    -0.4920319    -0.4902024    -0.4872993    -0.4821756    -0.4742509    -0.4643833    -0.4555899     -0.447584    -0.4385909    -0.4261181    -0.4061336     -0.379752    -0.3503445    -0.3184927    -0.2847442    -0.2495282    -0.2131977    -0.1760567
    -0.1383412 -9.989835E-02    -0.0558085    -0.0116646  3.243282E-02     0.0764138     0.1201568     0.1634606     0.2060128     0.2473601     0.2819428     0.3101693     0.3365995     0.3567863      0.371804     0.3855767     0.3980056      0.409014     0.4185537     0.4266101
     0.4348527      0.442732     0.4468213     0.4469681     0.4441656     0.4392943     0.4330703      0.419009     0.3870951     0.3515943             0
             0    -0.5372163    -0.5510967    -0.5574824     -0.560375    -0.5608753    -0.5576772    -0.5503539    -0.5421586    -0.5338903    -0.5238647    -0.5091639    -0.4843021    -0.4504027    -0.4124286    -0.3716746    -0.3291647    -0.2855645    -0.2412988    -0.1966411
    -0.1517257    -0.1061814    -0.0539315 -1.504208E-03  5.125053E-02     0.1045264      0.158462     0.2130952      0.268294     0.3236553     0.3715264     0.4115036     0.4496037     0.4788962     0.5005417     0.5199953     0.5368621     0.5507986     0.5615664     0.5690835
      0.574542     0.5747581     0.5664443      0.552781     0.5363469     0.5189324      0.501657      0.468636      0.412383     0.3625203             0
             0    -0.5648408    -0.5896982    -0.6054767    -0.6159333     -0.625019    -0.6305434    -0.6293325    -0.6235089    -0.6156793    -0.6044964    -0.5865169    -0.5542334    -0.5100234     -0.461774    -0.4116615    -0.3609896    -0.3103663    -0.2600259    -0.2100169
    -0.1602468    -0.1100775     -0.052584   5.20928E-03  6.374554E-02     0.1235569     0.1851878     0.2491773     0.3160089      0.385995     0.4498992     0.5058834     0.5620962     0.6075931     0.6421275     0.6735971     0.7005359      0.721349     0.7346373     0.7397533
     0.7367809     0.7177041     0.6842476      0.647517     0.6119373     0.5794299     0.5505842     0.5001226      0.426417      0.368105             0
             0    -0.5775244    -0.6086244    -0.6305946    -0.6467059    -0.6633328    -0.6783153    -0.6858577    -0.6844646    -0.6779279     -0.665125    -0.6423014    -0.6006642    -0.5462619    -0.4896844    -0.4330696    -0.3773499    -0.3227457    -0.2691772    -0.2164557
    -0.1643043    -0.1119125    -0.0519201  8.440332E-03  6.978696E-02     0.1328646     0.1984984     0.2676246     0.3413152     0.4207753     0.4964396     0.5656896      0.639299     0.7033827     0.7548598     0.8046912     0.8497488     0.8852465      0.904923     0.9034897
     0.8817941     0.8301911     0.7655242     0.7061952     0.6550073     0.6118236     0.5756572      0.515174      0.432706     0.3705181             0
             0    -0.5846129    -0.6195924    -0.6457713    -0.6660943    -0.6891074    -0.7137815    -0.7332734    -0.7401973    -0.7369224    -0.7206748    -0.6893026    -0.6353786    -0.5708705    -0.5074608    -0.4461465    -0.3870734    -0.3299703    -0.2744528    -0.2201368
    -0.1666109    -0.1129502 -5.153771E-02  1.028443E-02  7.324442E-02     0.1382245     0.2062395     0.2785121     0.3565771     0.4424303     0.5266978     0.6065602     0.6958393     0.7795865     0.8518159     0.9285753      1.006978       1.07901      1.124829      1.097527
      1.029836     0.9261037     0.8258316     0.7458328      0.682337     0.6315428     0.5905172      0.523758      0.436178     0.3718271             0
             0    -0.5882623    -0.6253852    -0.6540647    -0.6771185    -0.7048628    -0.7384409    -0.7733781    -0.7968279    -0.8037184    -0.7772108     -0.729193     -0.659649    -0.5860216    -0.5176482    -0.4533443    -0.3923013    -0.3337997     -0.277224    -0.2220592
    -0.1678108    -0.1134883 -5.133737E-02  1.124575E-02  7.505027E-02     0.1410358     0.2103278     0.2843232     0.3648564     0.4544832     0.5441954     0.6313732     0.7328463     0.8348511     0.9301601      1.044739      1.187718      1.374724      1.633624       1.39604
      1.189772      1.003313     0.8662468     0.7697394     0.6978468     0.6423391     0.5984836     0.5282358     0.4379513     0.3724883             0
