 51            10 
             0  2.715353E-02  2.731649E-02     0.0274215  2.749913E-02  2.758423E-02  2.767659E-02  2.776357E-02  2.782891E-02  2.788285E-02  2.793842E-02  2.800988E-02      0.028114  2.823894E-02  2.836948E-02  2.850527E-02  2.864594E-02     0.0287911  2.894036E-02  2.909329E-02
  2.924946E-02  2.940844E-02  2.956977E-02      0.029733  2.989768E-02  3.006333E-02     0.0302295  3.039573E-02  3.056154E-02     0.0307265  3.086969E-02  3.099148E-02  3.111213E-02  3.121158E-02  3.129049E-02     0.0313687  3.144615E-02  3.152281E-02  3.159862E-02  3.167353E-02
  3.176599E-02  3.189281E-02  3.203344E-02  3.216941E-02  3.230041E-02  3.242614E-02     0.0325463  3.277496E-02  3.320397E-02  3.362016E-02             0
             0  2.714985E-02  2.731299E-02  2.741815E-02  2.749589E-02  2.758112E-02  2.767363E-02  2.776076E-02     0.0278262  2.788023E-02     0.0279359  2.800748E-02  2.811179E-02  2.823695E-02  2.836773E-02  2.850378E-02  2.864471E-02  2.879015E-02  2.893968E-02     0.0290929
  2.924936E-02  2.940864E-02  2.957026E-02  2.973379E-02  2.989876E-02     0.0300647  3.023115E-02  3.039764E-02  3.056372E-02  3.072893E-02  3.087232E-02  3.099428E-02  3.111509E-02  3.121466E-02  3.129366E-02  3.137196E-02  3.144951E-02  3.152625E-02  3.160214E-02  3.167712E-02
  3.176967E-02     0.0318966  3.203733E-02     0.0321734  3.230447E-02  3.243025E-02  3.255046E-02  3.277918E-02  3.320816E-02  3.362405E-02             0
             0  2.709336E-02  2.725929E-02  2.736663E-02     0.0274461  2.753332E-02  2.762808E-02  2.771741E-02  2.778455E-02  2.783999E-02  2.789714E-02  2.797065E-02  2.807781E-02  2.820645E-02  2.834091E-02  2.848083E-02  2.862582E-02  2.877546E-02  2.892932E-02  2.908696E-02
  2.924792E-02  2.941174E-02  2.957792E-02  2.974599E-02  2.991546E-02  3.008582E-02  3.025659E-02  3.042727E-02  3.059737E-02  3.076641E-02  3.091298E-02  3.103752E-02  3.116078E-02  3.126228E-02  3.134276E-02  3.142246E-02  3.150135E-02  3.157936E-02  3.165644E-02  3.173256E-02
  3.182643E-02  3.195503E-02  3.209739E-02  3.223481E-02  3.236697E-02     0.0324936  3.261441E-02  3.284392E-02  3.327231E-02  3.368339E-02             0
             0  2.705282E-02     0.0272206  2.732943E-02  2.741009E-02  2.749868E-02  2.759503E-02  2.768591E-02  2.775425E-02     0.0278107  2.786891E-02     0.0279438  2.805301E-02  2.818417E-02  2.832132E-02  2.846409E-02  2.861205E-02  2.876479E-02  2.892186E-02  2.908279E-02
  2.924711E-02  2.941431E-02  2.958391E-02  2.975539E-02  2.992823E-02  3.010192E-02  3.027593E-02  3.044974E-02  3.062285E-02  3.079476E-02  3.094368E-02  3.107014E-02     0.0311952  3.129809E-02  3.137964E-02  3.146036E-02     0.0315402     0.0316191  3.169702E-02  3.177392E-02
  3.186869E-02     0.0319984  3.214179E-02  3.228002E-02  3.241279E-02  3.253983E-02  3.266087E-02  3.289052E-02  3.331754E-02     0.0337242             0
             0  2.702765E-02     0.0271965     0.0273062  2.738756E-02  2.747698E-02  2.757428E-02  2.766611E-02  2.773518E-02  2.779226E-02  2.785112E-02  2.792687E-02  2.803735E-02     0.0281701  2.830894E-02     0.0284535  2.860336E-02  2.875807E-02  2.891718E-02  2.908021E-02
  2.924667E-02  2.941606E-02  2.958785E-02  2.976152E-02  2.993653E-02  3.011236E-02  3.028847E-02  3.046432E-02  3.063938E-02  3.081313E-02  3.096357E-02  3.109126E-02  3.121747E-02  3.132126E-02  3.140347E-02  3.148483E-02  3.156526E-02  3.164472E-02  3.172315E-02  3.180052E-02
  3.189582E-02  3.202617E-02  3.217014E-02  3.230879E-02  3.244183E-02  3.256901E-02  3.269009E-02     0.0329196     0.0333453  3.374881E-02             0
             0  2.701213E-02  2.718159E-02     0.0272918  2.737358E-02     0.0274635  2.756136E-02  2.765377E-02     0.0277233  2.778075E-02  2.784001E-02  2.791629E-02  2.802756E-02  2.816129E-02  2.830119E-02  2.844687E-02  2.859791E-02  2.875386E-02  2.891426E-02  2.907861E-02
  2.924643E-02  2.941718E-02  2.959036E-02  2.976542E-02  2.994181E-02  3.011901E-02  3.029645E-02     0.0304736     0.0306499  3.082484E-02  3.097625E-02  3.110472E-02  3.123166E-02  3.133602E-02  3.141866E-02  3.150041E-02  3.158121E-02  3.166101E-02  3.173976E-02     0.0318174
  3.191303E-02  3.204374E-02  3.218802E-02  3.232688E-02  3.246005E-02  3.258727E-02     0.0327083     0.0329376     0.0333623     0.0337637             0
             0  2.700441E-02  2.717415E-02     0.0272846  2.736658E-02  2.745673E-02  2.755488E-02  2.764757E-02  2.771732E-02  2.777496E-02  2.783442E-02  2.791096E-02  2.802263E-02  2.815685E-02  2.829728E-02  2.844353E-02  2.859517E-02  2.875174E-02  2.891279E-02  2.907781E-02
  2.924631E-02  2.941776E-02  2.959164E-02     0.0297674     0.0299445  3.012239E-02  3.030051E-02  3.047832E-02  3.065527E-02  3.083081E-02  3.098272E-02     0.0311116  3.123892E-02  3.134356E-02  3.142642E-02  3.150837E-02  3.158936E-02  3.166933E-02  3.174823E-02  3.182602E-02
     0.0319218  3.205269E-02     0.0321971  3.233605E-02  3.246925E-02  3.259646E-02  3.271746E-02  3.294661E-02  3.337072E-02  3.377103E-02             0
             0     0.0270011  2.717096E-02  2.728152E-02  2.736358E-02  2.745383E-02     0.0275521  2.764491E-02  2.771475E-02  2.777248E-02  2.783202E-02  2.790867E-02  2.802051E-02  2.815494E-02  2.829561E-02     0.0284421  2.859399E-02  2.875083E-02  2.891216E-02  2.907747E-02
  2.924626E-02  2.941801E-02  2.959219E-02  2.976825E-02  2.994566E-02  3.012385E-02  3.030227E-02  3.048036E-02  3.065758E-02  3.083339E-02  3.098552E-02  3.111457E-02  3.124206E-02  3.134682E-02  3.142978E-02  3.151181E-02  3.159288E-02  3.167293E-02     0.0317519  3.182974E-02
  3.192559E-02  3.205655E-02  3.220102E-02       0.03234  3.247321E-02  3.260041E-02  3.272138E-02  3.295047E-02  3.337431E-02  3.377415E-02             0
             0  2.699932E-02  2.716924E-02  2.727986E-02  2.736196E-02  2.745227E-02     0.0275506  2.764347E-02  2.771336E-02  2.777113E-02  2.783072E-02  2.790743E-02  2.801937E-02  2.815391E-02     0.0282947  2.844132E-02  2.859335E-02  2.875034E-02  2.891181E-02  2.907728E-02
  2.924623E-02  2.941814E-02  2.959249E-02  2.976872E-02  2.994628E-02  3.012464E-02  3.030322E-02  3.048147E-02  3.065884E-02  3.083479E-02  3.098704E-02  3.111618E-02  3.124376E-02  3.134859E-02     0.0314316  3.151369E-02     0.0315948  3.167488E-02  3.175389E-02  3.183176E-02
  3.192764E-02  3.205864E-02  3.220314E-02  3.234214E-02  3.247535E-02  3.260254E-02  3.272351E-02  3.295255E-02  3.337625E-02  3.377583E-02             0
             0  2.699842E-02  2.716838E-02  2.727902E-02  2.736114E-02  2.745148E-02  2.754984E-02  2.764274E-02  2.771266E-02  2.777046E-02  2.783007E-02  2.790681E-02  2.801879E-02  2.815339E-02  2.829424E-02  2.844093E-02  2.859303E-02  2.875009E-02  2.891164E-02  2.907719E-02
  2.924622E-02  2.941821E-02  2.959264E-02  2.976895E-02     0.0299466  3.012503E-02  3.030369E-02  3.048203E-02  3.065948E-02     0.0308355  3.098781E-02      0.031117  3.124462E-02  3.134949E-02  3.143252E-02  3.151463E-02  3.159577E-02  3.167587E-02  3.175489E-02  3.183278E-02
  3.192868E-02     0.0320597  3.220421E-02  3.234322E-02  3.247643E-02  3.260363E-02  3.272457E-02     0.0329536  3.337722E-02  3.377667E-02             0
