 51            10 
             0    -0.1260855    -0.1307111    -0.1286826    -0.1263163    -0.1231235    -0.1192279    -0.1152777    -0.1121905    -0.1095865    -0.1068538    -0.1032832 -9.797425E-02 -9.146447E-02    -0.0845452    -0.0772487 -6.960622E-02 -6.164711E-02 -5.339734E-02    -0.0448764
 -3.609164E-02 -2.702999E-02 -1.765869E-02 -8.109789E-03  1.518472E-03     0.0111499  2.072291E-02  3.018577E-02  3.949378E-02  4.860752E-02  5.638128E-02  6.290005E-02  6.926232E-02  7.442471E-02  7.847663E-02     0.0824479  8.633611E-02  9.013905E-02  9.385477E-02  9.748154E-02
     0.1019019     0.1078487     0.1142696     0.1203099     0.1259671     0.1312408     0.1361324     0.1451555     0.1603815     0.1676649             0
             0    -0.1284263    -0.1331977    -0.1311681    -0.1287828    -0.1255548    -0.1216081    -0.1175985    -0.1144606    -0.1118117    -0.1090296    -0.1053914 -9.997588E-02 -9.332674E-02 -8.625193E-02 -7.878546E-02 -7.096003E-02 -6.280576E-02 -5.434963E-02 -4.561296E-02
 -3.660595E-02    -0.0273188 -1.772087E-02 -7.944229E-03  1.910479E-03  1.176475E-02  2.155476E-02  3.122662E-02  4.073344E-02     0.0500336  5.795774E-02     0.0645962  7.106813E-02  7.631299E-02  8.042591E-02  8.445308E-02      0.088392     0.0922404  9.599634E-02  9.965809E-02
     0.1041157     0.1101015     0.1165476     0.1225953     0.1282432     0.1334928      0.138347     0.1472731     0.1621859      0.168929             0
             0    -0.1650711    -0.1723337    -0.1703703    -0.1677176    -0.1639352    -0.1591543    -0.1541692    -0.1502018    -0.1468181    -0.1432301    -0.1384961    -0.1313627    -0.1224787    -0.1129132    -0.1027203 -9.195588E-02 -8.067375E-02    -0.0689239    -0.0567481
 -4.417163E-02 -3.119074E-02 -1.777221E-02  -4.11916E-03  9.609506E-03  2.328519E-02  3.679833E-02  5.005126E-02  6.295395E-02  7.542195E-02  8.588181E-02  9.452245E-02     0.1028099     0.1094008     0.1144975     0.1194125     0.1241413     0.1286802     0.1330266     0.1371788
     0.1421254     0.1485403     0.1551058     0.1609322     0.1660559     0.1705204      0.174373     0.1809507      0.189381     0.1863796             0
             0    -0.2007394    -0.2122126     -0.211392    -0.2091922    -0.2055296    -0.2004953    -0.1949251    -0.1903315    -0.1863325    -0.1820134    -0.1762207    -0.1673051    -0.1559496    -0.1435197    -0.1301217     -0.115865    -0.1008528 -8.517487E-02 -6.890083E-02
 -5.206823E-02 -3.466725E-02 -1.664389E-02  1.725813E-03     0.0202289  3.869106E-02  5.695649E-02  7.487398E-02  9.228789E-02     0.1090336     0.1229497      0.134317       0.14505     0.1534082       0.15976     0.1657612     0.1713991     0.1766641     0.1815501      0.186055
     0.1912116     0.1974522     0.2031662     0.2075887     0.2108717     0.2131763     0.2146594      0.216269     0.2140809     0.1998489             0
             0    -0.2291846    -0.2461986    -0.2477226    -0.2468624    -0.2442196    -0.2397662    -0.2342161     -0.229338    -0.2249436    -0.2200581     -0.213345    -0.2027098    -0.1887996     -0.173337    -0.1565484    -0.1386525    -0.1198367    -0.1002456 -7.997238E-02
 -5.904802E-02 -3.742615E-02 -1.499331E-02  7.945845E-03  3.117394E-02  5.452081E-02  7.782886E-02     0.1009256      0.123601     0.1455901     0.1639414     0.1789058     0.1929245     0.2036639     0.2116872     0.2190943     0.2258447     0.2319075     0.2372635      0.241907
     0.2468303     0.2519413     0.2553313     0.2566819     0.2564357      0.255007     0.2527488     0.2471316     0.2326432     0.2086716             0
             0     -0.250435     -0.273675    -0.2785656     -0.279897    -0.2792244    -0.2762854    -0.2714287    -0.2666143    -0.2620195    -0.2566756    -0.2490724    -0.2365746    -0.2197827    -0.2009434    -0.1805157    -0.1588919    -0.1363658    -0.1131287 -8.927184E-02
     -0.064785 -3.954687E-02 -1.334309E-02  1.355175E-02  4.098028E-02  6.884809E-02  9.707541E-02     0.1255533     0.1540986     0.1824034     0.2065349     0.2264605     0.2452517     0.2595964      0.270193     0.2797703     0.2882003     0.2953792     0.3012396       0.30576
     0.3097703      0.312182     0.3109207     0.3068049     0.3008961     0.2940302     0.2867996     0.2723681     0.2458466     0.2143141             0
             0    -0.2626279    -0.2908264    -0.2990144    -0.3027493    -0.3045346    -0.3038114    -0.3002875    -0.2958935    -0.2912973    -0.2855977    -0.2771257    -0.2626587    -0.2429019    -0.2208283    -0.1971913    -0.1725364    -0.1472097    -0.1213917 -9.512676E-02
 -6.833534E-02 -4.080925E-02 -1.223227E-02  1.718025E-02  4.735751E-02  7.831561E-02     0.1101077     0.1427771     0.1763009     0.2105111     0.2406695     0.2662411      0.290978     0.3102345     0.3245291     0.3373673     0.3483912     0.3572721     0.3637702     0.3677978
     0.3698709     0.3673885     0.3588811     0.3473488     0.3346806     0.3220445      0.310077     0.2880504     0.2531284     0.2171936             0
             0    -0.2681755    -0.2989949    -0.3091481    -0.3144423    -0.3179989     -0.319101    -0.3168893    -0.3130136    -0.3085137    -0.3025586    -0.2933684    -0.2773048    -0.2553866    -0.2311912    -0.2056282    -0.1792794    -0.1524722    -0.1253471 -9.790093E-02
 -7.000386E-02 -4.139405E-02 -1.169703E-02  1.890993E-02  5.040943E-02  8.288772E-02     0.1164889     0.1513739     0.1876707     0.2253979     0.2594679     0.2890134     0.3183577     0.3418723     0.3596423     0.3758147     0.3897179       0.40062     0.4078704     0.4111605
     0.4107259     0.4027783     0.3875655     0.3701465     0.3527327     0.3364211     0.3216637     0.2954569     0.2563815      0.218437             0
             0     -0.271261    -0.3036502    -0.3150613    -0.3214101    -0.3262576      -0.32884    -0.3278748    -0.3245829    -0.3202338    -0.3140402     -0.304156    -0.2866888    -0.2631042    -0.2374231       -0.2106    -0.1831951     -0.155496    -0.1276026 -9.947421E-02
 -7.094621E-02 -4.172224E-02 -1.139174E-02  1.989249E-02  5.214698E-02  8.550328E-02     0.1201663     0.1563802     0.1943885     0.2343723     0.2710899     0.3034816     0.3363792     0.3635175     0.3845046     0.4040909     0.4213162      0.434897     0.4433232     0.4454272
     0.4416021     0.4276916     0.4065006     0.3844933     0.3637063     0.3449453     0.3284149     0.2996532     0.2581745     0.2191112             0
             0    -0.2728443    -0.3060788    -0.3182017    -0.3251762     -0.330846    -0.3344847    -0.3345937    -0.3319341    -0.3277987    -0.3213466    -0.3107737    -0.2921521    -0.2674159    -0.2408123    -0.2132573    -0.1852639    -0.1570811    -0.1287785    -0.1002914
 -7.143439E-02 -4.189161E-02 -1.123274E-02  2.040314E-02  5.305144E-02  8.686917E-02     0.1220963     0.1590268     0.1979773     0.2392405     0.2775269     0.3116941     0.3469769     0.3768248     0.4004848     0.4233271     0.4443652     0.4619339     0.4731096     0.4724941
     0.4636559     0.4436181     0.4177035      0.392583     0.3697082     0.3495159     0.3319885     0.3018322     0.2590893     0.2194518             0
