 51            10 
             0    -0.2679118    -0.2589073    -0.2517627    -0.2461308    -0.2396379    -0.2322914    -0.2251258     -0.219619    -0.2150096    -0.2101993      -0.20394    -0.1946733    -0.1833515    -0.1713492    -0.1587246    -0.1455393    -0.1318561    -0.1177463    -0.1032982
 -8.864613E-02    -0.0744487 -6.237549E-02 -4.224629E-02 -2.385543E-02 -6.335277E-03  1.066559E-02     0.0272707  4.350317E-02  5.934234E-02  7.282355E-02  8.411386E-02  9.512018E-02     0.1040404     0.1110363     0.1178874     0.1245898     0.1311401     0.1375356     0.1437742
     0.1513748      0.161597     0.1726341     0.1830184     0.1927426     0.2018003     0.2101947     0.2256764     0.2520491     0.2711272             0
             0    -0.2730213    -0.2639647    -0.2567485    -0.2510623    -0.2445087    -0.2370822    -0.2298212    -0.2242298    -0.2195428    -0.2146442    -0.2082603    -0.1987881    -0.1871864    -0.1748671    -0.1619044    -0.1483693    -0.1343085    -0.1197848    -0.1048887
 -8.976813E-02    -0.0751242 -5.743977E-02 -3.958033E-02 -2.211397E-02 -4.803945E-03  1.229597E-02     0.0291324  4.565011E-02  6.179082E-02  7.553173E-02  8.703507E-02  9.823988E-02     0.1073094     0.1144144     0.1213628     0.1281494     0.1347696       0.14122     0.1474989
     0.1551361     0.1654179     0.1765095     0.1869488     0.1967183      0.205767     0.2141143     0.2294512     0.2553571     0.2767039             0
             0    -0.3508924    -0.3413722     -0.333255    -0.3266593      -0.31883    -0.3097048    -0.3005438    -0.2933581     -0.287265    -0.2808273    -0.2723512    -0.2595967    -0.2437187    -0.2266314    -0.2084595    -0.1893294    -0.1693362    -0.1485972    -0.1272681
    -0.1055844 -8.457274E-02 -5.920104E-02 -3.362525E-02 -8.681953E-03  1.593894E-02  4.012657E-02  6.376566E-02  8.673318E-02     0.1088973     0.1274685     0.1427919     0.1574666     0.1691132     0.1781035     0.1867554     0.1950591     0.2030069     0.2105937     0.2178178
     0.2263996     0.2375189     0.2488673     0.2589102     0.2677107     0.2752973     0.2817718     0.2927082     0.3064557     0.3103221             0
             0    -0.4278099    -0.4218355    -0.4152467    -0.4093486    -0.4017333    -0.3921767    -0.3819462    -0.3735804    -0.3663098    -0.3584552    -0.3479068    -0.3316238    -0.3108087    -0.2879873     -0.263419    -0.2373708    -0.2100491    -0.1816689     -0.152474
    -0.1227953 -9.402665E-02 -5.922833E-02 -2.413913E-02  1.012401E-02  4.400222E-02  7.734103E-02     0.1099554     0.1416193     0.1720596     0.1973493     0.2179934     0.2374586     0.2525793     0.2640414     0.2748355     0.2849334      0.294314      0.302964     0.3108797
     0.3198661     0.3306181     0.3402819     0.3475547     0.3527673     0.3561844     0.3581119     0.3595529     0.3531677     0.3364246             0
             0    -0.4901748    -0.4924093    -0.4906507    -0.4877967    -0.4827287    -0.4748583    -0.4650286    -0.4562532    -0.4482555    -0.4392637    -0.4267826    -0.4067653     -0.380318     -0.350829    -0.3188984    -0.2850969    -0.2498323    -0.2134481    -0.1762607
    -0.1386455    -0.1022805 -5.826076E-02    -0.0138046  2.982089E-02  7.330322E-02     0.1165526     0.1594007     0.2015651     0.2426137      0.277025     0.3051654     0.3315698      0.351781     0.3668391     0.3806692     0.3931684      0.404256     0.4138803     0.4220245
      0.430382     0.4384575     0.4429161     0.4434817     0.4412327     0.4369709     0.4313625     0.4184816     0.3884155     0.3535706             0
             0    -0.5376027    -0.5517212    -0.5583146    -0.5613574     -0.562028    -0.5590032    -0.5518031    -0.5436628    -0.5354149    -0.5253831    -0.5106418    -0.4856625    -0.4515673    -0.4133782    -0.3724241    -0.3297722     -0.286058    -0.2416897    -0.1969525
    -0.1521465    -0.1090755 -5.698688E-02 -4.271207E-03  4.783933E-02     0.1004321     0.1536852     0.2076846     0.2623517      0.317337     0.3650612     0.4050497     0.4433039     0.4728301      0.494701     0.5143973     0.5314977     0.5456301     0.5565315     0.5641057
     0.5695415     0.5695728      0.561286     0.5477581     0.5318267     0.5151533      0.498708     0.4673413     0.4135874     0.3645547             0
             0    -0.5653142    -0.5905873    -0.6067907    -0.6175909    -0.6271107    -0.6331436    -0.6323673    -0.6267643    -0.6190105     -0.607769    -0.5895854    -0.5568699    -0.5121118    -0.4633617    -0.4128335    -0.3618791    -0.3110506    -0.2605472    -0.2104206
    -0.1607559    -0.1133085 -5.602904E-02  2.042121E-03  5.982828E-02     0.1188463     0.1796933     0.2429847     0.3093093     0.3791219     0.4433337     0.4999894     0.5573634     0.6042488     0.6400652     0.6728932     0.7011072     0.7228931     0.7366167     0.7414894
     0.7374849     0.7160494     0.6805949     0.6425568     0.6067781     0.5748069     0.5468271     0.4982926     0.4275297     0.3701661             0
             0    -0.5780444    -0.6096774    -0.6322471    -0.6488912    -0.6662797    -0.6823519    -0.6912156    -0.6908452    -0.6847861    -0.6715233    -0.6476932    -0.6047324    -0.5491877    -0.4917685    -0.4345351    -0.3784188    -0.3235434    -0.2697722    -0.2169092
    -0.1648585    -0.1153054 -5.555025E-02  5.084996E-03  6.563359E-02     0.1278704     0.1926844     0.2611132     0.3343869     0.4139609     0.4905445     0.5614204     0.6378295     0.7055081      0.760577     0.8146073     0.8640882     0.9034032     0.9249154     0.9218798
     0.8955484     0.8360074      0.765282     0.7023708     0.6499537     0.6069385     0.5715603     0.5130879     0.4337728     0.3725902             0
             0    -0.5851612    -0.6207522    -0.6476634     -0.668688    -0.6928313    -0.7195396    -0.7428107    -0.7547898    -0.7555705    -0.7352847    -0.6988726    -0.6411626     -0.574558    -0.5099296     -0.447819    -0.3882612    -0.3308402    -0.2750933    -0.2206204
    -0.1671916    -0.1164355 -5.527278E-02  6.823056E-03  6.895866E-02     0.1330727     0.2002522     0.2718408     0.3495748     0.4357997     0.5215604     0.6040229     0.6979802     0.7882931     0.8677361     0.9540496      1.044364      1.129467      1.184937      1.148445
      1.064615     0.9417841     0.8295556     0.7433494     0.6775711     0.6265813     0.5862504     0.5215272     0.4372182      0.373905             0
             0    -0.5888258     -0.626606    -0.6561046    -0.6799916    -0.7092457    -0.7463385    -0.7917187    -0.8405154    -0.8875305    -0.8209154     -0.747565     -0.667568    -0.5903575    -0.5203813    -0.4551444    -0.3935583    -0.3347102    -0.2778895    -0.2225591
    -0.1684056    -0.1170217 -5.512688E-02  7.729588E-03  7.069635E-02     0.1358036     0.2042539     0.2775776     0.3578407     0.4480214     0.5396569     0.6302313     0.7381197     0.8499649     0.9572827      1.090354      1.262466      1.497861      1.856361       1.52068
      1.256333       1.02995     0.8736182     0.7684015     0.6933587      0.637375     0.5941399     0.5259305     0.4389775     0.3745691             0
