 51            10 
             0     -0.268118    -0.2591005    -0.2519469    -0.2463127    -0.2398228    -0.2324801     -0.225317    -0.2198112     -0.215202    -0.2103911    -0.2041298    -0.1948569    -0.1835238    -0.1715067    -0.1588686    -0.1456725    -0.1319678    -0.1178097    -0.1032542
 -8.833276E-02    -0.0729574 -5.644392E-02 -3.984031E-02 -2.321157E-02  -6.63422E-03  9.824309E-03  2.611162E-02  4.217439E-02  5.795575E-02  7.146776E-02  8.283266E-02  9.396079E-02     0.1030228     0.1101549     0.1171667     0.1240576     0.1308289     0.1374835     0.1440249
     0.1520651     0.1625633     0.1737312     0.1840815     0.1935747     0.2025424     0.2109458     0.2265816     0.2536253     0.2766804             0
             0    -0.2733762    -0.2643193    -0.2570574    -0.2513683    -0.2448716    -0.2374909    -0.2302642    -0.2246954    -0.2200247    -0.2151389    -0.2087631    -0.1992763    -0.1876348    -0.1752397    -0.1622243    -0.1487353    -0.1346767    -0.1200873    -0.1050336
 -8.957615E-02    -0.0736876 -5.693334E-02 -3.997351E-02 -2.292478E-02 -5.976886E-03  1.076988E-02     0.0273505  4.372606E-02  5.982479E-02  7.359216E-02     0.0851522  9.644618E-02     0.1056149      0.112806     0.1198342     0.1266945      0.133406     0.1399831     0.1464404
     0.1543865     0.1648713     0.1761375     0.1867089     0.1964795     0.2056574     0.2141749     0.2299026      0.256497     0.2785716             0
             0    -0.3513874    -0.3418982    -0.3337502    -0.3271632    -0.3194149    -0.3103585    -0.3012508    -0.2941003    -0.2880322    -0.2816138    -0.2731501    -0.2603744     -0.244433    -0.2272273    -0.2089657    -0.1898869    -0.1698866    -0.1490492    -0.1274965
    -0.1053417 -8.257275E-02 -5.859959E-02 -3.436926E-02 -1.007628E-02  1.397819E-02  3.761607E-02  6.084833E-02  8.357546E-02     0.1056468     0.1242318     0.1396186     0.1544056     0.1661835     0.1752906     0.1840539     0.1924631     0.2005391     0.2082978     0.2157558
     0.2247308     0.2361629     0.2478014     0.2581148     0.2670516     0.2748921     0.2816518     0.2931856     0.3079549     0.3124501             0
             0    -0.4286175    -0.4228388    -0.4163412    -0.4105135    -0.4030493    -0.3936331    -0.3835092    -0.3752073    -0.3679781    -0.3601513    -0.3496133    -0.3332754    -0.3123125    -0.2892568    -0.2644728    -0.2384232    -0.2110374    -0.1824855     -0.152967
    -0.1226546 -9.154148E-02 -5.883376E-02 -2.574253E-02  7.476473E-03      0.040419  7.282989E-02     0.1046989     0.1358372     0.1659546     0.1911012     0.2117053     0.2312152     0.2464442     0.2580223     0.2689415     0.2791686     0.2887181     0.2976016     0.3058354
     0.3153493     0.3266657     0.3369126     0.3448212     0.3505365     0.3545201     0.3570046     0.3595086     0.3548226      0.338786             0
             0    -0.4914834    -0.4943871    -0.4931203    -0.4905622    -0.4858873    -0.4784006    -0.4688463    -0.4602129    -0.4522909    -0.4433299    -0.4308221    -0.4106091     -0.383732    -0.3536806    -0.3211748    -0.2871532     -0.251639     -0.214913    -0.1772353
    -0.1387915 -9.951417E-02 -5.834064E-02    -0.0165927  2.551229E-02  6.757163E-02     0.1093474     0.1508909     0.1919702     0.2321424     0.2659397     0.2936604     0.3197738     0.3398707     0.3549049     0.3687618      0.381326     0.3925674      0.402468     0.4110348
     0.4201262     0.4292948     0.4349967     0.4370079     0.4360438      0.432976     0.4284329      0.417426     0.3900152     0.3560734             0
             0     -0.539547    -0.5552729    -0.5633084    -0.5672784    -0.5690814    -0.5672282    -0.5608673    -0.5531128    -0.5450252    -0.5349886    -0.5200282    -0.4943157    -0.4589122    -0.4192788    -0.3768855    -0.3334675    -0.2890926    -0.2440617    -0.1985735
    -0.1526998    -0.1061943 -5.763905E-02 -8.286716E-03  4.182079E-02  9.244584E-02     0.1435537     0.1954694     0.2481514     0.3012194     0.3472846      0.385889     0.4228579     0.4514727     0.4727345     0.4919555     0.5087112     0.5227387     0.5338504     0.5419919
     0.5485929     0.5510427     0.5456374     0.5353464     0.5222672     0.5079204      0.493364     0.4650507     0.4150397     0.3671393             0
             0    -0.5678025    -0.5958562    -0.6150097    -0.6279623    -0.6402974    -0.6495899    -0.6514023    -0.6469911    -0.6396471    -0.6281911    -0.6090201     -0.573815    -0.5255109    -0.4734708    -0.4200025    -0.3674027    -0.3153329    -0.2637704    -0.2126124
    -0.1616633    -0.1104162 -5.711161E-02 -2.835797E-03  5.259987E-02     0.1092179     0.1673331     0.2277729     0.2910882     0.3575836     0.4184406     0.4718727     0.5256902     0.5694378     0.6027592     0.6332307     0.6593683     0.6797668     0.6931652     0.6989785
       0.69756     0.6824129     0.6539845     0.6227359     0.5924162     0.5643737      0.539279     0.4950162     0.4288536     0.3727889             0
             0    -0.5808276    -0.6160172    -0.6427435    -0.6627162    -0.6848583    -0.7071717    -0.7219246    -0.7246727    -0.7196943    -0.7055625    -0.6788287    -0.6300458     -0.567845    -0.5051047     -0.443577    -0.3851057    -0.3285697    -0.2734782    -0.2194131
     -0.165956    -0.1124204 -5.684909E-02 -2.168949E-04  5.780675E-02     0.1174157     0.1791723     0.2442919     0.3138849     0.3891024     0.4608518     0.5266267     0.5966935     0.6578473     0.7070425     0.7546998     0.7977209     0.8317511     0.8509822     0.8504463
     0.8311189     0.7859157      0.728749     0.6767828     0.6323155     0.5945306     0.5627415     0.5092946     0.4350299     0.3752288             0
             0    -0.5881228    -0.6277911    -0.6597656    -0.6851206    -0.7159265    -0.7524738    -0.7870682    -0.8068442    -0.8114423    -0.7875572    -0.7435628    -0.6745589    -0.5975983    -0.5256906    -0.4581676    -0.3957173    -0.3363399    -0.2790982    -0.2233137
    -0.1684031     -0.113558 -5.669735E-02  1.276943E-03     0.0607859     0.1221359     0.1860583     0.2540457     0.3276471     0.4087615     0.4884983     0.5641711     0.6489018     0.7284874     0.7971311     0.8699956     0.9441695      1.012357      1.056046      1.030841
     0.9677669     0.8741609      0.784236     0.7132678     0.6576199     0.6128731     0.5766314     0.5174261      0.438436     0.3765519             0
             0    -0.5918841    -0.6340452    -0.6691875    -0.6981266    -0.7356433    -0.7863839     -0.851572    -0.9223846     -1.007711     -0.903004     -0.807848    -0.7080394     -0.616595    -0.5377217    -0.4662856    -0.4014595    -0.3404756    -0.2820589    -0.2253552
    -0.1696785    -0.1141493 -5.661772E-02  2.055462E-03  6.234181E-02     0.1246119     0.1896957      0.259254     0.3351194     0.4197196     0.5045205      0.587027      0.683181      0.779886      0.870164     0.9784668      1.113211      1.289736      1.535759      1.310376
      1.115866     0.9451112     0.8214141     0.7352569     0.6719761     0.6229113     0.5840731     0.5216642     0.4401744     0.3772202             0
