 51            10 
             0    -0.2679694    -0.2589607    -0.2518139     -0.246181    -0.2396879    -0.2323415    -0.2251758    -0.2196687    -0.2150589    -0.2102482    -0.2039881    -0.1947198    -0.1833954    -0.1713898    -0.1587621     -0.145574    -0.1318864    -0.1177696    -0.1033131
 -8.865374E-02 -7.399285E-02 -5.713566E-02    -0.0401945 -2.326177E-02 -6.420771E-03  1.025703E-02  2.670811E-02  4.287279E-02  5.869306E-02  7.218471E-02  8.349639E-02  9.453354E-02     0.1034855     0.1105092     0.1173905      0.124125     0.1307096     0.1371416     0.1434196
      0.151074     0.1613846      0.172544     0.1830704     0.1929509     0.2021674      0.210718     0.2265032     0.2535129     0.2763961             0
             0    -0.2731021    -0.2640422    -0.2568204    -0.2511339    -0.2445855    -0.2371644    -0.2299076    -0.2243186    -0.2196332    -0.2147356    -0.2083519     -0.198877    -0.1872688      -0.17494    -0.1619706    -0.1484363    -0.1343729    -0.1198388    -0.1049253
 -8.978022E-02 -7.464148E-02 -5.755567E-02 -4.012716E-02    -0.0227463 -5.516922E-03  1.150799E-02     0.0282861  4.476963E-02  6.090241E-02  7.465749E-02  8.618417E-02     0.0974208     0.1065211     0.1136513     0.1206244     0.1274339     0.1340745     0.1405418     0.1468345
     0.1544897     0.1648436     0.1760537     0.1866605     0.1966295     0.2058504     0.2143535     0.2299817     0.2564058     0.2783053             0
             0    -0.3510024     -0.341483    -0.3333623    -0.3267683    -0.3189473    -0.3098305    -0.3006762    -0.2934945     -0.287404    -0.2809678    -0.2724921    -0.2597337    -0.2438453    -0.2267428    -0.2085593    -0.1894283    -0.1694299    -0.1486754    -0.1273217
    -0.1056054 -8.389124E-02 -5.940834E-02 -3.448085E-02 -9.693818E-03  1.477598E-02  3.882055E-02  6.234202E-02     0.0852294     0.1073552      0.125928     0.1412726     0.1559849     0.1676731     0.1767002     0.1853908     0.1937336     0.2017199     0.2093436     0.2166028
     0.2252311     0.2364688     0.2480021     0.2582778     0.2673491     0.2751819     0.2818854     0.2932519     0.3077412     0.3121206             0
             0    -0.4279748    -0.4220255    -0.4154507    -0.4095645    -0.4019679    -0.3924301    -0.3822136    -0.3738557    -0.3665895    -0.3587373    -0.3481883    -0.3318959     -0.311058    -0.2882047    -0.2636079    -0.2375478    -0.2102107    -0.1818039    -0.1525737
    -0.1228556 -9.314711E-02 -5.966857E-02 -2.556559E-02  8.387016E-03  4.196122E-02  7.500584E-02     0.1073606     0.1388182     0.1691155     0.1943371     0.2149583     0.2344333     0.2495861     0.2610846     0.2719239      0.282074     0.2915122     0.3002239     0.3082048
     0.3172804      0.328216     0.3381757       0.34579     0.3514082     0.3552257     0.3575399     0.3597139     0.3545398     0.3384028             0
             0    -0.4904211     -0.492752    -0.4910644    -0.4882586    -0.4832465    -0.4754308    -0.4656394    -0.4568828    -0.4488941    -0.4399042    -0.4274161    -0.4073675    -0.3808563    -0.3512869    -0.3192784    -0.2854283    -0.2501187    -0.2136823    -0.1764393
    -0.1387742    -0.1012432 -5.900402E-02 -1.590209E-02     0.0272217  7.020464E-02     0.1129595     0.1553512      0.197127     0.2378759     0.2721145     0.3001676     0.3265449     0.3467795     0.3618771     0.3757637     0.3883326     0.3994989     0.4092074     0.4174391
       0.42591     0.4341793     0.4390115      0.439993     0.4382995     0.4346476      0.429654     0.4179508     0.3897264     0.3556562             0
             0     -0.537949    -0.5523047    -0.5591052    -0.5622954    -0.5631346    -0.5602818    -0.5532044    -0.5451192    -0.5368922    -0.5268556     -0.512076    -0.4869827    -0.4526946    -0.4142933    -0.3731405    -0.3303531    -0.2865298    -0.2420612    -0.1972338
    -0.1523586    -0.1079206 -5.802115E-02 -6.988841E-03  4.444231E-02  9.635095E-02     0.1489199     0.2022834     0.2564156     0.3110205     0.3585919     0.3985852     0.4369858     0.4667389     0.4888298     0.5087638     0.5260935     0.5404192     0.5514536     0.5590867
     0.5645041     0.5643477     0.5561075     0.5427148     0.5272954     0.5113697      0.495757     0.4660442     0.4147823     0.3667018             0
             0    -0.5657447    -0.5914307    -0.6080572    -0.6191946    -0.6291415    -0.6356728    -0.6353149    -0.6299194    -0.6222368    -0.6109436    -0.5925722    -0.5594438    -0.5141491    -0.4649059    -0.4139646    -0.3627369    -0.3117099    -0.2610466    -0.2107907
    -0.1610351     -0.112086 -5.725248E-02 -1.071583E-03  5.592559E-02     0.1141486     0.1742088     0.2367975     0.3026073     0.3722336      0.436735     0.4940407     0.5525473     0.6007918     0.6378647     0.6720251     0.7014909     0.7242329     0.7383868     0.7430262
     0.7380195     0.7142406      0.676856     0.6375291      0.601581     0.5701668     0.5430623     0.4964601     0.4286332     0.3723417             0
             0    -0.5785204     -0.610682    -0.6338484    -0.6510144    -0.6691454    -0.6862578    -0.6963169    -0.6968139    -0.6911601    -0.6775124    -0.6528345    -0.6086791     -0.552042    -0.4938007    -0.4359542    -0.3794529    -0.3243144     -0.270344    -0.2173276
    -0.1651728    -0.1140521 -5.686325E-02  1.784988E-03  6.149482E-02     0.1228887     0.1868789     0.2546037      0.327449     0.4071167     0.4845884       0.55705     0.6361998     0.7074035     0.7659966     0.8241476     0.8779691     0.9210282     0.9443343     0.9397491
     0.9088947     0.8415041      0.764871     0.6984292     0.6448365     0.6020249     0.5674505     0.5109987     0.4348304     0.3747776             0
             0    -0.5856645    -0.6218618    -0.6495013    -0.6712107    -0.6964414    -0.7250211    -0.7514899    -0.7675828    -0.7724131    -0.7480981    -0.7075909    -0.6466794    -0.5781409    -0.5123372    -0.4494407    -0.3894121    -0.3316822    -0.2757098     -0.221068
    -0.1675266    -0.1151651    -0.0566364  3.418056E-03     0.0646875     0.1279332     0.1942727      0.265169     0.3425578     0.4291281     0.5163395     0.6013433     0.6998857     0.7966403      0.883162     0.9788482      1.080833      1.178652      1.242923      1.198104
      1.098601     0.9569452     0.8330262     0.7407053     0.6727207     0.6215822     0.5819671     0.5192931     0.4382493     0.3760986             0
             0    -0.5893439    -0.6277757    -0.6580881    -0.6827848    -0.7134666    -0.7536591    -0.8075544    -0.8799498     -1.003453      -0.86037    -0.7634385    -0.6749191    -0.5945399    -0.5230438    -0.4568906    -0.3947771     -0.335592    -0.2785307    -0.2230225
    -0.1687517    -0.1157425 -5.651672E-02   4.27033E-03  6.635701E-02     0.1305834     0.1981871     0.2708303     0.3508072     0.4415114     0.5350193      0.628917     0.7430958     0.8645966     0.9836949      1.134883      1.335334       1.61526      2.030262      1.639549
      1.321379      1.055849     0.8806631     0.7668706     0.6887718     0.6323676     0.5897774     0.5236216     0.4399947     0.3767658             0
