 51            10 
             0    -0.2698041    -0.2610207    -0.2542251    -0.2487395    -0.2423168    -0.2351537     -0.228261     -0.223017    -0.2186574    -0.2141391    -0.2083008    -0.1997503     -0.189281    -0.1777703    -0.1646928     -0.150518    -0.1364745    -0.1218507    -0.1066431
 -9.144815E-02 -7.630719E-02 -6.056757E-02 -4.432687E-02 -2.840435E-02 -1.205497E-02  4.612876E-03  2.066085E-02  3.687162E-02     0.0531614  6.670549E-02  7.785145E-02  8.851077E-02  9.695583E-02      0.103458     0.1101307     0.1169517     0.1234694     0.1296683     0.1360109
      0.144102     0.1544478     0.1657775     0.1765379     0.1857888     0.1957684     0.2061412     0.2240489     0.2519539     0.2758045             0
             0    -0.2743963     -0.265496    -0.2585715    -0.2529874    -0.2464536    -0.2391433    -0.2320814    -0.2266927    -0.2222041    -0.2175437    -0.2115119    -0.2026611    -0.1918215    -0.1799311    -0.1665223    -0.1520799    -0.1377414    -0.1227703    -0.1071708
 -9.152742E-02 -7.588816E-02 -5.964185E-02 -4.291605E-02 -2.651229E-02 -9.721935E-03  7.326526E-03  2.374169E-02  4.032142E-02  5.696263E-02  7.082651E-02  8.226134E-02  9.322168E-02     0.1019167     0.1086061     0.1154474       0.12241     0.1290474     0.1353509     0.1417882
     0.1499661     0.1604185     0.1718625     0.1826904     0.1919978     0.2018675     0.2118087      0.228853     0.2557644     0.2783801             0
             0     -0.352811    -0.3436143    -0.3359464    -0.3295569    -0.3218479    -0.3129576    -0.3041162    -0.2972305    -0.2914208    -0.2853146    -0.2773201     -0.265401    -0.2505284    -0.2339633    -0.2150623    -0.1945304    -0.1741196     -0.152749    -0.1304309
    -0.1080201 -8.560814E-02 -6.234368E-02 -3.843243E-02 -1.504705E-02  8.790595E-03  3.286879E-02  5.588946E-02  7.892316E-02     0.1017863     0.1205617     0.1358452     0.1502697     0.1615075     0.1700352     0.1786234     0.1872331     0.1953043     0.2028286     0.2103553
     0.2197302     0.2313201     0.2433625     0.2541675     0.2628988     0.2714673     0.2795497     0.2923662      0.307858     0.3124132             0
             0    -0.4312091    -0.4263841    -0.4208559    -0.4156479    -0.4086774    -0.3998449    -0.3903018    -0.3824579    -0.3756254    -0.3682354    -0.3583098     -0.343019    -0.3232808    -0.3007781    -0.2747398    -0.2462492     -0.218032    -0.1885528    -0.1578355
    -0.1270615     -0.096349 -6.451663E-02 -3.182418E-02  1.459036E-04  3.274584E-02  6.568646E-02  9.717525E-02     0.1286337     0.1597349     0.1850744     0.2055057     0.2245307     0.2390824      0.249954     0.2606977     0.2712548     0.2809191     0.2896801     0.2981595
     0.3083689     0.3202572     0.3314047     0.3403029     0.3464774      0.351307     0.3548608     0.3586095     0.3552666     0.3388801             0
             0    -0.4960761    -0.5018421     -0.503062    -0.5024915    -0.4998446    -0.4943281    -0.4862945    -0.4785862    -0.4713149    -0.4629241    -0.4510556     -0.431689    -0.4054997    -0.3750111    -0.3395907    -0.3010216    -0.2634893    -0.2248675    -0.1851246
    -0.1457156    -0.1066807 -6.640537E-02    -0.0250911  1.538756E-02  5.686586E-02  9.906957E-02     0.1397791     0.1808693     0.2218486      0.255441      0.282547     0.3076742     0.3266608     0.3406487     0.3541957     0.3671818     0.3786816     0.3886638     0.3977962
     0.4081123     0.4187249     0.4264074     0.4304467     0.4313075     0.4294836     0.4257097     0.4160805     0.3908148     0.3562679             0
             0    -0.5467451    -0.5691546    -0.5833739    -0.5929041    -0.6010672    -0.6054574    -0.6036221    -0.5981511    -0.5912749    -0.5818149    -0.5668634    -0.5401001     -0.502399     -0.458771    -0.4093585    -0.3571005    -0.3081307    -0.2593212    -0.2103001
     -0.162583    -0.1159219 -6.813571E-02 -1.921253E-02  2.886757E-02  7.853519E-02     0.1296921     0.1798989     0.2317203     0.2846555      0.329202     0.3658133     0.4002422     0.4264017     0.4455744     0.4638459     0.4808709     0.4952225     0.5067355     0.5160476
     0.5249478     0.5308584     0.5299391     0.5239104     0.5152972     0.5032443     0.4892978     0.4629081     0.4160303      0.367405             0
             0     -0.577256     -0.616806    -0.6481844    -0.6733738     -0.701459    -0.7281159    -0.7437923    -0.7461019    -0.7414795    -0.7297365    -0.7069816    -0.6627377      -0.60259     -0.537976    -0.4699651     -0.402087    -0.3417337    -0.2840049    -0.2276649
    -0.1739223      -0.12206 -6.934021E-02 -1.547292E-02  3.761639E-02  9.289224E-02     0.1505454     0.2082241       0.26941      0.334075     0.3910079     0.4397484     0.4877075     0.5258415     0.5544769     0.5821251     0.6076497     0.6280441     0.6422297     0.6502816
     0.6532637     0.6459306     0.6269842     0.6038565      0.581899     0.5579064     0.5335391     0.4920643     0.4299101     0.3730934             0
             0    -0.5915082    -0.6413915    -0.6852767    -0.7238472    -0.7724506    -0.8283061    -0.8753422    -0.8961012    -0.8980147    -0.8798707    -0.8388587     -0.763639    -0.6745778    -0.5890083    -0.5058176    -0.4269412    -0.3594108     -0.296552    -0.2362794
    -0.1794606    -0.1250358 -6.993651E-02 -1.369944E-02  4.180927E-02  9.985273E-02     0.1608217     0.2225109     0.2890885     0.3611439     0.4269251     0.4854887     0.5462183     0.5979616     0.6390154     0.6811114     0.7219389     0.7550486     0.7753577     0.7784557
     0.7662497     0.7345914     0.6924685     0.6521768     0.6191748     0.5868434     0.5559387     0.5058788     0.4361065     0.3755504             0
             0    -0.5995472    -0.6560603    -0.7089512    -0.7583383    -0.8262236     -0.916427     -1.015452     -1.083302     -1.112275     -1.067209    -0.9793041    -0.8525058    -0.7294312    -0.6243144    -0.5290658    -0.4423327    -0.3700277    -0.3039372    -0.2412808
    -0.1826485    -0.1267417 -7.028172E-02 -1.269398E-02  4.419922E-02     0.1038446     0.1667679     0.2308872     0.3008663     0.3778484     0.4500394     0.5164149     0.5886473     0.6549102     0.7114283     0.7752828     0.8448016     0.9100043     0.9547002      0.935929
     0.8835061     0.8102631     0.7408264     0.6844681     0.6426215     0.6043684     0.5691366      0.513723     0.4395209      0.376883             0
             0     -0.603712    -0.6639751    -0.7224687    -0.7793819    -0.8630049    -0.9895741     -1.173108     -1.385977     -1.638608     -1.369985      -1.13721    -0.9262371    -0.7670631    -0.6460304     -0.542483    -0.4508659     -0.375771    -0.3078721    -0.2439195
    -0.1843204    -0.1276338 -7.046335E-02 -1.217195E-02  4.544446E-02     0.1059331     0.1698982     0.2353389      0.307224     0.3870923     0.4633201     0.5350759     0.6163073     0.6962336     0.7703093     0.8655913     0.9915892      1.159081      1.398624       1.19449
      1.015147     0.8720534     0.7733685     0.7038399     0.6558533     0.6139351     0.5761854     0.5178034     0.4412628     0.3775561             0
