 51            10 
             0    -0.2389121    -0.2322868     -0.226654    -0.2221372    -0.2168695    -0.2108648    -0.2049798     -0.200446     -0.196646     -0.192676    -0.1875049     -0.179838    -0.1704513    -0.1617245     -0.153761    -0.1453767    -0.1329351    -0.1191893    -0.1053257
 -9.061604E-02 -7.540049E-02 -5.972078E-02 -4.367449E-02 -2.745713E-02 -1.098433E-02   5.76245E-03     0.0227553  3.900716E-02  5.419635E-02  6.734891E-02     0.0784006  8.917905E-02  9.793739E-02     0.1048518     0.1117145     0.1185494     0.1253521     0.1321516     0.1385255
     0.1458848     0.1562682     0.1675106     0.1779128     0.1880297     0.1977578       0.20692     0.2241379     0.2521949     0.2759731             0
             0    -0.2420427    -0.2354147    -0.2297621    -0.2252239     -0.219925    -0.2138769    -0.2079411    -0.2033627     -0.199522    -0.1955056    -0.1902686      -0.18249    -0.1729382    -0.1640224    -0.1558284    -0.1471182    -0.1343429     -0.120256    -0.1060247
 -9.089752E-02 -7.522897E-02 -5.907932E-02 -4.256609E-02 -2.589028E-02 -8.977375E-03  8.181394E-03  2.557093E-02  4.218126E-02     0.0577116     0.0711683  8.248108E-02  9.351652E-02     0.1024798     0.1095502     0.1165592     0.1235273     0.1304506     0.1373597     0.1438271
     0.1512989     0.1617937     0.1731009     0.1835238     0.1936019     0.2031908     0.2121086     0.2287427     0.2558551     0.2782818             0
             0    -0.2915712    -0.2851892    -0.2794461    -0.2747477     -0.269168    -0.2626972    -0.2562484    -0.2512178    -0.2469664    -0.2424875    -0.2366042    -0.2277692    -0.2167601    -0.2063319    -0.1965932    -0.1860739    -0.1686827    -0.1488903    -0.1286601
    -0.1070498    -0.0846253 -6.151374E-02 -3.791614E-02    -0.0141518  9.851999E-03  3.407174E-02      0.058442     0.0815159     0.1028305      0.121031     0.1361293      0.150627     0.1621861     0.1711776     0.1799568     0.1885442     0.1969296     0.2051457     0.2126916
     0.2212169     0.2327784     0.2446304     0.2549372     0.2642868     0.2726018     0.2798032     0.2922797     0.3078704     0.3123108             0
             0    -0.3341216     -0.329379    -0.3245553    -0.3204618    -0.3154494    -0.3094792     -0.303386    -0.2985556    -0.2944323     -0.290047    -0.2842345     -0.275394    -0.2642014    -0.2534343    -0.2432351    -0.2320316    -0.2094898    -0.1828027     -0.155224
    -0.1256759 -9.500511E-02 -6.340788E-02 -3.115663E-02  1.324084E-03     0.0341436  6.726671E-02     0.1005822     0.1320673     0.1610239     0.1855465     0.2056896     0.2247626     0.2396817     0.2511024     0.2620461     0.2725208     0.2824992     0.2920076     0.3004794
     0.3097037     0.3214326     0.3323185     0.3406456     0.3470782     0.3517512     0.3548428     0.3584756     0.3551567     0.3387265             0
             0    -0.3644462    -0.3621301    -0.3588639    -0.3558759    -0.3520004    -0.3471625    -0.3420312    -0.3378671     -0.334266    -0.3303939    -0.3252155    -0.3172605    -0.3071136    -0.2973274    -0.2881654    -0.2781556    -0.2506065    -0.2166684    -0.1814556
    -0.1438467    -0.1049722 -6.503882E-02 -2.430022E-02     0.0168182  5.856808E-02     0.1010017     0.1440515     0.1850941     0.2231786     0.2556034     0.2822322     0.3073041     0.3266521     0.3412454     0.3549471     0.3677119     0.3794597     0.3901859     0.3992688
     0.4085282     0.4188126     0.4262068     0.4297414     0.4303267     0.4285728     0.4251156     0.4158161     0.3905809     0.3560576             0
             0    -0.3851548    -0.3854959    -0.3840805    -0.3824531    -0.3800168    -0.3766359    -0.3727431    -0.3694308    -0.3664953     -0.363279    -0.3589216     -0.352171    -0.3436329    -0.3356317    -0.3287576    -0.3218873    -0.2894231    -0.2480477     -0.205335
    -0.1601541    -0.1138507 -6.653727E-02 -1.832242E-02  3.050913E-02  8.049106E-02     0.1319252     0.1849812     0.2365559     0.2855934     0.3283515     0.3640144     0.3979519     0.4241718     0.4437889     0.4618787     0.4781978     0.4924804     0.5045959     0.5138611
     0.5219899      0.527684       0.52688     0.5209859     0.5115827     0.5000983     0.4877347     0.4624275     0.4156862     0.3671457             0
             0    -0.3962618      -0.39863    -0.3987833    -0.3983735    -0.3972879    -0.3953087    -0.3925759    -0.3899995    -0.3875923    -0.3848464    -0.3810267    -0.3750199    -0.3675976    -0.3611075    -0.3566457    -0.3536057    -0.3171612    -0.2698319     -0.221514
    -0.1710038    -0.1197105 -6.757989E-02 -1.451921E-02  3.939103E-02  9.500322E-02     0.1529611     0.2138477     0.2744454     0.3340244     0.3880664     0.4346657     0.4805611      0.517108     0.5447807     0.5703002      0.592806     0.6113807     0.6253745     0.6339439
     0.6386724     0.6338576     0.6176649     0.5970998     0.5745641     0.5520488     0.5308331     0.4913574      0.429494     0.3728039             0
             0    -0.4011677    -0.4045868    -0.4056221    -0.4059396    -0.4057196    -0.4047062    -0.4028064     -0.400724    -0.3986197    -0.3960717    -0.3923986     -0.386526    -0.3794447    -0.3736407    -0.3705597    -0.3699498    -0.3312563    -0.2806835    -0.2294518
    -0.1762698    -0.1225403 -6.809506E-02 -1.271505E-02  4.364673E-02     0.1020344     0.1633165      0.228382     0.2940885     0.3601587     0.4219081      0.476752     0.5327774     0.5793383     0.6156198       0.64992     0.6804281     0.7049037     0.7212802     0.7280356
     0.7273142     0.7082552      0.675311     0.6416122     0.6090403     0.5790864     0.5524691     0.5050359     0.4356555     0.3752469             0
             0    -0.4038576    -0.4079005    -0.4094864    -0.4102793    -0.4106619    -0.4103834    -0.4091933    -0.4075508    -0.4056812    -0.4031892    -0.3994485    -0.3934308    -0.3863844    -0.3809132    -0.3786788    -0.3796589    -0.3395534    -0.2869981    -0.2340321
    -0.1792907    -0.1241591 -6.839292E-02 -1.169202E-02  4.607217E-02     0.1060652     0.1693042     0.2368921     0.3057861     0.3761104     0.4432499     0.5042705     0.5685893     0.6243556     0.6693679     0.7136626     0.7545308     0.7878075     0.8081926      0.810946
     0.8015978     0.7648091     0.7152293     0.6704625     0.6303617     0.5952723     0.5651475     0.5127932       0.43905     0.3765716             0
             0    -0.4052258    -0.4096026    -0.4114953     -0.412565    -0.4133234    -0.4135602    -0.4129794    -0.4118175    -0.4102311    -0.4076088    -0.4035837    -0.3972548    -0.3901013    -0.3847588    -0.3829821    -0.3848712    -0.3439751     -0.290335    -0.2364382
    -0.1808712    -0.1250045 -6.854948E-02    -0.0111608  4.733579E-02     0.1081734     0.1724546     0.2414095     0.3120734      0.384851     0.4552713     0.5202948     0.5904768     0.6536069      0.706482     0.7612357     0.8152339     0.8630317     0.8937514     0.8853135
      0.861228     0.8040305     0.7399898     0.6871785     0.6421986     0.6040201      0.571889     0.5168247     0.4407814     0.3772407             0
