 51            10 
             0 -1.416335E-03  1.467262E-04   1.33998E-03  2.271641E-03  3.337693E-03  4.535499E-03     0.0056959  6.583267E-03  7.323659E-03  8.093947E-03   9.09338E-03  1.056718E-02  1.236015E-02  1.425545E-02  1.624635E-02  1.832568E-02  2.048587E-02  2.271901E-02  2.501686E-02
  2.737091E-02  2.977237E-02  3.221214E-02  3.468084E-02  3.716892E-02  3.966683E-02  4.216513E-02  4.465454E-02     0.0471261  4.957111E-02  5.168003E-02  5.346425E-02  5.522187E-02  5.666191E-02  5.779975E-02  5.892259E-02  6.002968E-02  6.112028E-02     0.0621937  6.324928E-02
  6.454567E-02  6.631024E-02  6.824642E-02  7.009848E-02  7.186331E-02  7.353835E-02  7.512153E-02  7.810104E-02  8.351265E-02  8.853301E-02             0
             0  -1.68424E-03 -1.131927E-04  1.087503E-03  2.025386E-03  3.098979E-03  4.305689E-03  5.475101E-03  6.369561E-03   7.11598E-03  7.892644E-03  8.900482E-03  1.038695E-02  1.219573E-02     0.0141081  1.611726E-02  1.821592E-02  2.039641E-02  2.265068E-02  2.497035E-02
  2.734674E-02  2.977088E-02  3.223351E-02  3.472505E-02  3.723575E-02  3.975587E-02  4.227576E-02  4.478597E-02  4.727731E-02  4.974092E-02  5.186494E-02  5.366127E-02  5.543012E-02  5.687874E-02  5.802302E-02  5.915187E-02  6.026451E-02  6.136021E-02  6.243829E-02  6.349806E-02
  6.479914E-02     0.0665691  6.850968E-02  7.036447E-02  7.213045E-02  7.380519E-02  7.538678E-02  7.836077E-02  8.374869E-02  8.872049E-02             0
             0 -5.857212E-03 -4.169073E-03 -2.856473E-03  -1.82422E-03 -6.354201E-04  7.081607E-04  2.016784E-03  3.021216E-03  3.861236E-03  4.737113E-03  5.875938E-03  7.560247E-03  9.616544E-03  1.179685E-02  1.409301E-02  1.649614E-02  1.899669E-02  2.158453E-02  2.424899E-02
     0.0269789  2.976263E-02  3.258809E-02  3.544262E-02  3.831329E-02  4.118709E-02  4.405106E-02  4.689248E-02  4.969898E-02  5.245868E-02  5.482262E-02  5.681104E-02  5.875749E-02  6.034135E-02  6.158679E-02  6.280959E-02  6.400887E-02     0.0651838  6.633362E-02  6.745767E-02
  6.882976E-02  7.067972E-02  7.268297E-02  7.457303E-02  7.634876E-02  7.800993E-02  7.955711E-02  8.242591E-02  8.740543E-02  9.158805E-02             0
             0 -9.195565E-03 -7.463849E-03 -6.090472E-03 -5.001473E-03 -3.737754E-03 -2.299393E-03 -8.892813E-04  1.979619E-04  1.109824E-03  2.063174E-03   3.30589E-03  5.150368E-03  7.411651E-03  9.817858E-03  1.235943E-02  1.502581E-02  1.780556E-02  2.068652E-02     0.0236559
  2.670034E-02  2.980591E-02  3.295805E-02  3.614142E-02  3.934018E-02  4.253822E-02  4.571931E-02  4.886722E-02  5.196594E-02  5.499985E-02     0.0575847  5.974846E-02  6.185487E-02  6.355816E-02  6.489135E-02  6.619387E-02  6.746463E-02  6.870264E-02  6.990708E-02  7.107725E-02
  7.249646E-02  7.439064E-02  7.641272E-02  7.829244E-02     0.0800318  8.163413E-02  8.310369E-02  8.578718E-02  9.024232E-02  9.365059E-02             0
             0 -1.144419E-02 -9.725137E-03 -8.335753E-03 -7.224956E-03 -5.925916E-03 -4.436506E-03 -2.966337E-03 -1.827406E-03 -8.693754E-04  1.350221E-04  1.447663E-03  3.402784E-03  5.809305E-03  8.378268E-03     0.0110985  1.395767E-02  1.694254E-02  2.003926E-02  2.323349E-02
  2.651044E-02  2.985481E-02  3.325068E-02  3.668117E-02  4.012877E-02     0.0435754  4.700254E-02  5.039129E-02  5.372244E-02  5.697666E-02  5.974005E-02  6.204553E-02  6.428044E-02  6.607832E-02  6.747994E-02  6.884322E-02  7.016674E-02  7.144928E-02  7.268987E-02  7.388778E-02
  7.533125E-02  7.723814E-02  7.924465E-02  8.108258E-02  8.275845E-02  8.428023E-02  8.565667E-02  8.813667E-02  9.211063E-02     0.0949321             0
             0 -1.291324E-02 -1.123181E-02 -9.850753E-03  -8.73848E-03 -7.428429E-03 -5.915941E-03 -4.413018E-03 -3.243266E-03 -2.256458E-03 -1.219094E-03  1.399914E-04  2.170933E-03  4.679549E-03  7.364317E-03  1.021211E-02  1.320868E-02  1.633916E-02  1.958837E-02  2.294093E-02
  2.638133E-02  2.989376E-02  3.346183E-02  3.706818E-02  4.069471E-02  4.432258E-02  4.793218E-02  5.150304E-02  5.501374E-02  5.844193E-02  6.134916E-02  6.377013E-02  6.611039E-02  6.798559E-02     0.0694426  7.085416E-02  7.221828E-02  7.353332E-02  7.479806E-02     0.0760117
  7.746445E-02  7.936352E-02  8.133321E-02  8.311216E-02     0.0847129  8.614893E-02  8.743355E-02  8.972497E-02     0.0933114  9.572209E-02             0
             0 -1.367465E-02 -1.202741E-02    -0.0106613 -9.555976E-03 -8.247974E-03 -6.730465E-03 -5.214996E-03 -4.031156E-03 -3.030164E-03 -1.975641E-03 -5.914135E-04  1.482152E-03  4.049466E-03  6.801011E-03  9.721845E-03  1.279625E-02  1.600825E-02  1.934196E-02     0.0227816
  2.631147E-02  2.991576E-02  3.357819E-02  3.728151E-02  4.100771E-02  4.473801E-02  4.845269E-02  5.213096E-02  5.575063E-02  5.928791E-02  6.228864E-02  6.478668E-02  6.719894E-02  6.912786E-02  7.062344E-02  7.206835E-02     0.0734598  7.479552E-02  7.607383E-02  7.729381E-02
  7.874565E-02     0.0806265  8.255494E-02  8.427911E-02  8.581751E-02  8.718812E-02  8.840732E-02  9.057168E-02  9.392653E-02  9.611549E-02             0
             0    -0.0140057    -0.0123766 -1.101969E-02 -9.919513E-03 -8.614757E-03    -0.0070974 -5.578101E-03 -4.388826E-03    -0.0033819 -2.319807E-03 -9.241113E-04  1.169403E-03  3.764354E-03     0.0065471  9.501676E-03  1.261163E-02  1.586052E-02  1.923218E-02  2.271072E-02
  2.628044E-02     0.0299256  3.363005E-02  3.737667E-02     0.0411476     0.0449242  4.868688E-02  5.241487E-02  5.608587E-02     0.0596757  6.272275E-02  6.525996E-02  6.770986E-02  6.966768E-02  7.118438E-02  7.264774E-02     0.0740543     0.0754011  7.668599E-02  7.790783E-02
     0.0793564  8.122264E-02  8.312407E-02  8.481584E-02  8.631984E-02  8.765616E-02  8.884237E-02  9.094466E-02  9.419259E-02     0.0962836             0
             0    -0.0141858 -1.256751E-02 -1.121643E-02 -1.011973E-02  -8.81756E-03 -7.301179E-03 -5.780496E-03 -4.588582E-03  -3.57853E-03 -2.512249E-03 -1.110036E-03  9.949779E-04  3.605804E-03  6.406297E-03  9.379879E-03     0.0125097  1.577908E-02  1.917173E-02  2.267172E-02
  2.626337E-02  2.993102E-02  3.365859E-02  3.742907E-02  4.122471E-02  4.502698E-02  4.881642E-02  5.257233E-02  5.627242E-02  5.989245E-02  6.296659E-02  6.552712E-02  6.799994E-02  6.997588E-02  7.150608E-02  7.298149E-02  7.439807E-02  7.575221E-02  7.704114E-02  7.826345E-02
  7.970851E-02  8.156329E-02  8.344606E-02  8.511692E-02  8.659967E-02  8.791544E-02  8.908235E-02  9.114889E-02  9.433699E-02     0.0963743             0
             0 -1.427696E-02 -1.266443E-02 -1.131659E-02 -1.022191E-02 -8.921374E-03 -7.405887E-03 -5.884868E-03 -4.691805E-03 -3.680232E-03 -2.611781E-03 -1.206094E-03  9.050873E-04   3.52433E-03  6.334117E-03  9.317561E-03  1.245762E-02  1.573752E-02  1.914091E-02  2.265184E-02
  2.625468E-02  2.993378E-02  3.367313E-02  3.745578E-02  4.126405E-02  4.507947E-02  4.888267E-02  5.265299E-02  5.636822E-02  6.000409E-02  6.309266E-02     0.0656658     0.0681513  7.013757E-02     0.0716757  7.315844E-02  7.458134E-02  7.594028E-02  7.723177E-02  7.845378E-02
  7.989566E-02     0.0817424     0.0836137  8.527254E-02  8.674355E-02  8.804823E-02  8.920489E-02  9.125267E-02  9.440996E-02  9.641998E-02             0
