 51            10 
             0  1.840589E-02  1.965562E-02     0.0203422  2.085828E-02     0.0214405  2.209048E-02  2.271782E-02  2.319659E-02  2.359563E-02  2.401037E-02  2.454802E-02  2.533995E-02  2.630212E-02  2.731811E-02  2.838437E-02  2.949713E-02  3.065242E-02  3.184605E-02  3.307372E-02
  3.433092E-02  3.561302E-02  3.691525E-02     0.0382327  3.956038E-02  4.089332E-02  4.222657E-02  4.355528E-02  4.487472E-02  4.618035E-02  4.730685E-02  4.826016E-02  4.919954E-02  4.996943E-02  5.057789E-02  5.117847E-02  5.177076E-02  5.235438E-02  5.292894E-02  5.349411E-02
     0.0541884     0.0551338  5.617174E-02  5.716513E-02  5.811228E-02  5.901172E-02  5.986227E-02     0.0614636  6.436943E-02  6.662288E-02             0
             0  1.827361E-02  1.952489E-02  2.021507E-02  2.073427E-02  2.132031E-02     0.0219748     0.0226067  2.308907E-02  2.349115E-02  2.390912E-02  2.445102E-02  2.524934E-02     0.0262195  2.724411E-02  2.831957E-02  2.944208E-02  3.060759E-02  3.181188E-02  3.305054E-02
  3.431899E-02  3.561252E-02  3.692625E-02     0.0382552  3.959427E-02     0.0409384  4.228253E-02     0.0436217  4.495111E-02     0.0462661  4.740021E-02  4.835963E-02  4.930468E-02  5.007889E-02     0.0506906  5.129421E-02  5.188931E-02  5.247551E-02  5.305243E-02  5.361973E-02
  5.431639E-02  5.526454E-02  5.630472E-02  5.729953E-02  5.824729E-02  5.914664E-02  5.999642E-02  6.159506E-02  6.448913E-02  6.671769E-02             0
             0  1.621375E-02  1.748553E-02  1.822974E-02  1.879631E-02  1.944068E-02  2.016452E-02  2.086691E-02  2.140492E-02  2.185434E-02  2.232245E-02  2.293053E-02  2.382876E-02  2.492382E-02  2.608355E-02  2.730369E-02  2.857963E-02  2.990638E-02  3.127866E-02  3.269092E-02
  3.413732E-02  3.561182E-02     0.0371081  3.861965E-02  4.013978E-02  4.166178E-02  4.317897E-02  4.468475E-02  4.617271E-02  4.763669E-02  4.889159E-02  4.994774E-02  5.098227E-02  5.182469E-02  5.248743E-02  5.313848E-02  5.377735E-02  5.440361E-02  5.501687E-02  5.561675E-02
  5.634948E-02  5.733842E-02  5.841082E-02  5.942413E-02     0.0603776  6.127094E-02  6.210426E-02  6.365165E-02  6.634346E-02  6.816868E-02             0
             0  1.457117E-02  1.583526E-02  1.660869E-02  1.720399E-02  1.788652E-02  1.865855E-02  1.941236E-02  1.999223E-02  2.047792E-02  2.098509E-02     0.0216455  2.262428E-02  2.382229E-02  2.509536E-02  2.643856E-02  2.784641E-02  2.931303E-02  3.083213E-02  3.239708E-02
  3.400095E-02  3.563652E-02  3.729624E-02  3.897224E-02  4.065642E-02  4.234049E-02  4.401614E-02  4.567504E-02  4.730898E-02  4.890994E-02  5.027519E-02  5.141899E-02  5.253351E-02     0.0534357  5.414242E-02  5.483345E-02  5.550823E-02  5.616625E-02  5.680708E-02  5.743033E-02
  5.818707E-02  5.919885E-02  6.028165E-02  6.129088E-02     0.0622273  6.309238E-02  6.388803E-02  6.534492E-02  6.777799E-02  6.921095E-02             0
             0     0.0134679  1.470704E-02  1.548834E-02     0.0160952  1.679624E-02     0.0175946  1.837903E-02  1.898507E-02  1.949405E-02     0.0200269  2.072238E-02  2.175651E-02  2.302698E-02  2.438113E-02  2.581325E-02  2.731705E-02  2.888576E-02  3.051227E-02  3.218917E-02
  3.390881E-02  3.566325E-02  3.744426E-02  3.924317E-02  4.105101E-02  4.285853E-02  4.465626E-02  4.643452E-02  4.818351E-02     0.0498934  5.134686E-02  5.256064E-02  5.373864E-02     0.0546876  5.542818E-02  5.614934E-02  5.685037E-02  5.753063E-02  5.818963E-02  5.882698E-02
  5.959627E-02     0.0606153  6.169171E-02  6.268167E-02     0.0635881  6.441466E-02  6.516542E-02  6.652368E-02  6.872058E-02  6.985795E-02             0
             0  1.274882E-02  1.395817E-02  1.473603E-02  1.534462E-02  1.605227E-02  1.686317E-02  1.766463E-02  1.828638E-02  1.880989E-02  1.935927E-02  2.007791E-02  2.114962E-02  2.247047E-02  2.388167E-02  2.537665E-02  2.694822E-02  2.858885E-02  3.029076E-02  3.204605E-02
  3.384666E-02  3.568437E-02  3.755066E-02  3.943659E-02  4.133288E-02  4.322984E-02  4.511741E-02  4.698509E-02  4.882196E-02  5.061669E-02  5.214005E-02  5.340981E-02  5.463877E-02  5.562511E-02  5.639249E-02  5.713707E-02  5.785787E-02     0.0585541  5.922514E-02  5.987057E-02
     0.0606451  6.166165E-02  6.272191E-02  6.368498E-02  6.455647E-02  6.534264E-02  6.604972E-02  6.731754E-02  6.932532E-02  7.025655E-02             0
             0  1.237682E-02  1.356417E-02  1.433559E-02  1.494175E-02  1.564954E-02  1.646403E-02  1.727247E-02  1.790157E-02  1.843228E-02  1.899021E-02  1.972122E-02  2.081367E-02  2.216292E-02  2.360645E-02  2.513689E-02  2.674641E-02  2.842694E-02  3.017035E-02     0.0319685
  3.381325E-02  3.569629E-02  3.760914E-02  3.954287E-02  4.148819E-02  4.343539E-02     0.0453743  4.729419E-02  4.918368E-02  5.103067E-02  5.259838E-02  5.390441E-02  5.516701E-02  5.617828E-02  5.696351E-02  5.772353E-02  5.845704E-02  5.916302E-02  5.984067E-02  6.048955E-02
     0.0612645  6.227405E-02  6.331685E-02  6.425581E-02  6.509916E-02  6.585522E-02     0.0665317  6.773936E-02  6.963472E-02  7.045498E-02             0
             0  1.221522E-02  1.339158E-02  1.415906E-02  1.476331E-02  1.547023E-02  1.628543E-02  1.709632E-02  1.772836E-02  1.826211E-02  1.882379E-02  1.956035E-02  2.066228E-02  2.202463E-02  2.348302E-02  2.502967E-02  2.665638E-02  2.835487E-02  3.011684E-02     0.0319341
  3.379845E-02  3.570163E-02  3.763517E-02     0.0395902  4.155748E-02  4.352733E-02     0.0454896  4.743352E-02  4.934759E-02  5.121944E-02  5.280873E-02  5.413276E-02  5.541237E-02  5.643648E-02  5.723099E-02  5.799906E-02  5.873915E-02  5.945003E-02  6.013076E-02  6.078085E-02
  6.155504E-02  6.255928E-02  6.359123E-02  6.451645E-02  6.534465E-02  6.608517E-02  6.674641E-02  6.792486E-02  6.976847E-02  7.053975E-02             0
             0  1.212734E-02  1.329731E-02  1.406232E-02  1.466526E-02  1.537142E-02  1.618669E-02  1.699871E-02  1.763226E-02  1.816763E-02  1.873136E-02      0.019471  2.057829E-02  2.194803E-02  2.341479E-02  2.497049E-02  2.660677E-02     0.0283152  3.008742E-02  3.191519E-02
  3.379032E-02  3.570457E-02  3.764949E-02  3.961625E-02  4.159564E-02  4.357804E-02     0.0455533  4.751067E-02  4.943861E-02  5.132464E-02  5.292641E-02  5.426098E-02  5.555069E-02  5.658256E-02  5.738275E-02  5.815577E-02  5.889992E-02  5.961379E-02     0.0602963  6.094691E-02
  6.172025E-02  6.272063E-02     0.0637454  6.466197E-02  6.548097E-02  6.621228E-02  6.686465E-02  6.802636E-02  6.984104E-02  7.058549E-02             0
             0  1.208288E-02  1.324948E-02  1.401312E-02  1.461531E-02  1.532097E-02  1.613616E-02  1.694865E-02  1.758292E-02     0.0181191  1.868387E-02  1.942512E-02     0.0205352     0.0219088  2.337988E-02  2.494026E-02  2.658145E-02  2.829497E-02  3.007243E-02  3.190556E-02
  3.378619E-02  3.570607E-02  3.765678E-02  3.962952E-02  4.161509E-02  4.360391E-02  4.558584E-02  4.755015E-02  4.948528E-02  5.137872E-02  5.298707E-02  5.432726E-02  5.562244E-02  5.665857E-02  5.746191E-02  5.823773E-02  5.898421E-02  5.969978E-02  6.038327E-02  6.103405E-02
     0.0618067  6.280462E-02  6.382519E-02  6.473692E-02  6.555089E-02  6.627728E-02  6.692495E-02  6.807791E-02  6.987771E-02  7.060852E-02             0
