 51            10 
             0    -0.2561997    -0.2464726    -0.2382023    -0.2325288    -0.2267076    -0.2196864    -0.2125401    -0.2069011    -0.2020998    -0.1970004    -0.1902391    -0.1799094    -0.1675911    -0.1546342    -0.1422269    -0.1305196    -0.1175558    -0.1035205 -8.853134E-02
 -7.264151E-02 -5.583506E-02 -3.954754E-02 -2.384477E-02 -7.371581E-03  8.528001E-03  2.368248E-02  3.912025E-02  5.467331E-02  7.020141E-02  8.366747E-02  9.509785E-02     0.1064011     0.1157117     0.1231031     0.1299786     0.1363332     0.1426174     0.1488223     0.1549391
      0.162464     0.1727176     0.1839712      0.194747     0.2050543     0.2143729     0.2226845     0.2382855     0.2653892     0.2883008             0
             0    -0.2617658    -0.2526948    -0.2452824    -0.2395631    -0.2332929    -0.2259762    -0.2187965    -0.2132704    -0.2086385    -0.2037927     -0.197455    -0.1879088    -0.1762845    -0.1636167    -0.1504024    -0.1374185     -0.123439    -0.1087569 -9.347549E-02
 -7.767143E-02 -6.110978E-02 -4.446458E-02 -2.807254E-02 -1.093371E-02  5.905852E-03  2.212934E-02  3.849015E-02  5.481405E-02  7.096498E-02  8.476482E-02  9.634422E-02     0.1076805     0.1169712     0.1243742     0.1313568     0.1378856     0.1443655      0.150764     0.1570711
     0.1648238     0.1752758     0.1866011     0.1973257     0.2074798     0.2168984     0.2254976     0.2415446     0.2682854     0.2903756             0
             0    -0.3398895    -0.3304303    -0.3221464    -0.3155687      -0.30811    -0.2991552    -0.2901277    -0.2830458    -0.2770384    -0.2706815    -0.2622774     -0.249429    -0.2335197    -0.2159195    -0.1973743    -0.1789754    -0.1590688     -0.138095    -0.1162246
 -9.358872E-02 -6.987248E-02 -4.606223E-02 -2.264438E-02  1.775766E-03  2.567678E-02     0.0485836  7.151936E-02  9.418855E-02     0.1163488     0.1349951     0.1504233     0.1652812     0.1772294     0.1866181     0.1953446     0.2033662     0.2111861     0.2187614     0.2260781
     0.2348807     0.2463405     0.2581258     0.2686605     0.2780154     0.2861266     0.2930114     0.3049133      0.319996     0.3243288             0
             0    -0.4174441    -0.4118898    -0.4054441    -0.3998308     -0.392767    -0.3835748    -0.3736261    -0.3654499    -0.3583198    -0.3505837    -0.3401252    -0.3236722     -0.302718    -0.2790411    -0.2537965    -0.2285485    -0.2011878    -0.1723748    -0.1423655
    -0.1113571 -7.892135E-02 -4.639534E-02 -1.440181E-02  1.898277E-02  5.168612E-02  8.305921E-02      0.114477     0.1454838     0.1756709       0.20086     0.2214893     0.2410672     0.2565001     0.2684282     0.2793064     0.2890702     0.2983356     0.3070415      0.315166
      0.324576     0.3360429     0.3466242     0.3549018     0.3611002      0.365431     0.3681596     0.3711554     0.3670608     0.3507244             0
             0    -0.4808684    -0.4845489    -0.4839424    -0.4822173     -0.478279    -0.4714158    -0.4623213     -0.453954     -0.446204    -0.4373637    -0.4249143    -0.4044063    -0.3773302    -0.3461379    -0.3127231    -0.2793692    -0.2435557    -0.2062392    -0.1677388
    -0.1282744 -8.723227E-02 -4.619775E-02  -5.80453E-03  3.649569E-02     0.0781799     0.1185258     0.1593465     0.2000725     0.2401201     0.2737631     0.3013323     0.3273552     0.3475798     0.3629653      0.376694     0.3886377     0.3995287     0.4092589     0.4177863
     0.4269394     0.4365311     0.4429972     0.4457394     0.4454643     0.4429688     0.4389601     0.4287728     0.4023608      0.368055             0
             0    -0.5296603    -0.5472634    -0.5573689    -0.5636498    -0.5672415    -0.5672734    -0.5622863    -0.5552083    -0.5474558    -0.5375254    -0.5223868    -0.4956203    -0.4590892    -0.4169689    -0.3725135    -0.3291021    -0.2836481    -0.2373745    -0.1905149
    -0.1431703 -9.441265E-02 -4.589635E-02  1.894254E-03  5.220788E-02     0.1022665     0.1514646     0.2022237     0.2540839     0.3064869      0.351796     0.3896659     0.4259448     0.4542587     0.4756336     0.4943382     0.5100016     0.5234277     0.5343238     0.5425726
      0.549659     0.5532585     0.5497227     0.5411054     0.5293221     0.5161197     0.5027024     0.4758898     0.4274212     0.3791501             0
             0     -0.558547    -0.5898642    -0.6133102     -0.631124    -0.6477181    -0.6621928    -0.6681174    -0.6656281    -0.6590253    -0.6474267    -0.6270101    -0.5881233    -0.5358119    -0.4784298    -0.4206991    -0.3668604    -0.3125777    -0.2589476    -0.2058126
    -0.1529576 -9.906577E-02 -4.569422E-02  6.896147E-03  6.253102E-02     0.1183988      0.174172     0.2329752     0.2948432     0.3598111     0.4188177     0.4703321     0.5220652     0.5642961     0.5968609     0.6255537     0.6491452     0.6680228     0.6809134     0.6872138
     0.6875141     0.6755933     0.6516242     0.6240436      0.596239     0.5703122     0.5472144     0.5053453     0.4412307     0.3848148             0
             0    -0.5719156    -0.6112923    -0.6441053    -0.6712362    -0.7005176    -0.7325823    -0.7561275    -0.7630872    -0.7594723    -0.7446709    -0.7144998    -0.6573341    -0.5868449    -0.5156248    -0.4477421    -0.3869929    -0.3274219    -0.2697155     -0.213301
    -0.1576877    -0.1012991 -4.560014E-02  9.289575E-03  6.750528E-02     0.1262595     0.1854304     0.2486153     0.3163323     0.3893602     0.4583132      0.521019     0.5874258     0.6453822     0.6923609      0.735854     0.7733061     0.8034379     0.8211218      0.822194
     0.8076362     0.7697766     0.7206337     0.6745818     0.6338102     0.5989481     0.5697843     0.5193306     0.4473993     0.3872613             0
             0    -0.5794192    -0.6238972    -0.6633189     -0.697718    -0.7384647    -0.7898872    -0.8393508     -0.865565    -0.8702084     -0.847031    -0.7974246    -0.7138652    -0.6236833    -0.5403582    -0.4647244    -0.3992068     -0.336216    -0.2759927    -0.2176191
    -0.1603964    -0.1025734 -4.554768E-02  1.065225E-02  7.034801E-02     0.1307786     0.1919648     0.2578244     0.3292573     0.4077013     0.4838989     0.5555143     0.6350558     0.7094889      0.773868     0.8385692     0.9011039     0.9586756     0.9956229     0.9772916
     0.9274518     0.8487788     0.7712398     0.7084048     0.6574627      0.616258     0.5830886     0.5272799     0.4507994      0.388588             0
             0    -0.5832935    -0.6306289    -0.6740971     -0.713391    -0.7631047    -0.8333628    -0.9184326    -0.9869372     -1.026131    -0.9683405     -0.876338    -0.7568327    -0.6476267    -0.5550538    -0.4742721    -0.4058731    -0.3409268    -0.2793152     -0.219887
    -0.1618122    -0.1032378 -4.552082E-02  1.136159E-02  7.183161E-02     0.1331468     0.1954117     0.2627326     0.3362572     0.4178894      0.498658     0.5763915     0.6660964     0.7556832     0.8391317     0.9329571      1.043347      1.185485         1.376      1.206005
      1.053267     0.9112486     0.8047803     0.7286502     0.6708068     0.6256879     0.5901948     0.5314178     0.4525343     0.3892581             0
