 51            10 
             0    -0.1152235    -0.1189228    -0.1166761     -0.114209    -0.1109447    -0.1069966    -0.1030113 -9.990318E-02 -9.728427E-02 -9.453806E-02 -9.095198E-02 -8.562395E-02    -0.0790952    -0.0721591 -6.484743E-02 -5.719116E-02 -4.921943E-02 -4.095807E-02 -3.242648E-02
 -2.363192E-02 -1.456123E-02 -5.181631E-03  4.374734E-03  1.400955E-02  2.364658E-02  3.322421E-02  4.269071E-02  5.200137E-02  6.111676E-02  6.889111E-02  7.540981E-02  8.177146E-02  8.693287E-02  9.098375E-02  9.495372E-02  9.884038E-02     0.1026415     0.1063552     0.1099797
     0.1143968     0.1203384     0.1267522     0.1327843     0.1384321     0.1436951     0.1485745     0.1575695     0.1726961     0.1793709             0
             0    -0.1175638    -0.1214091    -0.1191614    -0.1166755     -0.113376    -0.1093768    -0.1053322    -0.1021735 -9.950961E-02 -9.671392E-02 -9.306031E-02 -8.762576E-02 -8.095766E-02 -7.386602E-02 -6.638439E-02 -5.854516E-02 -5.037828E-02 -4.191056E-02 -3.316324E-02
 -2.414642E-02 -1.485025E-02 -5.244028E-03  4.540054E-03  1.440129E-02  2.426113E-02  3.405573E-02  4.373121E-02  5.324066E-02  6.254246E-02  7.046717E-02  7.710557E-02  8.357687E-02  8.882075E-02  9.293263E-02  9.695851E-02     0.1008959     0.1047425     0.1084964     0.1121558
     0.1166102     0.1225908     0.1290299     0.1350694      0.140708     0.1459468     0.1507887     0.1596868     0.1745002     0.1806347             0
             0    -0.1542085    -0.1605451    -0.1583635    -0.1556102    -0.1517564     -0.146923    -0.1419029    -0.1379147    -0.1345161    -0.1309145    -0.1261651    -0.1190126    -0.1101097    -0.1005273 -9.031935E-02 -7.954113E-02 -6.824639E-02 -5.648495E-02 -4.429851E-02
 -3.171223E-02 -1.872233E-02 -5.295524E-03  8.364954E-03  2.210013E-02  3.578137E-02     0.0492991  6.255563E-02  7.546094E-02  8.793058E-02      0.098391     0.1070316     0.1153184     0.1219083     0.1270039     0.1319177      0.136645     0.1411821     0.1455264     0.1496763
     0.1546197     0.1610294     0.1675879     0.1734061     0.1785204     0.1829742     0.1868145     0.1933642     0.2016952     0.1980851             0
             0    -0.1898768     -0.200424    -0.1993853    -0.1970849    -0.1933507     -0.188264    -0.1826589    -0.1780444    -0.1740305    -0.1696978    -0.1638897    -0.1549551    -0.1435806    -0.1311339    -0.1177208    -0.1034503 -8.842542E-02 -7.273595E-02 -5.645126E-02
 -3.960887E-02 -2.219888E-02  -4.16725E-03  1.420988E-02  3.271947E-02  5.118718E-02     0.0694572  8.737828E-02     0.1047948     0.1215422     0.1354589      0.146826     0.1575584     0.1659157     0.1722663     0.1782663     0.1839026     0.1891658     0.1940498     0.1985524
     0.2037058     0.2099412     0.2156482     0.2200625     0.2233361     0.2256301     0.2271009     0.2286824     0.2263951     0.2115544             0
             0     -0.218322      -0.23441    -0.2357158     -0.234755    -0.2320408    -0.2275349    -0.2219499    -0.2170509    -0.2126415    -0.2077426     -0.201014    -0.1903598    -0.1764306    -0.1609512    -0.1441475    -0.1262378    -0.1074094 -8.780668E-02 -6.752282E-02
 -4.658867E-02 -2.495779E-02 -2.516679E-03  2.042989E-02  4.366449E-02  6.701691E-02  9.032954E-02     0.1134298     0.1361078     0.1580986     0.1764504     0.1914147     0.2054328     0.2161713     0.2241935     0.2315993     0.2383482     0.2444092     0.2497632     0.2544043
     0.2593244     0.2644302     0.2678132     0.2691557     0.2689001     0.2674607     0.2651902      0.259545     0.2449573     0.2203771             0
             0    -0.2395724    -0.2618864    -0.2665589    -0.2677896    -0.2670456    -0.2640541    -0.2591624    -0.2543272    -0.2497175    -0.2443601    -0.2367415    -0.2242246    -0.2074138    -0.1885576    -0.1681147    -0.1464771    -0.1239385    -0.1006898    -0.0768223
 -5.232566E-02 -2.707853E-02 -8.664753E-04  2.603578E-02  5.347081E-02  8.134416E-02     0.1095761     0.1380576     0.1666054     0.1949119     0.2190439     0.2389694       0.25776     0.2721037     0.2826992     0.2922752     0.3007037     0.3078808     0.3137392     0.3182572
     0.3222643     0.3246709     0.3234025     0.3192786     0.3133604     0.3064839      0.299241     0.2847815     0.2581607     0.2260196             0
             0    -0.2517653    -0.2790377    -0.2870076     -0.290642    -0.2923558    -0.2915801    -0.2880212    -0.2836064    -0.2789953    -0.2732821    -0.2647948    -0.2503087    -0.2305329    -0.2084425    -0.1847903    -0.1601217    -0.1347824    -0.1089528    -0.0826772
     -0.055876    -0.0283409  2.443406E-04  2.966427E-02  5.984803E-02  9.081167E-02     0.1226083     0.1552813     0.1888077     0.2230195     0.2531785       0.27875     0.3034863     0.3227417     0.3370352     0.3498722     0.3608945     0.3697737     0.3762696     0.3802949
     0.3823648     0.3798773     0.3713629     0.3598225     0.3471449     0.3344981     0.3225184     0.3004637     0.2654426     0.2288991             0
             0    -0.2573128    -0.2872063    -0.2971413     -0.302335    -0.3058201    -0.3068697     -0.304623    -0.3007265    -0.2962117     -0.290243    -0.2810375    -0.2649548    -0.2430177    -0.2188054    -0.1932272    -0.1668647    -0.1400449    -0.1129082 -8.545139E-02
 -5.754452E-02 -2.892571E-02   7.79579E-04  3.139395E-02  6.289994E-02  9.538376E-02     0.1289895     0.1638781     0.2001775     0.2379063     0.2719768     0.3015222     0.3308659     0.3543794     0.3721483     0.3883194     0.4022212     0.4131214     0.4203698     0.4236575
     0.4232198      0.415267     0.4000472     0.3826201      0.365197     0.3488747     0.3341051     0.3078703     0.2686955     0.2301425             0
             0    -0.2603984    -0.2918615    -0.3030545    -0.3093027    -0.3140788    -0.3166087    -0.3156086    -0.3122958    -0.3079318    -0.3017246     -0.291825    -0.2743388    -0.2507353    -0.2250373    -0.1981991    -0.1707804    -0.1430687    -0.1151637 -8.702466E-02
 -5.848687E-02    -0.0292539  1.084862E-03  3.237651E-02  6.463749E-02  9.799933E-02     0.1326669     0.1688844     0.2068953     0.2468806     0.2835988     0.3159904     0.3488873     0.3760246     0.3970107     0.4165956     0.4338194     0.4473984     0.4558225     0.4579242
     0.4540959     0.4401802     0.4189823     0.3969669     0.3761706     0.3573988     0.3408563     0.3120666     0.2704886     0.2308167             0
             0    -0.2619817    -0.2942902    -0.3061949    -0.3130688    -0.3186672    -0.3222534    -0.3223274     -0.319647    -0.3154966     -0.309031    -0.2984428    -0.2798021     -0.255047    -0.2284266    -0.2008564    -0.1728491    -0.1446538    -0.1163396 -8.784189E-02
 -5.897505E-02 -2.942327E-02  1.243865E-03  3.288716E-02  6.554195E-02  9.936522E-02     0.1345969     0.1715309     0.2104841     0.2517489     0.2900358     0.3242028      0.359485     0.3893319     0.4129908     0.4358318     0.4568683     0.4744352     0.4856088      0.484991
     0.4761497     0.4561067     0.4301852     0.4050566     0.3821725     0.3619695     0.3444299     0.3142456     0.2714033     0.2311572             0
