 51            10 
             0    -0.2559618    -0.2469012    -0.2397313    -0.2340827    -0.2275734    -0.2202111    -0.2130325    -0.2075168    -0.2029007    -0.1980841    -0.1918173    -0.1825411    -0.1712099    -0.1591993    -0.1465671    -0.1333748    -0.1196867    -0.1055749 -9.112275E-02
 -7.641193E-02 -6.139386E-02 -4.418669E-02 -2.698755E-02 -9.864334E-03  7.117166E-03  2.389302E-02  4.040132E-02  5.658242E-02  7.237948E-02  8.581903E-02     0.0970682     0.1080276     0.1169042      0.123863      0.130675     0.1373364     0.1438436     0.1501937     0.1563839
     0.1639191     0.1740369     0.1849334     0.1951576     0.2047089     0.2135916     0.2218143     0.2369661     0.2627778     0.2843456             0
             0    -0.2610462    -0.2519336    -0.2446955    -0.2389923    -0.2324175    -0.2249701    -0.2176922    -0.2120894     -0.207394    -0.2024877    -0.1960955    -0.1866147    -0.1750074    -0.1626858    -0.1497189    -0.1361737    -0.1221066    -0.1075843 -9.269325E-02
    -0.0775295 -6.207335E-02 -4.445922E-02 -2.683254E-02 -9.287239E-03  8.108011E-03  2.528675E-02  4.218446E-02  5.873852E-02  7.488842E-02  8.861544E-02     0.1000951     0.1112673     0.1203051     0.1273836      0.134306     0.1410679     0.1476659      0.154097     0.1603588
     0.1679722     0.1781774     0.1891425     0.1994062     0.2089687     0.2178341     0.2260135     0.2410336     0.2663506     0.2870676             0
             0     -0.338882    -0.3293023    -0.3211611    -0.3145466    -0.3066934    -0.2975442     -0.288364    -0.2811656    -0.2750632    -0.2686173     -0.260133    -0.2473715    -0.2314919    -0.2144081     -0.196237    -0.1770993    -0.1571029    -0.1363706    -0.1150521
 -9.330752E-02 -7.112575E-02 -4.583517E-02 -2.056405E-02  4.524651E-03  2.930149E-02  5.363605E-02  7.739577E-02     0.1004456     0.1226493     0.1412192     0.1565212     0.1711574     0.1827613     0.1917137     0.2003254     0.2085882     0.2164955     0.2240432     0.2312288
      0.239758      0.250754     0.2619098     0.2717115     0.2802334     0.2875624     0.2937959     0.3042763     0.3172105     0.3204964             0
             0    -0.4157389    -0.4096803    -0.4030503    -0.3971228    -0.3894729    -0.3798821     -0.369625    -0.3612429    -0.3539611    -0.3460979    -0.3355422     -0.319258    -0.2984543    -0.2756532    -0.2511028     -0.225059    -0.1977449    -0.1693829    -0.1402072
    -0.1104416 -8.004364E-02 -4.526421E-02 -1.049854E-02  2.405812E-02  5.824523E-02  9.188215E-02     0.1247593     0.1566316     0.1872163     0.2125744     0.2332411     0.2526955     0.2677829     0.2792075     0.2899549     0.2999988     0.3093197     0.3179056     0.3257528
     0.3346442     0.3452067     0.3545681     0.3614895     0.3662888     0.3692941     0.3708227     0.3715042      0.363835     0.3464268             0
             0    -0.4780172    -0.4800953    -0.4782381    -0.4753174    -0.4701771    -0.4622364    -0.4523555    -0.4435529    -0.4355398    -0.4265397    -0.4140583    -0.3940622    -0.3676679    -0.3382484    -0.3063852     -0.272626    -0.2373998    -0.2010598    -0.1639099
    -0.1261861    -0.0877354    -0.0436365  5.152844E-04  4.461944E-02  8.860609E-02     0.1323537      0.175661     0.2182159     0.2595648     0.2941481     0.3223744      0.348804     0.3689897     0.3840064     0.3977778     0.4102052     0.4212118     0.4307494     0.4388036
      0.447043     0.4549173     0.4589998     0.4591388     0.4563274     0.4514462     0.4452114     0.4311261      0.399144     0.3634706             0
             0    -0.5253409    -0.5391601    -0.5455182    -0.5483932    -0.5488768    -0.5456628    -0.5383261    -0.5301217    -0.5218462    -0.5118136    -0.4971041    -0.4722307    -0.4383186    -0.4003325     -0.359567    -0.3170464     -0.273436    -0.2291609    -0.1844943
    -0.1395707 -9.401841E-02 -4.175951E-02  1.067565E-02  6.343713E-02     0.1167186     0.1706589     0.2252957      0.280497     0.3358599     0.3837315     0.4237086     0.4618081     0.4910995     0.5127439     0.5321963     0.5490615     0.5629963      0.573762     0.5812768
     0.5867321     0.5869432     0.5786227     0.5649515     0.5485086     0.5310842     0.5137979      0.480753     0.4244318     0.3743966             0
             0    -0.5529653    -0.5777617    -0.5935124    -0.6039515    -0.6130204     -0.618529    -0.6173047     -0.611472    -0.6036352    -0.5924453    -0.5744572    -0.5421621    -0.4979393    -0.4496779     -0.399554    -0.3488713    -0.2982379     -0.247888    -0.1978702
    -0.1480918 -9.791459E-02 -4.041202E-02  1.738913E-02  7.593213E-02     0.1357491     0.1973846     0.2613777     0.3282118     0.3981995     0.4621042     0.5180882     0.5743004     0.6197962     0.6543295     0.6857978     0.7127351     0.7335464     0.7468327     0.7519464
     0.7489708      0.729889     0.6964258     0.6596875      0.624099     0.5915816     0.5627251     0.5122396     0.4384658     0.3799813             0
             0    -0.5656489    -0.5966878    -0.6186302    -0.6347241    -0.6513343    -0.6663009      -0.67383    -0.6724276    -0.6658838    -0.6530738    -0.6302416    -0.5885928    -0.5341778    -0.4775883     -0.420962    -0.3652316    -0.3106173    -0.2570394    -0.2043089
    -0.1521493 -9.974958E-02 -3.974812E-02  2.062018E-02  8.197354E-02     0.1450568     0.2106953      0.279825     0.3535181     0.4329798     0.5086445     0.5778943     0.6515031     0.7155856     0.7670617     0.8168917     0.8619478     0.8974436      0.917118     0.9156825
     0.8939838     0.8423758     0.7777023     0.7183656     0.6671689     0.6239753     0.5877981      0.527291     0.4447548     0.3823944             0
             0    -0.5727375    -0.6076558     -0.633807    -0.6541125    -0.6771088    -0.7017671    -0.7212457    -0.7281604    -0.7248783    -0.7086236    -0.6772428    -0.6233072    -0.5587864    -0.4953648     -0.434039    -0.3749551    -0.3178419    -0.2623149    -0.2079901
    -0.1544559    -0.1007873 -3.936573E-02  2.246427E-02  8.543099E-02     0.1504167     0.2184363     0.2907125       0.36878     0.4546348     0.5389026     0.6187649     0.7080433     0.7917894     0.8640176     0.9407755      1.019177      1.091207      1.137023      1.109719
      1.042026     0.9382883     0.8380095     0.7580031     0.6944985     0.6436945     0.6026581      0.535875     0.4482268     0.3837034             0
             0    -0.5763867    -0.6134486    -0.6421005    -0.6651366    -0.6928642    -0.7264265    -0.7613504    -0.7847909    -0.7916743    -0.7651597    -0.7171333    -0.6475776    -0.5739376    -0.5055521    -0.4412368     -0.380183    -0.3216712    -0.2650862    -0.2099124
    -0.1556558    -0.1013253    -0.0391654  2.342559E-02  8.723684E-02      0.153228     0.2225246     0.2965236     0.3770593     0.4666876     0.5564002     0.6435778     0.7450501     0.8470539     0.9423616      1.056939      1.199916       1.38692      1.645818      1.408232
      1.201961      1.015497     0.8784247     0.7819096     0.7100083     0.6544908     0.6106244     0.5403528     0.4500001     0.3843646             0
