 51            10 
             0  3.906468E-02  3.925393E-02  3.937124E-02  3.945678E-02  3.954949E-02  3.964916E-02  3.974227E-02  3.981184E-02  3.986909E-02  3.992789E-02     0.0400033  4.011274E-02  4.024343E-02  4.037942E-02  4.052033E-02  4.066581E-02  4.081546E-02  4.096887E-02  4.112563E-02
  4.128531E-02  4.144746E-02  4.161164E-02  4.177739E-02  4.194424E-02  4.211175E-02  4.227944E-02  4.244684E-02  4.261351E-02  4.277899E-02  4.292234E-02  4.304407E-02  4.316448E-02  4.326357E-02  4.334211E-02  4.341987E-02  4.349679E-02  4.357283E-02  4.364793E-02  4.372206E-02
  4.381343E-02  4.393851E-02  4.407681E-02  4.421013E-02  4.433815E-02  4.446056E-02  4.457707E-02     0.0447978  4.520455E-02  4.556601E-02             0
             0  3.906101E-02  3.925044E-02  3.936789E-02  3.945355E-02  3.954638E-02     0.0396462  3.973946E-02  3.980913E-02  3.986647E-02  3.992537E-02     0.0400009  4.011053E-02  4.024145E-02  4.037767E-02  4.051884E-02  4.066458E-02     0.0408145  4.096819E-02  4.112524E-02
  4.128521E-02  4.144765E-02  4.161213E-02  4.177817E-02  4.194532E-02  4.211311E-02  4.228108E-02  4.244876E-02  4.261569E-02  4.278141E-02  4.292497E-02  4.304687E-02  4.316744E-02  4.326665E-02  4.334529E-02  4.342313E-02  4.350014E-02  4.357627E-02  4.365145E-02  4.372565E-02
  4.381711E-02     0.0439423  4.408071E-02  4.421411E-02     0.0443422  4.446467E-02  4.458123E-02  4.480201E-02  4.520874E-02  4.556989E-02             0
             0  3.900452E-02  3.919673E-02  3.931637E-02  3.940375E-02  3.949858E-02  3.960065E-02  3.969611E-02  3.976748E-02  3.982624E-02  3.988662E-02  3.996407E-02  4.007654E-02  4.021094E-02  4.035085E-02     0.0404959  4.064569E-02  4.079981E-02  4.095783E-02     0.0411193
  4.128377E-02  4.145076E-02  4.161979E-02  4.179038E-02  4.196202E-02  4.213424E-02  4.230652E-02  4.247839E-02  4.264934E-02  4.281889E-02  4.296562E-02  4.309011E-02  4.321313E-02  4.331427E-02  4.339438E-02  4.347363E-02  4.355198E-02  4.362937E-02  4.370576E-02  4.378109E-02
  4.387387E-02  4.400073E-02  4.414076E-02  4.427552E-02     0.0444047  4.452801E-02  4.464518E-02  4.486675E-02  4.527289E-02  4.562924E-02             0
             0  3.896398E-02  3.915805E-02  3.927918E-02  3.936774E-02  3.946395E-02     0.0395676  3.966461E-02  3.973718E-02  3.979695E-02  3.985839E-02  3.993722E-02  4.005174E-02  4.018867E-02  4.033127E-02  4.047915E-02  4.063192E-02  4.078915E-02  4.095037E-02  4.111513E-02
  4.128295E-02  4.145334E-02  4.162578E-02  4.179977E-02     0.0419748  4.215033E-02  4.232586E-02  4.250086E-02  4.267482E-02  4.284724E-02  4.299632E-02  4.312273E-02  4.324755E-02  4.335009E-02  4.343126E-02  4.351153E-02  4.359083E-02  4.366912E-02  4.374634E-02  4.382244E-02
  4.391613E-02  4.404409E-02  4.418516E-02  4.432074E-02  4.445053E-02  4.457425E-02  4.469164E-02  4.491335E-02  4.531812E-02  4.567004E-02             0
             0  3.893881E-02  3.913394E-02  3.925595E-02  3.934521E-02  3.944224E-02  3.954685E-02  3.964481E-02  3.971812E-02  3.977851E-02     0.0398406  3.992029E-02  4.003609E-02  4.017459E-02  4.031888E-02  4.046857E-02  4.062323E-02  4.078242E-02  4.094569E-02  4.111255E-02
  4.128252E-02  4.145508E-02  4.162971E-02     0.0418059     0.0419831  4.216078E-02     0.0423384  4.251544E-02  4.269135E-02  4.286562E-02  4.301622E-02  4.314385E-02  4.326982E-02  4.337325E-02     0.0434551      0.043536  4.361589E-02  4.369473E-02  4.377246E-02  4.384904E-02
  4.394326E-02  4.407186E-02  4.421351E-02     0.0443495  4.447957E-02  4.460343E-02  4.472087E-02  4.494243E-02  4.534588E-02  4.569466E-02             0
             0  3.892329E-02  3.911904E-02  3.924155E-02  3.933123E-02  3.942876E-02  3.953394E-02  3.963247E-02  3.970623E-02      0.039767  3.982949E-02  3.990971E-02     0.0400263  4.016579E-02  4.031114E-02  4.046194E-02  4.061778E-02  4.077822E-02  4.094277E-02  4.111095E-02
  4.128227E-02     0.0414562  4.163222E-02     0.0418098  4.198838E-02  4.216743E-02  4.234638E-02  4.252471E-02  4.270187E-02  4.287732E-02  4.302889E-02  4.315731E-02  4.328401E-02  4.338801E-02  4.347028E-02  4.355158E-02  4.363184E-02  4.371102E-02  4.378907E-02  4.386593E-02
  4.396047E-02  4.408944E-02     0.0442314     0.0443676  4.449778E-02  4.462168E-02  4.473908E-02  4.496044E-02  4.536287E-02  4.570955E-02             0
             0  3.891556E-02     0.0391116  3.923435E-02  3.932423E-02  3.942199E-02  3.952745E-02  3.962627E-02  3.970025E-02  3.976121E-02     0.0398239  3.990438E-02  4.002137E-02  4.016135E-02  4.030723E-02     0.0404586  4.061504E-02     0.0407761     0.0409413  4.111015E-02
  4.128215E-02  4.145678E-02     0.0416335  4.181178E-02  4.199107E-02     0.0421708  4.235045E-02  4.252944E-02  4.270724E-02     0.0428833  4.303537E-02  4.316419E-02  4.329127E-02  4.339555E-02  4.347805E-02  4.355954E-02  4.363999E-02  4.371934E-02  4.379754E-02  4.387454E-02
  4.396923E-02  4.409838E-02  4.424048E-02  4.437677E-02  4.450699E-02  4.463088E-02  4.474823E-02  4.496944E-02     0.0453713  4.571688E-02             0
             0  3.891226E-02  3.910841E-02  3.923127E-02  3.932123E-02     0.0394191  3.952467E-02  3.962361E-02  3.969768E-02  3.975872E-02     0.0398215  3.990209E-02  4.001925E-02  4.015944E-02  4.030555E-02  4.045716E-02  4.061386E-02  4.077519E-02  4.094066E-02  4.110981E-02
     0.0412821  4.145703E-02  4.163405E-02  4.181264E-02  4.199222E-02  4.217226E-02     0.0423522  4.253148E-02  4.270955E-02  4.288588E-02  4.303817E-02  4.316716E-02  4.329441E-02  4.339882E-02     0.0434814  4.356299E-02  4.364352E-02  4.372294E-02  4.380121E-02  4.387826E-02
  4.397302E-02  4.410224E-02  4.424439E-02  4.438072E-02  4.451094E-02  4.463483E-02  4.475215E-02     0.0449733  4.537489E-02  4.571999E-02             0
             0  3.891048E-02  3.910669E-02     0.0392296  3.931961E-02  3.941753E-02  3.952317E-02  3.962217E-02     0.0396963  3.975738E-02     0.0398202  3.990085E-02     0.0400181  4.015841E-02  4.030464E-02  4.045639E-02  4.061322E-02     0.0407747  4.094033E-02  4.110962E-02
  4.128208E-02  4.145717E-02  4.163435E-02     0.0418131  4.199285E-02  4.217305E-02  4.235315E-02  4.253259E-02  4.271081E-02  4.288728E-02  4.303968E-02  4.316878E-02  4.329611E-02  4.340059E-02  4.348322E-02  4.356486E-02  4.364543E-02  4.372489E-02     0.0438032  4.388029E-02
  4.397508E-02  4.410433E-02  4.424651E-02  4.438285E-02  4.451308E-02  4.463696E-02  4.475428E-02  4.497538E-02  4.537683E-02  4.572167E-02             0
             0  3.890958E-02  3.910583E-02  3.922876E-02  3.931879E-02  3.941674E-02  3.952241E-02  3.962144E-02     0.0396956     0.0397567  3.981954E-02  3.990023E-02  4.001753E-02  4.015789E-02  4.030418E-02  4.045599E-02     0.0406129  4.077445E-02  4.094015E-02  4.110953E-02
  4.128206E-02  4.145723E-02     0.0416345  4.181333E-02  4.199317E-02  4.217345E-02  4.235363E-02  4.253314E-02  4.271144E-02  4.288799E-02  4.304045E-02  4.316959E-02  4.329697E-02  4.340148E-02  4.348414E-02     0.0435658     0.0436464  4.372589E-02     0.0438042  4.388131E-02
  4.397612E-02  4.410539E-02  4.424759E-02  4.438393E-02  4.451416E-02  4.463804E-02  4.475535E-02  4.497643E-02     0.0453778  4.572251E-02             0
