 51            10 
             0    -0.2271824    -0.2204482    -0.2147674    -0.2102206    -0.2049248    -0.1988938    -0.1929873    -0.1884388    -0.1846277    -0.1806468    -0.1754626    -0.1677785    -0.1583736    -0.1496321    -0.1416577    -0.1332639     -0.120812    -0.1070564 -9.318422E-02
    -0.0784664 -6.324334E-02 -4.755678E-02 -3.150429E-02 -1.528144E-02  1.196166E-03  1.794709E-02  3.494339E-02  5.119791E-02  6.638876E-02  7.954208E-02  9.059396E-02     0.1013721     0.1101298     0.1170435     0.1239053      0.130739     0.1375402      0.144338       0.15071
     0.1580669      0.168446     0.1796826     0.1900783     0.2001872     0.2099061      0.219058     0.2362528     0.2642455     0.2878245             0
             0     -0.230313    -0.2235761    -0.2178755    -0.2133074    -0.2079803    -0.2019058    -0.1959485    -0.1913555    -0.1875035    -0.1834763    -0.1782261    -0.1704302    -0.1608601    -0.1519295    -0.1437243    -0.1350043    -0.1222186    -0.1081219 -9.388209E-02
 -7.874679E-02 -6.307077E-02 -4.691429E-02 -3.039488E-02 -1.371361E-02   3.20405E-03     0.0203669  3.775983E-02  5.437273E-02  6.990466E-02  8.336205E-02  9.467495E-02       0.10571     0.1146727     0.1217423     0.1287503      0.135717     0.1426388     0.1495462     0.1560117
     0.1634809     0.1739713     0.1852726     0.1956887     0.2057588     0.2153383     0.2242457     0.2408567     0.2679041      0.290135             0
             0    -0.2798416    -0.2733507    -0.2675595     -0.262831    -0.2572232    -0.2507261    -0.2442557    -0.2392105    -0.2349478    -0.2304581    -0.2245617    -0.2157093    -0.2046818    -0.1942389    -0.1844889    -0.1739599    -0.1565583    -0.1367561    -0.1165173
 -9.489892E-02 -7.246692E-02 -4.934853E-02 -2.574475E-02 -1.974961E-03  2.203359E-02     0.0462574  7.063105E-02  9.370751E-02     0.1150237     0.1332248     0.1483233     0.1628206      0.174379     0.1833697     0.1921479      0.200734     0.2091179     0.2173322     0.2248762
     0.2333989     0.2449559      0.256802      0.267102     0.2764435     0.2847493     0.2919402     0.3043936     0.3199194     0.3241644             0
             0     -0.322392    -0.3175404    -0.3126687    -0.3085451    -0.3035046     -0.297508    -0.2913933    -0.2865483    -0.2824137    -0.2780175    -0.2721919    -0.2633341    -0.2521231    -0.2413412    -0.2311308    -0.2199174    -0.1973653    -0.1706684    -0.1430812
     -0.113525 -8.284671E-02 -5.124264E-02 -1.898522E-02  1.350095E-02  4.632521E-02     0.0794524     0.1127713     0.1442589     0.1732171     0.1977404     0.2178836     0.2369562     0.2518746     0.2632946     0.2742373     0.2847107     0.2946875     0.3041942      0.312664
     0.3218857     0.3336102     0.3444902     0.3528104      0.359235     0.3638987     0.3669798     0.3705895     0.3672056     0.3505802             0
             0    -0.3527166    -0.3502915    -0.3469773    -0.3439593    -0.3400556    -0.3351913    -0.3300385    -0.3258598    -0.3222474    -0.3183644    -0.3131728    -0.3052005    -0.2950353    -0.2852343     -0.276061    -0.2660415     -0.238482    -0.2045342    -0.1693128
    -0.1316957 -9.281383E-02 -5.287358E-02    -0.0121288  2.899507E-02  7.074971E-02     0.1131874     0.1562406     0.1972857     0.2353718     0.2677973     0.2944262     0.3194978      0.338845     0.3534376     0.3671383     0.3799018      0.391648     0.4023724     0.4114534
     0.4207102     0.4309902     0.4383785     0.4419063     0.4424835     0.4407203     0.4372527       0.42793     0.4026299     0.3679112             0
             0    -0.3734251    -0.3736573    -0.3721939    -0.3705364     -0.368072    -0.3646648    -0.3607504    -0.3574235    -0.3544767    -0.3512494     -0.346879     -0.340111    -0.3315546    -0.3235386    -0.3166533    -0.3097731    -0.2772986    -0.2359134    -0.1931922
    -0.1480031    -0.1016923 -5.437202E-02 -6.150993E-03  4.268602E-02  9.267269E-02     0.1441109     0.1971703     0.2487475     0.2977867     0.3405454     0.3762085     0.4101456     0.4363648     0.4559811     0.4740699     0.4903876     0.5046688     0.5167825     0.5260458
      0.534172     0.5398616     0.5390517     0.5331509     0.5237396     0.5122459     0.4998718     0.4745415     0.4277352     0.3789994             0
             0    -0.3845322    -0.3867914    -0.3868966    -0.3864568     -0.385343    -0.3833375    -0.3805831    -0.3779922    -0.3755736    -0.3728169     -0.368984      -0.36296    -0.3555192    -0.3490144    -0.3445414    -0.3414916    -0.3050368    -0.2576976    -0.2093711
    -0.1588528     -0.107552 -5.541464E-02 -2.347779E-03  5.156791E-02     0.1071849     0.1651468     0.2260368      0.286637     0.3462176     0.4002603     0.4468597     0.4927548      0.529301     0.5569729     0.5824914     0.6049959     0.6235691     0.6375611     0.6461286
     0.6508545     0.6460353     0.6298366     0.6092648     0.5867209     0.5641963     0.5429701     0.5034713     0.4415429     0.3846576             0
             0     -0.389438    -0.3927482    -0.3937355    -0.3940229    -0.3937747     -0.392735    -0.3908137    -0.3887167    -0.3866011    -0.3840422     -0.380356     -0.374466    -0.3673664    -0.3615476    -0.3584553    -0.3578357    -0.3191318    -0.2685492     -0.217309
    -0.1641189    -0.1103819 -5.592981E-02 -5.436224E-04  5.582361E-02      0.114216     0.1755022     0.2405711     0.3062801      0.372352      0.434102     0.4889461     0.5449711     0.5915313      0.627812     0.6621112      0.692618     0.7170921     0.7334668     0.7402203
     0.7394962     0.7204329     0.6874827     0.6537772     0.6211972     0.5912339     0.5646062     0.5171498     0.4477045     0.3871006             0
             0     -0.392128    -0.3960619    -0.3975997    -0.3983626     -0.398717    -0.3984122    -0.3972006    -0.3955435    -0.3936625    -0.3911596    -0.3874058    -0.3813708    -0.3743061    -0.3688201    -0.3665744    -0.3675448    -0.3274289    -0.2748638    -0.2218893
    -0.1671397    -0.1120007 -5.622767E-02  4.794115E-04  5.824906E-02     0.1182468     0.1814899     0.2490812     0.3179778     0.3883037     0.4554439     0.5164646      0.580783     0.6365486     0.6815602     0.7258537     0.7667207     0.7999958     0.8203791     0.8231307
       0.81378     0.7769868     0.7274011     0.6826274     0.6425185     0.6074198     0.5772846     0.5249071      0.451099     0.3884254             0
             0    -0.3934961     -0.397764    -0.3996087    -0.4006483    -0.4013786    -0.4015889    -0.4009867    -0.3998102    -0.3982124    -0.3955793    -0.3915411    -0.3851948     -0.378023    -0.3726657    -0.3708778    -0.3727571    -0.3318506    -0.2782008    -0.2242954
    -0.1687202     -0.112846 -5.638423E-02  1.010626E-03  5.951267E-02     0.1203551     0.1846403     0.2535986      0.324265     0.3970443     0.4674653     0.5324889     0.6026705     0.6657999     0.7186742     0.7734269     0.8274238     0.8752202      0.905938     0.8974982
       0.87341     0.8162081     0.7521616     0.6993434     0.6543553     0.6161677     0.5840262     0.5289387     0.4528304     0.3890944             0
