 51            10 
             0    -0.2561627    -0.2470885    -0.2399108    -0.2342595    -0.2277505    -0.2203892    -0.2132108    -0.2076948    -0.2030779    -0.1982599    -0.1919904    -0.1827084    -0.1713675    -0.1593451    -0.1467016    -0.1334989    -0.1197941    -0.1056521 -9.115433E-02
 -7.643351E-02 -6.192598E-02 -4.735944E-02 -2.966999E-02 -1.226819E-02  4.846402E-03  2.166768E-02  3.817616E-02  5.433635E-02  7.009731E-02  8.348201E-02     0.0946551      0.105491     0.1142038      0.120986     0.1275634     0.1339171     0.1400254     0.1458636     0.1514034
     0.1579157     0.1676124     0.1783617     0.1896183     0.2014353     0.2118912     0.2212255     0.2379708     0.2655029     0.2882456             0
             0     -0.261329    -0.2522085    -0.2449474    -0.2392434     -0.232693    -0.2252691    -0.2180088     -0.212417    -0.2077288    -0.2028275    -0.1964371    -0.1869467    -0.1753142    -0.1629531    -0.1499589    -0.1364234    -0.1223494    -0.1077864 -9.281852E-02
 -7.758342E-02 -6.245236E-02 -4.608577E-02 -2.811362E-02 -1.070564E-02  6.448234E-03  2.338017E-02  4.008574E-02  5.652681E-02     0.0726442  8.640305E-02  9.794202E-02     0.1091991     0.1183216     0.1254701     0.1324594     0.1392811     0.1459263     0.1523779     0.1585982
     0.1659806     0.1765922     0.1877798     0.1985745     0.2086965     0.2179138     0.2264165     0.2420656     0.2684992     0.2902991             0
             0    -0.3392702    -0.3296993    -0.3215438    -0.3149359    -0.3071195    -0.2980066    -0.2888542    -0.2816732    -0.2755823    -0.2691442    -0.2606629    -0.2478871    -0.2319676    -0.2148212    -0.1966029    -0.1774709    -0.1574587    -0.1366656    -0.1152385
 -9.340012E-02 -7.170687E-02 -4.826218E-02 -2.256993E-02  2.241669E-03  2.659156E-02  5.049383E-02  7.390441E-02  9.672561E-02     0.1188254     0.1374011     0.1527617     0.1675024     0.1792223     0.1882765     0.1969926     0.2053572     0.2133584     0.2209765     0.2281702
     0.2365199      0.248064     0.2596327     0.2701192     0.2793604      0.287208     0.2939273     0.3053421     0.3198869      0.324142             0
             0    -0.4163334    -0.4103804    -0.4038053    -0.3979239    -0.3903522    -0.3808387    -0.3706394    -0.3622902    -0.3550282    -0.3471762    -0.3366208    -0.3203011    -0.2994079     -0.276478    -0.2518118    -0.2257334    -0.1983655    -0.1698986    -0.1405664
    -0.1106881 -8.102821E-02    -0.0490067 -1.389129E-02  2.006429E-02  5.344226E-02  8.625548E-02     0.1184171     0.1497389     0.1799535     0.2051386     0.2257489     0.2452336     0.2604105      0.271934     0.2828007     0.2929785     0.3024431      0.311168     0.3191113
      0.327959     0.3392878     0.3494413     0.3573447     0.3631754     0.3670704      0.369449     0.3717422     0.3667139     0.3504477             0
             0     -0.478925    -0.4813892    -0.4798152    -0.4770811    -0.4721644    -0.4644427    -0.4547169    -0.4459912    -0.4380162    -0.4290272    -0.4165214    -0.3964044    -0.3697574    -0.3400166    -0.3078386    -0.2739042    -0.2385094    -0.2019635    -0.1645709
    -0.1266981    -0.0892444 -4.888942E-02  -4.55362E-03  3.852772E-02  8.120438E-02     0.1235886     0.1656353     0.2071145     0.2476106     0.2816566     0.3095652     0.3358252     0.3559918     0.3710522     0.3849184     0.3974846     0.4086711      0.418419     0.4266845
     0.4351015     0.4439428     0.4493547     0.4508415     0.4494869     0.4460767     0.4412659     0.4298394     0.4019016     0.3677158             0
             0    -0.5266371    -0.5413977    -0.5485819    -0.5520297    -0.5531787    -0.5506468    -0.5437969    -0.5358124    -0.5276231    -0.5175763    -0.5027227    -0.4774052      -0.44273    -0.4039019    -0.3623365    -0.3193031    -0.2752747    -0.2306037    -0.1855519
     -0.140408 -9.606522E-02 -4.843356E-02  4.011563E-03  5.533573E-02     0.1067976     0.1587999     0.2115688     0.2650886     0.3190378     0.3659712      0.405378     0.4431712     0.4724332      0.494161      0.513783     0.5308794     0.5450924     0.5561718     0.5640275
     0.5699332     0.5709006     0.5642843     0.5520416     0.5373359     0.5220434     0.5068672     0.4777304     0.4269428     0.3787701             0
             0    -0.5545903    -0.5810203    -0.5984597     -0.610213    -0.6209574    -0.6284114    -0.6287847    -0.6237188    -0.6161419    -0.6047806    -0.5861154    -0.5522556    -0.5059321    -0.4557274    -0.4039485    -0.3522158    -0.3008147    -0.2498343    -0.1992736
    -0.1491919    -0.1003414 -4.802558E-02  9.675208E-03  6.650577E-02     0.1241543     0.1834504     0.2451541     0.3099169     0.3782227     0.4411921     0.4968667     0.5533841     0.5996928     0.6351305     0.6676684     0.6956972     0.7174618     0.7314253      0.736927
     0.7343521     0.7138445     0.6808357      0.644316     0.6099282     0.5798525     0.5535821     0.5079535     0.4407771     0.3844142             0
             0    -0.5674513    -0.6005812    -0.6249035    -0.6430283    -0.6625184    -0.6814138    -0.6931338    -0.6944107    -0.6889157    -0.6751505    -0.6497304    -0.6039044     -0.545345    -0.4855528    -0.4264835    -0.3692684    -0.3136337    -0.2592707    -0.2059005
     -0.153387    -0.1023641    -0.0478125  1.240487E-02  7.191484E-02     0.1326622     0.1957704     0.2624213      0.333904     0.4116992     0.4867623     0.5563915     0.6316395     0.6984187     0.7527717     0.8060495     0.8547279     0.8933461     0.9147891     0.9133361
     0.8906719     0.8322626     0.7643289     0.7029239     0.6518215     0.6109961     0.5775784     0.5223811      0.446965     0.3868518             0
             0    -0.5746472    -0.6119631    -0.6410161    -0.6639762    -0.6911187     -0.722501    -0.7519085    -0.7685932    -0.7710455    -0.7491509     -0.708089    -0.6442189    -0.5727125    -0.5047894    -0.4403509    -0.3794504    -0.3211381    -0.2647226    -0.2096955
    -0.1557751    -0.1035103 -4.768687E-02  1.396419E-02     0.0750134     0.1375683     0.2029506     0.2726472     0.3484502     0.4327255     0.5167825     0.5978054     0.6903263     0.7793045     0.8573802     0.9416724      1.028767      1.109059      1.159563      1.130348
       1.05729     0.9374884     0.8281184     0.7433044     0.6786658     0.6300442     0.5918299      0.530606     0.4503782     0.3881738             0
             0    -0.5783545    -0.6179927    -0.6498836    -0.6760408    -0.7090926    -0.7530566    -0.8102425    -0.8703369    -0.9167477    -0.8507994    -0.7662048    -0.6743662    -0.5900331    -0.5159524    -0.4480321    -0.3849443    -0.3251247    -0.2675908    -0.2116796
    -0.1570187    -0.1041053 -4.762018E-02  1.477759E-02  7.663293E-02     0.1401441     0.2067486     0.2781191     0.3563749     0.4445106     0.5343341     0.6233378     0.7295382     0.8394532     0.9441932      1.072087      1.232485      1.438901      1.709453      1.464405
      1.241649      1.025529     0.8720857     0.7681351     0.6940388     0.6405171     0.5994844      0.534896     0.4521206     0.3888414             0
