 51            10 
             0    -0.2562428    -0.2471646    -0.2399832    -0.2343313    -0.2278245    -0.2204657    -0.2132892    -0.2077741    -0.2031577    -0.1983397    -0.1920697    -0.1827852    -0.1714393    -0.1594102    -0.1467607    -0.1335538     -0.119839    -0.1056716 -9.110735E-02
 -7.617791E-02 -6.079539E-02 -4.427551E-02 -2.766613E-02 -1.103227E-02  5.549477E-03  2.201166E-02  3.830184E-02  5.436668E-02     0.0701493  8.366165E-02  9.502636E-02     0.1061538     0.1152148     0.1223459     0.1293564     0.1362457     0.1430153     0.1496679      0.156207
     0.1642441     0.1747374     0.1858987     0.1962416     0.2057265     0.2146849     0.2230778     0.2386905     0.2656677     0.2885534             0
             0    -0.2614976    -0.2523817    -0.2450927    -0.2393865    -0.2328735    -0.2254772    -0.2182373    -0.2126594    -0.2079816    -0.2030887    -0.1967044     -0.187206    -0.1755517    -0.1631445    -0.1501177     -0.136618    -0.1225492    -0.1079504 -9.288786E-02
 -7.742235E-02 -6.152644E-02 -4.476556E-02    -0.0277997 -1.074562E-02  6.206876E-03  2.295745E-02  3.954107E-02  5.591884E-02  7.201894E-02  8.578677E-02  9.734674E-02     0.1086401      0.117808     0.1249982     0.1320252      0.138884     0.1455939     0.1521691     0.1586242
     0.1665674     0.1770474     0.1883072     0.1988712     0.2086334     0.2178018     0.2263088     0.2420133     0.2685413     0.2904419             0
             0    -0.3395085    -0.3299606    -0.3217855    -0.3151813    -0.3074167    -0.2983448    -0.2892239    -0.2820643    -0.2759891    -0.2695637    -0.2610915    -0.2483042    -0.2323501    -0.2151323    -0.1968592    -0.1777698    -0.1577593    -0.1369125     -0.115351
 -9.318805E-02 -7.041176E-02 -4.643195E-02 -2.219558E-02  2.102784E-03  2.616187E-02  4.980357E-02  7.303885E-02  9.576821E-02      0.117841     0.1364264     0.1518132     0.1665996     0.1783766     0.1874828      0.196245     0.2046527     0.2127271     0.2204839     0.2279398
     0.2369118     0.2483392     0.2599712     0.2702772     0.2792057     0.2870366     0.2937858     0.3052964     0.3199993     0.3243203             0
             0    -0.4167386    -0.4109011    -0.4043765    -0.3985316    -0.3910512    -0.3816194    -0.3714823    -0.3631714    -0.3559351    -0.3481013    -0.3375548    -0.3212052    -0.3002296    -0.2771618    -0.2523664    -0.2263061    -0.1989102    -0.1703488    -0.1408215
     -0.110501    -0.0793805 -4.666614E-02 -1.356885E-02  1.965552E-02  5.260267E-02  8.501739E-02     0.1168895       0.14803     0.1781487     0.2032958     0.2238999     0.2434092     0.2586373     0.2702145     0.2811325     0.2913583     0.3009061     0.3097878     0.3180194
     0.3275303     0.3388419     0.3490824     0.3569835     0.3626905     0.3666647     0.3691387     0.3716194     0.3668671     0.3506562             0
             0    -0.4796045    -0.4824494    -0.4811556    -0.4785803    -0.4738892    -0.4663869    -0.4568194    -0.4481769    -0.4402479    -0.4312799    -0.4187635    -0.3985389    -0.3716491    -0.3415857    -0.3090684     -0.275036    -0.2395118    -0.2027764    -0.1650898
    -0.1266378 -8.735321E-02 -4.617302E-02 -4.419026E-03  3.769134E-02     0.0797553     0.1215349     0.1630815     0.2041629     0.2443365     0.2781343      0.305855     0.3319678     0.3520638     0.3670971     0.3809528     0.3935157     0.4047554     0.4146541     0.4232188
     0.4323072     0.4414711     0.4471665     0.4491704     0.4481979     0.4451206      0.440567     0.4295368     0.4020596     0.3679436             0
             0    -0.5276681    -0.5433353    -0.5513437    -0.5552966    -0.5570832    -0.5552145    -0.5488405    -0.5410769    -0.5329822    -0.5229385    -0.5079697    -0.4822455    -0.4468293    -0.4071838    -0.3647791    -0.3213503    -0.2769654     -0.231925     -0.186428
    -0.1405462 -9.403336E-02 -4.547143E-02  3.886955E-03  5.399984E-02     0.1046295     0.1557412     0.2076599     0.2603442     0.3134135     0.3594792     0.3980836     0.4350519     0.4636658     0.4849268     0.5041465     0.5209008     0.5349267     0.5460365      0.554176
      0.560774      0.563219     0.5578073     0.5475088     0.5344213      0.520065     0.5054981     0.4771616     0.4270841     0.3790094             0
             0    -0.5559235    -0.5839185     -0.603045    -0.6159804    -0.6282993    -0.6375762    -0.6393755    -0.6349552     -0.627604     -0.616141    -0.5969615    -0.5617449    -0.5134281    -0.4613758     -0.407896    -0.3552856    -0.3032057    -0.2516337    -0.2004669
    -0.1495097 -9.825519E-02 -4.494399E-02  9.337875E-03  6.477892E-02     0.1214015     0.1795206     0.2399634     0.3032809     0.3697778     0.4306353     0.4840673     0.5378842      0.581631     0.6149515     0.6454219      0.671558      0.691955     0.7053515     0.7111626
     0.7097411     0.6945892     0.6661544     0.6348983     0.6045703     0.5765184     0.5514131     0.5071271     0.4408981     0.3846591             0
             0    -0.5689487    -0.6040795    -0.6307788    -0.6507343    -0.6728602    -0.6951579    -0.7098978    -0.7126368    -0.7076512    -0.6935124    -0.6667702    -0.6179757    -0.5557622    -0.4930097    -0.4314705    -0.3729885    -0.3164424    -0.2613415    -0.2072676
    -0.1538024    -0.1002594 -4.468147E-02  1.195678E-02     0.0699858     0.1295993     0.1913598     0.2564825     0.3260777     0.4012966     0.4730465     0.5388213     0.6088876     0.6700405     0.7192348      0.766891     0.8099107     0.8439392     0.8631686     0.8626305
     0.8433001     0.7980921     0.7409189     0.6889454     0.6444696     0.6066752     0.5748756     0.5214055     0.4470744     0.3870989             0
             0    -0.5762439    -0.6158534    -0.6478009    -0.6731387    -0.7039284      -0.74046    -0.7750413    -0.7948083    -0.7993993    -0.7755073    -0.7315043    -0.6624887    -0.5855154    -0.5135956    -0.4460612    -0.3836001    -0.3242127    -0.2669615    -0.2111683
    -0.1562495    -0.1013971 -4.452974E-02  1.345062E-02  7.296494E-02     0.1343196     0.1982458     0.2662362     0.3398399     0.4209557      0.500693     0.5763657      0.661096     0.7406806     0.8093235     0.8821868     0.9563594      1.024545      1.068233      1.043025
     0.9799482     0.8863373      0.796406     0.7254303      0.669774     0.6250177     0.5887655      0.529537     0.4504804     0.3884221             0
             0    -0.5800052    -0.6221076    -0.6572229    -0.6861448    -0.7236452    -0.7743701    -0.8395452    -0.9103487    -0.9956678     -0.890954    -0.7957895    -0.6959693    -0.6045122    -0.5256268    -0.4541792    -0.3893424    -0.3283484    -0.2699222    -0.2132097
    -0.1575249    -0.1019883    -0.0444501  1.422913E-02  7.452086E-02     0.1367956     0.2018832     0.2714445     0.3473122     0.4319138     0.5167152     0.5992216     0.6953751     0.7920793     0.8823563     0.9906581      1.125401      1.301924      1.547946      1.322561
      1.128047     0.9572877      0.833584     0.7474194     0.6841303      0.635056     0.5962071     0.5337751     0.4522188     0.3890904             0
