 51            10 
             0 -2.462087E-02 -2.389734E-02 -2.329881E-02 -2.282137E-02 -2.226661E-02 -2.163618E-02 -2.102019E-02 -2.054676E-02 -2.015061E-02 -1.973743E-02 -1.920018E-02 -1.840573E-02 -1.743647E-02 -1.640979E-02 -1.532984E-02 -1.420107E-02 -1.302813E-02 -1.181591E-02 -1.056948E-02
 -9.294052E-03 -7.995022E-03 -6.677942E-03 -5.348569E-03 -4.012723E-03  -2.67619E-03 -1.344645E-03  -2.35894E-05  1.281698E-03  2.566208E-03   3.66786E-03  4.595656E-03  5.505252E-03   6.24675E-03  6.830603E-03  7.404702E-03  7.968661E-03  8.522125E-03  9.064762E-03  9.596268E-03
  1.024639E-02     0.0111258  1.208249E-02  1.298955E-02  1.384612E-02  1.465168E-02  1.540608E-02  1.681284E-02  1.930095E-02  2.154688E-02             0
             0 -2.483371E-02 -2.410392E-02 -2.349955E-02 -2.301724E-02 -2.245658E-02 -2.181918E-02 -2.119614E-02 -2.071714E-02 -2.031627E-02 -1.989809E-02 -1.935424E-02 -1.854985E-02 -1.756818E-02 -1.652808E-02 -1.543378E-02 -1.428979E-02 -1.310089E-02 -1.187204E-02 -1.060843E-02
 -9.315418E-03 -7.998524E-03 -6.663447E-03 -5.316094E-03 -3.962445E-03 -2.608443E-03 -1.259927E-03  7.744394E-05  1.398237E-03  2.697296E-03  3.810726E-03  4.747946E-03  5.666251E-03  6.414379E-03   7.00319E-03  7.581894E-03     0.0081501  8.707447E-03  9.253602E-03  9.788261E-03
  1.044187E-02  1.132521E-02  1.228498E-02  1.319378E-02  1.405083E-02  1.485572E-02  1.560841E-02  1.700994E-02  1.947757E-02  2.168353E-02             0
             0 -2.815229E-02 -2.733104E-02 -2.663933E-02 -2.608334E-02 -2.543266E-02 -2.468822E-02 -2.395619E-02 -2.339102E-02 -2.291676E-02 -2.242075E-02 -2.177408E-02 -2.081427E-02 -1.963794E-02 -1.838694E-02 -1.706656E-02 -1.568258E-02 -1.424125E-02 -1.274922E-02    -0.0112135
 -9.641408E-03 -8.040597E-03 -6.419037E-03 -4.785095E-03 -3.147322E-03 -1.514305E-03  1.054552E-04  1.703652E-03  3.272271E-03  4.803692E-03  6.104904E-03  7.192087E-03  8.248597E-03  9.101553E-03  9.768515E-03  1.041953E-02     0.0110541  1.167181E-02  1.227227E-02  1.285517E-02
  1.356153E-02  1.450304E-02  1.550607E-02  1.643609E-02     0.0172939  1.808095E-02  1.879927E-02     0.0201034     0.0222197     0.0237773             0
             0 -3.083863E-02 -2.998652E-02 -2.924892E-02 -2.864948E-02 -2.794083E-02 -2.712243E-02 -2.631066E-02 -2.568015E-02 -2.514906E-02 -2.459163E-02 -2.386243E-02 -2.277503E-02 -2.143495E-02    -0.0200031 -1.848591E-02 -1.689059E-02 -1.522492E-02    -0.0134972 -1.171617E-02
 -9.890933E-03 -8.030965E-03 -6.146221E-03 -4.247247E-03 -2.344947E-03 -4.504342E-04  1.425094E-03  3.270455E-03  5.074606E-03  6.826795E-03  8.305503E-03  9.533259E-03  1.071758E-02  1.166552E-02  1.240199E-02  1.311582E-02  1.380634E-02      0.014473  1.511536E-02  1.573309E-02
     0.0164742  1.744627E-02  1.845793E-02  1.937249E-02  2.019349E-02  2.092542E-02  2.157353E-02  2.271337E-02  2.437988E-02  2.529651E-02             0
             0 -3.266386E-02 -3.182787E-02    -0.0310812    -0.0304668 -2.973221E-02    -0.0288749 -2.801628E-02 -2.734496E-02 -2.677718E-02 -2.617897E-02 -2.539364E-02 -2.421697E-02    -0.0227591 -2.119482E-02 -1.953199E-02 -1.777933E-02 -1.594616E-02 -1.404223E-02 -1.207754E-02
 -1.006233E-02 -8.007159E-03 -5.923034E-03 -3.821697E-03 -1.715399E-03   3.83191E-04  2.461022E-03  4.504678E-03  6.500436E-03  8.434383E-03  1.006037E-02  1.140488E-02  1.269483E-02  1.372019E-02  1.451241E-02  1.527545E-02  1.600833E-02  1.671028E-02  1.738073E-02  1.801934E-02
  1.877761E-02  1.975549E-02  2.074815E-02  2.162155E-02  2.238322E-02  2.304185E-02  2.360655E-02  2.456635E-02  2.581786E-02  2.624566E-02             0
             0    -0.0338637 -3.306472E-02    -0.0323291    -0.0317165 -3.097583E-02 -3.010231E-02 -2.921879E-02 -2.852329E-02 -2.793262E-02 -2.730789E-02 -2.648491E-02    -0.0252462 -2.370418E-02 -2.204409E-02 -2.027558E-02 -1.840908E-02 -1.645536E-02    -0.0144253 -1.232973E-02
 -1.017947E-02 -7.985414E-03 -5.758861E-03 -3.511851E-03 -1.257022E-03  9.924198E-04  3.222603E-03  5.418871E-03  7.565657E-03  9.646444E-03  1.139418E-02  1.283655E-02  1.421573E-02     0.0153064  1.614525E-02  1.694866E-02  1.771516E-02  1.844358E-02  1.913311E-02  1.978332E-02
  2.054693E-02  2.151392E-02     0.0224697  2.328713E-02  2.397927E-02  2.455976E-02  2.504185E-02  2.583368E-02  2.674881E-02  2.683281E-02             0
             0 -3.448825E-02 -3.372195E-02 -3.300194E-02 -3.239743E-02 -3.166086E-02 -3.078541E-02 -2.989308E-02 -2.918676E-02 -2.858483E-02 -2.794621E-02 -2.710257E-02 -2.582836E-02 -2.423703E-02    -0.0225207 -2.069069E-02 -1.875879E-02 -1.673675E-02 -1.463607E-02 -1.246788E-02
 -1.024309E-02 -7.972535E-03 -5.667334E-03 -3.339353E-03 -1.001041E-03  1.334539E-03  3.653552E-03  5.941154E-03  8.181211E-03  1.035602E-02  1.218487E-02  1.369439E-02  1.513648E-02  1.627413E-02  1.714666E-02  1.797906E-02  1.876911E-02      0.019515  2.021551E-02  2.087007E-02
  2.163105E-02  2.257894E-02  2.349458E-02  2.426012E-02     0.0248942  2.541461E-02  2.583731E-02  2.651504E-02  2.722802E-02  2.712583E-02             0
             0    -0.0347603 -3.401125E-02 -3.330056E-02 -3.270159E-02 -3.196904E-02 -3.109498E-02 -3.020038E-02      -0.02949 -2.888339E-02    -0.0282386 -2.738543E-02 -2.609439E-02 -2.447954E-02 -2.273662E-02 -2.087794E-02 -1.891595E-02 -1.686282E-02 -1.473026E-02 -1.252949E-02
 -1.027139E-02 -7.966689E-03 -5.626356E-03 -3.262094E-03 -8.861734E-04  1.488527E-03  3.848334E-03  6.178501E-03  8.462859E-03  1.068344E-02  1.255301E-02  1.409718E-02  1.557278E-02  1.673626E-02  1.762768E-02  1.847657E-02  1.928001E-02  2.003556E-02  2.074151E-02  2.139712E-02
  2.215416E-02  2.308724E-02  2.397664E-02  2.471135E-02  2.531321E-02  2.580193E-02  2.619454E-02     0.0268163  2.743572E-02  2.725115E-02             0
             0 -3.490844E-02 -3.416964E-02    -0.0334648 -3.286949E-02 -3.213992E-02 -3.126749E-02 -3.037232E-02 -2.966004E-02 -2.905099E-02 -2.840277E-02 -2.754414E-02 -2.624329E-02 -2.461481E-02 -2.285668E-02 -2.098176E-02 -1.900288E-02 -1.693243E-02    -0.0147822 -1.256343E-02
 -1.028697E-02 -7.963451E-03 -5.603757E-03 -3.219471E-03  -8.22736E-04  1.573705E-03  3.956313E-03  6.310459E-03  8.620041E-03  1.086705E-02     0.0127606  1.432558E-02  1.582179E-02  1.700168E-02  1.790536E-02  1.876519E-02     0.0195777  2.033981E-02     0.0210492  2.170483E-02
  2.245802E-02  2.337959E-02  2.425083E-02  2.496557E-02  2.554746E-02  2.601716E-02     0.0263921  2.698156E-02  2.754855E-02     0.0273188             0
             0 -3.498345E-02 -3.425013E-02 -3.354852E-02 -3.295531E-02 -3.222757E-02 -3.135634E-02 -3.046125E-02    -0.0297482 -2.913796E-02 -2.848795E-02 -2.762639E-02 -2.632023E-02 -2.468448E-02 -2.291833E-02 -2.103496E-02 -1.904736E-02 -1.696799E-02 -1.480871E-02 -1.258074E-02
    -0.0102949 -7.961796E-03 -5.592225E-03 -3.197715E-03 -7.903336E-04  1.617257E-03  4.011604E-03  6.378162E-03  8.700897E-03  1.096183E-02  1.286821E-02  1.444452E-02  1.595221E-02  1.714154E-02  1.805251E-02     0.0189191  1.973746E-02  2.050397E-02     0.0212156  2.187072E-02
  2.262056E-02  2.353408E-02  2.439413E-02  2.509736E-02  2.566819E-02     0.0261276  2.649314E-02  2.706563E-02  2.760559E-02  2.735288E-02             0
