 51            10 
             0    -0.2539765    -0.2465104    -0.2405371    -0.2358183    -0.2303699    -0.2241987    -0.2181748    -0.2135437    -0.2096666    -0.2056201    -0.2003545    -0.1925595     -0.183039    -0.1729529    -0.1623545       -0.1513    -0.1398467    -0.1280586    -0.1160135
    -0.1038269 -9.204549E-02 -8.010206E-02 -6.231349E-02 -4.720959E-02 -3.340835E-02 -2.032396E-02  -7.72406E-03  4.467851E-03  1.626036E-02  2.621194E-02  3.449117E-02  4.250612E-02  4.895408E-02  5.398474E-02  5.888454E-02  6.365074E-02  6.828109E-02  7.277387E-02  7.712792E-02
  8.239633E-02  8.940586E-02  9.685712E-02     0.1037498     0.1100863     0.1158709     0.1211159     0.1305624     0.1453416     0.1531832             0
             0    -0.2590937    -0.2515703    -0.2455207    -0.2407418    -0.2352249    -0.2289653    -0.2228392     -0.218119    -0.2141611    -0.2100234    -0.2046302    -0.1966267    -0.1868248    -0.1764216    -0.1654847    -0.1540799     -0.142252    -0.1300585    -0.1175792
    -0.1049412    -0.0927312 -7.795436E-02 -6.317171E-02 -4.878005E-02 -3.458267E-02    -0.0206272 -6.961015E-03  6.367302E-03  1.930702E-02  3.024433E-02  3.934727E-02  4.815835E-02  5.524213E-02  6.076483E-02     0.0661386     0.0713594  7.642391E-02  8.132964E-02  8.607559E-02
  9.181103E-02  9.945373E-02     0.1075767     0.1150984     0.1220129     0.1282933     0.1339649     0.1441473     0.1599679     0.1698771             0
             0    -0.3357126    -0.3277749    -0.3208649    -0.3152092    -0.3084549    -0.3005409    -0.2925591    -0.2862792    -0.2809444    -0.2752984    -0.2678536    -0.2566289    -0.2426268    -0.2275381    -0.2114806    -0.1945755    -0.1769157    -0.1586127     -0.139811
    -0.1207243    -0.1022591    -0.0799362 -5.758192E-02 -3.585514E-02 -1.448741E-02  6.417323E-03  2.675068E-02  4.639708E-02  6.523316E-02     0.0808945  9.373005E-02     0.1059274     0.1155221     0.1228794     0.1299078     0.1365991     0.1429468     0.1489468     0.1545982
     0.1612314     0.1696521     0.1779725     0.1850473     0.1909495     0.1957323     0.1995032     0.2052431     0.2088935     0.2014399             0
             0    -0.4116978    -0.4073372     -0.401983    -0.3970471    -0.3905337    -0.3822201     -0.373201    -0.3657665    -0.3592758    -0.3522361    -0.3427493    -0.3280422    -0.3091611    -0.2884012    -0.2660154    -0.2422649    -0.2173541    -0.1914918      -0.16491
    -0.1379173    -0.1117837 -8.014628E-02    -0.0483944 -1.746202E-02     0.0130494  4.299324E-02     0.0721923     0.1004288     0.1274393     0.1497348      0.167822     0.1847447     0.1977627      0.207553      0.216687     0.2251379      0.232886      0.239919      0.246234
     0.2532397     0.2612539     0.2678531     0.2721292     0.2744222     0.2750209     0.2742364     0.2704758      0.254041     0.2261262             0
             0    -0.4734709    -0.4773345    -0.4768249    -0.4749455    -0.4709949    -0.4643863    -0.4557874     -0.447959    -0.4407547    -0.4325921    -0.4211919    -0.4027799    -0.3783039    -0.3509175    -0.3212138    -0.2897579    -0.2569553     -0.223143    -0.1886257
    -0.1537558    -0.1200849 -7.930186E-02 -3.826158E-02     0.0019554  4.199338E-02  8.177102E-02     0.1211286     0.1597928     0.1973417     0.2287009     0.2542377     0.2780557     0.2961303      0.309491      0.321637      0.332467     0.3419014     0.3498899     0.3564165
     0.3627743     0.3680901     0.3694655     0.3670221     0.3618461     0.3547634     0.3464449     0.3283733     0.2883154     0.2424149             0
             0    -0.5205281    -0.5362824    -0.5441321    -0.5481561    -0.5499524    -0.5482002    -0.5422426    -0.5350587    -0.5276124    -0.5184188    -0.5047704    -0.4814151     -0.449315     -0.413255    -0.3745566    -0.3342813    -0.2930621    -0.2513009    -0.2092707
    -0.1672484    -0.1269102 -7.810801E-02 -2.885996E-02  1.979069E-02  6.888764E-02     0.1186179     0.1690765     0.2201943      0.271633     0.3162664     0.3536198     0.3892584     0.4166258     0.4367826     0.4547794     0.4701962     0.4826626     0.4919167     0.4978629
     0.5012878     0.4985472     0.4871679     0.4706266     0.4517672     0.4322754      0.413125     0.3765822     0.3128858     0.2528788             0
             0     -0.548053    -0.5749639    -0.5924263    -0.6042103    -0.6148595      -0.62217    -0.6226416    -0.6179997    -0.6110517    -0.6006528    -0.5835682    -0.5524861    -0.5097356    -0.4631284    -0.4148709    -0.3663091    -0.3179929    -0.2701148    -0.2227142
    -0.1758531    -0.1311584 -7.719138E-02 -2.261485E-02  3.168454E-02  8.717973E-02     0.1444769     0.2042008     0.2669502     0.3331912     0.3942919     0.4482962     0.5030397     0.5477549     0.5818491       0.61297     0.6394938     0.6596075      0.671678     0.6749175
     0.6688964     0.6446825      0.606131     0.5650779      0.526372     0.4915849      0.460904     0.4072038     0.3265281     0.2582339             0
             0     -0.560703    -0.5939744    -0.6178042    -0.6354331    -0.6539524    -0.6713041    -0.6814182    -0.6820108    -0.6767592    -0.6643409    -0.6416125    -0.6002892    -0.5467575    -0.4914872    -0.4365309    -0.3828144    -0.3304588    -0.2793207    -0.2291921
    -0.1799537    -0.1331619 -7.673045E-02 -1.960161E-02  3.744847E-02  9.615063E-02      0.157403     0.2222526     0.2919397     0.3679314      0.441395     0.5096127     0.5833855       0.64889     0.7022339      0.754555     0.8023439      0.839985     0.8598421     0.8551707
     0.8268189      0.764495     0.6906694     0.6247416     0.5693974     0.5235676     0.4854902     0.4218571     0.3326428     0.2605489             0
             0    -0.5677764    -0.6050061    -0.6331778    -0.6551877    -0.6804627    -0.7084516    -0.7329742    -0.7459174    -0.7475066    -0.7280664    -0.6927573     -0.636687    -0.5720983     -0.509622    -0.4497922    -0.3926381    -0.3377409    -0.2846314    -0.2328974
    -0.1822856    -0.1342955 -7.646268E-02 -1.787966E-02  4.075103E-02      0.101324     0.1649354     0.2329384     0.3070796     0.3897163     0.4723525     0.5521532     0.6434715     0.7316089     0.8093265     0.8939312     0.9825549      1.065986      1.119805      1.081671
     0.9958147     0.8701952      0.754863      0.665639     0.5969334     0.5431294     0.5001006     0.4302195     0.3360189     0.2618049             0
             0    -0.5714192    -0.6108382    -0.6415974    -0.6664701    -0.6968561    -0.7352301    -0.7818626    -0.8316239    -0.8794481     -0.813679    -0.7414322     -0.663076    -0.5878828    -0.5200604    -0.4571061    -0.3979256    -0.3416034    -0.2874224    -0.2348331
     -0.183499    -0.1348835 -7.632169E-02 -1.698129E-02  4.247733E-02     0.1040402     0.1689192     0.2386541     0.3153213     0.4019108     0.4904194     0.5783305     0.6835788     0.7932487     0.8988419      1.030206      1.200633      1.434379      1.791449      1.453904
      1.187505     0.9583243     0.7988859     0.6906502       0.61268     0.5538824     0.5079498      0.434584     0.3377434     0.2624395             0
