 51            10 
             0    -0.2565389    -0.2492206    -0.2435189    -0.2389062     -0.233497     -0.227456    -0.2216363    -0.2172053    -0.2135199    -0.2096987    -0.2047594     -0.197522    -0.1886558    -0.1789043    -0.1678236    -0.1558136    -0.1440064    -0.1317616    -0.1190629
    -0.1064061    -0.0938265 -8.078621E-02 -6.737112E-02 -5.426381E-02 -4.085781E-02 -2.724692E-02 -1.420385E-02 -1.099683E-03  1.199453E-02  2.281187E-02  3.166621E-02  4.008421E-02  4.671039E-02     0.0517881     0.0569724  6.224672E-02     0.0672605  7.200246E-02  7.682454E-02
  8.294049E-02     0.0906892  9.905266E-02      0.106883     0.1135005      0.120483     0.1276261     0.1397232     0.1572731     0.1679957             0
             0    -0.2609564    -0.2535391    -0.2477234    -0.2430217    -0.2375102     -0.231334    -0.2253595    -0.2207964    -0.2169934    -0.2130429    -0.2079275    -0.2004167    -0.1912117    -0.1811092    -0.1697141    -0.1574403    -0.1453428    -0.1327585    -0.1196798
    -0.1065957 -9.354754E-02 -8.003031E-02 -6.615581E-02 -5.259499E-02 -3.876892E-02 -2.478904E-02 -1.139318E-02  2.062047E-03  1.548878E-02  2.660023E-02  3.571395E-02     0.0443963  5.123798E-02     0.0564759     0.0618044  6.720028E-02  7.231619E-02  7.714602E-02  8.204622E-02
  8.823345E-02  9.606387E-02     0.1045051     0.1123705     0.1190098     0.1258879     0.1326935      0.144109     0.1607448     0.1708478             0
             0    -0.3381711    -0.3305101    -0.3239924    -0.3185188    -0.3118718    -0.3041603      -0.29645    -0.2904234    -0.2853273    -0.2799601      -0.27292    -0.2623965     -0.249227    -0.2345247     -0.217722    -0.1994499    -0.1813765    -0.1624964    -0.1428091
     -0.123069    -0.1033609 -8.294329E-02 -6.200532E-02 -4.158303E-02 -2.083287E-02  5.157285E-05  1.993247E-02     0.0397203  5.924763E-02  7.517008E-02  8.804991E-02     0.1001178     0.1094406     0.1164696      0.123497     0.1304917      0.136996     0.1430039     0.1489504
     0.1562805     0.1651816      0.174152      0.181933     0.1879472     0.1934779     0.1983847     0.2055157     0.2106957     0.2028328             0
             0    -0.4157023    -0.4124463     -0.408095    -0.4038249    -0.3979428    -0.3903193     -0.381937    -0.3749752    -0.3688758    -0.3622451    -0.3533003    -0.3394446    -0.3214583    -0.3008726    -0.2769944    -0.2508308    -0.2250226    -0.1981113    -0.1701071
    -0.1420876    -0.1141634 -8.526655E-02 -5.563922E-02 -2.672275E-02  2.696657E-03  3.234898E-02  6.060703E-02  8.872806E-02     0.1164023     0.1388138     0.1567804      0.173391     0.1859823     0.1953208     0.2044689     0.2133761     0.2214407     0.2286546     0.2355229
      0.243649     0.2528018     0.2608293     0.2666622     0.2700875     0.2718485     0.2722022     0.2702347      0.256583     0.2278708             0
             0    -0.4800256    -0.4873782    -0.4897899    -0.4901698    -0.4886265    -0.4843367    -0.4774818    -0.4706697    -0.4641433    -0.4565244    -0.4456531    -0.4277462    -0.4033397    -0.3748026    -0.3415817    -0.3053826    -0.2703055    -0.2343015     -0.197325
    -0.1607247    -0.1245332 -8.725104E-02 -4.906173E-02 -1.169582E-02  2.654103E-02  6.539442E-02     0.1028134     0.1405059     0.1779982     0.2086135     0.2332145     0.2558896     0.2728863     0.2853188     0.2972476     0.3085614     0.3184405     0.3268563     0.3343582
      0.342567     0.3504155     0.3549497     0.3559002     0.3539944     0.3490861     0.3421009     0.3267452     0.2911911     0.2443926             0
             0    -0.5303566    -0.5543618    -0.5697809    -0.5802684    -0.5895437     -0.595171     -0.594525    -0.5899586    -0.5838344    -0.5751541    -0.5612099    -0.5359217    -0.5000228    -0.4583681    -0.4111803    -0.3613198    -0.3148346    -0.2686747     -0.222454
    -0.1775804    -0.1337977 -8.904155E-02 -4.328168E-02  1.647699E-03  4.803463E-02  9.580112E-02     0.1426786     0.1910629     0.2404719     0.2820089     0.3160889     0.3480408     0.3721912     0.3897937     0.4064325     0.4217707     0.4344883     0.4444225     0.4520921
     0.4588702     0.4619997     0.4579159     0.4487857     0.4373971     0.4222522     0.4050904     0.3729729     0.3158285     0.2550043             0
             0    -0.5606982    -0.6018475     -0.634429    -0.6605787    -0.6897799    -0.7176787    -0.7345493    -0.7377676    -0.7339008    -0.7229412    -0.7011989    -0.6584379    -0.6001024     -0.537473    -0.4716998    -0.4062333    -0.3483797    -0.2933169    -0.2397945
    -0.1889132    -0.1399473    -0.0902764 -3.959206E-02  1.032703E-02  6.230196E-02     0.1165439     0.1708731     0.2286013     0.2897193     0.3436253     0.3898203     0.4352888      0.471403     0.4984602     0.5244676     0.5482975     0.5670507     0.5796511     0.5860544
     0.5869074     0.5767858     0.5546681     0.5284342     0.5036982     0.4766113     0.4490279     0.4018273     0.3294207     0.2604338             0
             0    -0.5748777    -0.6263618    -0.6714514    -0.7109833    -0.7607043    -0.8178034    -0.8660358    -0.8877051    -0.8903758    -0.8730168    -0.8330195    -0.7592862    -0.6720417    -0.5884618    -0.5075144    -0.4310558    -0.3660317    -0.3058459    -0.2483986
    -0.1944486     -0.142928 -9.088574E-02 -3.784012E-02  1.448992E-02  6.922368E-02     0.1267725     0.1851032      0.248214     0.3167132     0.3794597     0.4354712     0.4937038      0.543422     0.5828936     0.6233444     0.6624728     0.6939374     0.7126582     0.7141054
     0.6997682     0.6653196     0.6200238     0.5766248     0.5408436     0.5054171     0.4712966     0.4155122     0.3354943     0.2627806             0
             0    -0.5828776     -0.640992     -0.695088    -0.7454371    -0.8144407    -0.9058886     -1.006111     -1.074872     -1.104603     -1.060323     -0.973434    -0.8481241    -0.7268686    -0.6237442    -0.5307421      -0.44643    -0.3766349    -0.3132213    -0.2533942
     -0.197635    -0.1446365 -9.123801E-02 -3.684633E-02  1.686362E-02  7.319449E-02     0.1326927     0.1934488      0.259956     0.3333768     0.4025288     0.4663484     0.5360798     0.6003144     0.6552472     0.7174532      0.785269     0.8488224     0.8919265      0.871505
     0.8169524     0.7409202     0.6683111     0.6088452     0.5642192      0.522871     0.4844234     0.4232863     0.3388425     0.2640539             0
             0    -0.5870227    -0.6488874    -0.7085864    -0.7664619    -0.8512035    -0.9790177     -1.163749     -1.377529     -1.630918     -1.363081     -1.131324    -0.9218407    -0.7644871    -0.6454481    -0.5441489    -0.4549545    -0.3823713    -0.3171513      -0.25603
    -0.1993061    -0.1455299    -0.0914232 -3.633019E-02  1.810064E-02  7.527236E-02     0.1358099     0.1978848     0.2662956        0.3426     0.4157865     0.4849845     0.5637126     0.6416084     0.7140965     0.8077267     0.9320161      1.097849      1.335783      1.130014
     0.9485508     0.8026729     0.7008168      0.628181     0.5774151     0.5324017     0.4914364     0.4273313     0.3405509     0.2646971             0
