 51            10 
             0    -0.2541187    -0.2466453     -0.240667     -0.235946    -0.2304974    -0.2243264    -0.2183022    -0.2136705    -0.2097926    -0.2057449    -0.2004772    -0.1926776      -0.18315    -0.1730552    -0.1624485    -0.1513866     -0.139922    -0.1281138    -0.1160344
    -0.1037986 -9.177105E-02 -7.971235E-02 -6.513034E-02 -5.084744E-02 -3.686379E-02 -2.318591E-02 -9.831762E-03  3.167626E-03  1.576906E-02  2.640017E-02  3.522754E-02  4.374013E-02  5.054357E-02  5.581712E-02  6.090876E-02  6.580435E-02  7.048791E-02     0.0749412  7.914344E-02
  8.405368E-02  9.128916E-02  9.920796E-02     0.1073647     0.1158065     0.1231528     0.1295881     0.1408924     0.1581282      0.169337             0
             0    -0.2593169    -0.2517889    -0.2457223      -0.24094    -0.2354375    -0.2291916    -0.2230756    -0.2183614    -0.2144073     -0.210272    -0.2048786    -0.1968665    -0.1870446    -0.1766112    -0.1656515    -0.1542509    -0.1424173    -0.1301968    -0.1176639
    -0.1049377 -9.233204E-02 -7.873821E-02 -6.386143E-02 -4.950536E-02 -3.541656E-02 -2.157312E-02 -7.983549E-03  5.316239E-03  1.827361E-02  2.925892E-02  3.841984E-02  4.730235E-02  5.445298E-02  6.003004E-02  6.545593E-02  7.072409E-02  7.582809E-02  8.075525E-02  8.547767E-02
  9.104781E-02  9.897189E-02     0.1072093     0.1150266     0.1222296     0.1286622     0.1344737     0.1449311     0.1612114     0.1713852             0
             0    -0.3360138     -0.328085    -0.3211647    -0.3155108    -0.3087804    -0.3008896    -0.2929254    -0.2866563    -0.2813285    -0.2756869     -0.268243    -0.2570059    -0.2429725    -0.2278357    -0.2117398    -0.1948364    -0.1771643    -0.1588189    -0.1399368
    -0.1207207    -0.1016661 -8.111674E-02 -5.865401E-02 -3.702417E-02 -1.586733E-02  4.820229E-03  2.499062E-02  4.454897E-02  6.337051E-02  7.907297E-02  9.197292E-02     0.1042594     0.1139441     0.1213776     0.1284829     0.1352483     0.1416645     0.1477164     0.1533728
      0.159865     0.1686613     0.1772189     0.1846761     0.1909513     0.1959746     0.1999695     0.2061394     0.2104944     0.2032087             0
             0    -0.4121523    -0.4078734    -0.4025608    -0.3976555    -0.3911966    -0.3829366    -0.3739575    -0.3665455    -0.3600682    -0.3530355    -0.3435476    -0.3288122    -0.3098625    -0.2890046    -0.2665281    -0.2427501    -0.2177989    -0.1918608    -0.1651586
    -0.1379903     -0.111057 -8.202473E-02 -5.024305E-02 -1.957086E-02  1.051362E-02  4.001309E-02  6.883726E-02  9.680147E-02     0.1236462     0.1458813     0.1639678     0.1809381     0.1940321     0.2038986     0.2131196     0.2216652     0.2295135     0.2366427     0.2430215
     0.2499805     0.2585205     0.2656232     0.2704642     0.2733015     0.2743517     0.2739911     0.2710204     0.2558188     0.2281225             0
             0    -0.4741578    -0.4783121    -0.4780152    -0.4762696    -0.4724808    -0.4660315    -0.4575452    -0.4497722    -0.4425952    -0.4344397    -0.4230204    -0.4045169    -0.3798502    -0.3522221    -0.3222775    -0.2906906    -0.2577628    -0.2237992    -0.1890925
    -0.1539879     -0.119319 -8.201503E-02 -4.108182E-02 -1.351221E-03  3.796518E-02  7.696969E-02      0.115614     0.1536722     0.1907372     0.2217821     0.2471249     0.2708307     0.2888834     0.3022629      0.314461     0.3253738     0.3349242     0.3430583     0.3497424
     0.3562522     0.3622809     0.3646204      0.363028     0.3586676     0.3524044     0.3448501      0.328158     0.2900773     0.2445486             0
             0    -0.5215032    -0.5379611    -0.5464299    -0.5508727    -0.5531583    -0.5519094    -0.5463106    -0.5392882    -0.5319049    -0.5227007    -0.5089454    -0.4852597    -0.4525884    -0.4158989    -0.3765952    -0.3359398     -0.294411    -0.2523567    -0.2100271
     -0.167689    -0.1261686 -8.162791E-02    -0.0326299  1.529982E-02  6.335793E-02     0.1119373     0.1612613     0.2113181     0.2617956     0.3056937     0.3425067     0.3777191     0.4048465     0.4248777     0.4428168     0.4582462     0.4708106     0.4802647     0.4865291
     0.4905167     0.4886583     0.4789588     0.4636296     0.4459136     0.4277662     0.4098468      0.375449     0.3145471     0.2550924             0
             0    -0.5492718    -0.5774016    -0.5961285    -0.6088795    -0.6207642    -0.6295062     -0.631136    -0.6270369    -0.6202701    -0.6097556    -0.5921947    -0.5599762    -0.5156687    -0.4676162    -0.4181136    -0.3687748    -0.3198902    -0.2715443    -0.2237246
     -0.176468    -0.1304593 -8.125495E-02 -2.702424E-02  2.638926E-02  8.061142E-02      0.136462     0.1946982     0.2559757     0.3207878     0.3807031     0.4337682     0.4876896     0.5318516     0.5655836     0.5964299     0.6227838     0.6428928      0.655225     0.6591307
     0.6546332      0.631296     0.5952013     0.5555942     0.5181961     0.4852664     0.4562546     0.4053699     0.3280972      0.260485             0
             0    -0.5620537    -0.5968841    -0.6224949    -0.6416185    -0.6622503    -0.6824357    -0.6954146    -0.6976603    -0.6929771    -0.6800607    -0.6557475    -0.6115667    -0.5550287    -0.4973945    -0.4406079    -0.3857935    -0.3326826     -0.280962    -0.2303408
    -0.1806609    -0.1324882 -8.105697E-02 -2.431965E-02  3.176343E-02  8.907463E-02     0.1487274     0.2119009     0.2798884     0.3541799     0.4261802     0.4931922     0.5658365     0.6304622      0.683104     0.7346846     0.7816828     0.8186405     0.8384489     0.8353987
     0.8108122     0.7495752     0.6785575     0.6140664     0.5599547     0.5162762     0.4801184     0.4196677     0.3341637     0.2628156             0
             0    -0.5692067    -0.6082235    -0.6385656    -0.6625249    -0.6908099    -0.7234834     -0.754151    -0.7718056    -0.7750709    -0.7540261    -0.7140722    -0.6518494    -0.5823672    -0.5166053    -0.4544531    -0.3959571    -0.3401726    -0.2864037    -0.2341301
    -0.1830478    -0.1336377 -8.093954E-02 -2.277394E-02  3.484304E-02  9.395631E-02     0.1558778     0.2220916      0.294394       0.37516     0.4561492     0.5345502     0.6244625     0.7112823     0.7876421     0.8702314     0.9556393      1.034262      1.083126      1.052317
     0.9773434     0.8547209     0.7422705     0.6543723     0.5867255     0.5352517      0.494298     0.4278225     0.3375115     0.2640799             0
             0    -0.5728924    -0.6142316    -0.6474118    -0.6745687    -0.7087632     -0.754019     -0.812466    -0.8735312    -0.9207557    -0.8556573    -0.7721711    -0.6819807    -0.5996732    -0.5277553     -0.462123    -0.4014417    -0.3441518    -0.2892667    -0.2361113
    -0.1842908    -0.1342344 -8.087698E-02 -2.196741E-02  3.645298E-02  9.651987E-02     0.1596608     0.2275457      0.302298     0.3869216     0.4736745      0.560054     0.6636425     0.7713953      0.874415      1.000599      1.159297      1.364022      1.632886       1.38629
      1.161643     0.9427161     0.7861978     0.6791649     0.6020612     0.5456879     0.5019163     0.4320771     0.3392208     0.2647186             0
