 51            10 
             0    -0.2538906    -0.2464295     -0.240459    -0.2357416    -0.2302941    -0.2241238    -0.2181009    -0.2134705    -0.2095943    -0.2055488    -0.2002847    -0.1924923    -0.1829755    -0.1728937    -0.1622996    -0.1512492    -0.1398012    -0.1280202    -0.1159796
    -0.1037511 -9.129677E-02 -7.706177E-02 -6.289516E-02 -4.885694E-02 -3.500407E-02 -2.139136E-02 -8.071576E-03  4.904721E-03  1.748964E-02  2.811991E-02  3.696626E-02  4.553159E-02  5.242344E-02  5.780119E-02  6.303995E-02  6.813684E-02  7.308937E-02  7.789546E-02  8.255342E-02
     0.0881891  9.568381E-02     0.1036442     0.1110018     0.1177636     0.1239412     0.1295509     0.1396746     0.1556893     0.1664045             0
             0    -0.2589773    -0.2514584    -0.2454147    -0.2406374    -0.2351176    -0.2288548    -0.2227264     -0.218005    -0.2140466    -0.2099091    -0.2045169    -0.1965174    -0.1867235    -0.1763306    -0.1654018    -0.1539996    -0.1421765    -0.1299932    -0.1175263
    -0.1048593 -9.197806E-02 -7.732831E-02 -6.273416E-02 -4.827511E-02 -3.400986E-02 -1.999547E-02 -6.287397E-03  7.060581E-03  1.999674E-02  3.091273E-02  3.998788E-02     0.0487641  5.581536E-02  6.131143E-02  6.665897E-02  7.185486E-02     0.0768965  8.178183E-02  8.650933E-02
  9.222022E-02      0.099797     0.1078176      0.115204     0.1219645     0.1281118     0.1336648     0.1436302     0.1590931      0.168855             0
             0    -0.3355572    -0.3276201    -0.3207138    -0.3150577    -0.3082979    -0.3003778    -0.2923915    -0.2861092    -0.2807731    -0.2751268    -0.2676833    -0.2564643    -0.2424745    -0.2274023    -0.2113585    -0.1944588    -0.1768072    -0.1585202    -0.1397369
    -0.1206046    -0.1011189 -7.893815E-02 -5.684681E-02 -3.499193E-02 -1.349174E-02  7.533968E-03  2.796279E-02  4.766965E-02  6.652807E-02  8.217745E-02  9.498509E-02     0.1071399       0.11669     0.1240082     0.1309958     0.1376453     0.1439515     0.1499109     0.1555222
     0.1621019     0.1704098     0.1785626     0.1854374     0.1911166     0.1956952     0.1992779     0.2046694     0.2077538     0.2002217             0
             0     -0.411478    -0.4070929    -0.4017248    -0.3967781    -0.3902486    -0.3819186    -0.3728878    -0.3654473    -0.3589537    -0.3519132    -0.3424289    -0.3277335    -0.3088779    -0.2881517     -0.265797    -0.2420644     -0.217173    -0.1913386    -0.1647845
    -0.1377216    -0.1101157 -7.856448E-02 -4.709879E-02 -1.589675E-02  1.489347E-02  4.510295E-02  7.453341E-02     0.1029509     0.1300836      0.152433     0.1705337     0.1874394     0.2004206     0.2101714     0.2192572     0.2276528     0.2353397     0.2423069     0.2485517
     0.2554614     0.2632971     0.2696204     0.2735889     0.2755274     0.2757719     0.2746459     0.2702429     0.2527923     0.2247376             0
             0    -0.4731615     -0.476928    -0.4763471    -0.4744196    -0.4704149    -0.4637539    -0.4551188    -0.4472736    -0.4400621    -0.4318993    -0.4205085    -0.4021309    -0.3777222    -0.3504189    -0.3207962    -0.2893964    -0.2566445    -0.2228865    -0.1884156
    -0.1534549    -0.1178609 -7.707131E-02 -3.630212E-02  4.364191E-03  4.487084E-02  8.510891E-02     0.1248892     0.1639116     0.2017345     0.2332483     0.2588597     0.2826948     0.3007394     0.3140559     0.3261412     0.3368976     0.3462494     0.3541494     0.3605841
     0.3668229     0.3719487     0.3729758      0.370151     0.3644746     0.3568334     0.3479497     0.3287989     0.2871107      0.240925             0
             0    -0.5201123    -0.5356262    -0.5432677    -0.5471423    -0.5487701    -0.5468464    -0.5407673    -0.5335296    -0.5260641    -0.5168777    -0.5032711    -0.4800349    -0.4481325    -0.4122893    -0.3737934    -0.3336635    -0.2925608    -0.2509031    -0.2089528
    -0.1668315    -0.1241783 -7.528246E-02 -2.628472E-02     0.0229835     0.0727295     0.1231051      0.174161     0.2257779     0.2775652     0.3223272     0.3596571     0.3951326     0.4222606     0.4421884     0.4599394     0.4751196     0.4873866     0.4965032     0.5023881
     0.5058312     0.5032809     0.4918952     0.4752558     0.4559479     0.4357678     0.4158402       0.37775      0.311785     0.2513313             0
             0     -0.547549    -0.5740417    -0.5910786    -0.6025198    -0.6127365    -0.6195403    -0.6195791    -0.6147178     -0.607695    -0.5973558    -0.5804767    -0.5498284    -0.5076278    -0.4615232    -0.4136841    -0.3654085    -0.3173001    -0.2695861    -0.2223039
    -0.1753482    -0.1280921    -0.0739806 -1.964557E-02     0.0353751  9.162746E-02     0.1496694     0.2100533     0.2732759     0.3396628     0.4004383     0.4537603     0.5073359     0.5506598     0.5834706     0.6132323     0.6384798     0.6576188     0.6692507     0.6727287
      0.667733     0.6458791     0.6093414       0.56963     0.5311754     0.4959046     0.4644114     0.4088933     0.3255123     0.2566596             0
             0    -0.5601519    -0.5928876    -0.6161171    -0.6332141    -0.6509735    -0.6672373    -0.6760316    -0.6756028    -0.6698748    -0.6579174    -0.6361968     -0.596199    -0.5438117    -0.4893851    -0.4350502     -0.381734    -0.3296522    -0.2787182    -0.2287318
    -0.1794037    -0.1299347 -7.333652E-02 -1.644687E-02  4.137147E-02     0.1008774     0.1629097      0.228418     0.2984879     0.3743386     0.4468668       0.51345     0.5844198      0.646331     0.6960861     0.7442125     0.7875823     0.8214085     0.8394285     0.8363525
     0.8126242       0.75823     0.6904709     0.6281548     0.5740898     0.5281429     0.4893308     0.4237968     0.3316701     0.2589636             0
             0    -0.5671968    -0.6038122    -0.6312509    -0.6525599    -0.6767062    -0.7026627    -0.7234078    -0.7312971    -0.7288318    -0.7134308    -0.6831629    -0.6308805    -0.5683904     -0.507135    -0.4481043    -0.3914384    -0.3368619    -0.2839833     -0.232407
    -0.1817092    -0.1309764 -7.296491E-02 -1.462038E-02  4.480441E-02     0.1062058     0.1706124     0.2392605     0.3136986     0.3959371     0.4770651     0.5542594        0.6409     0.7224786     0.7929917     0.8680546     0.9447817      1.015156      1.059328      1.030371
      0.960627     0.8540813     0.7507035     0.6677112     0.6013358     0.5477781     0.5041075     0.4323007     0.3350712     0.2602139             0
             0    -0.5708241     -0.609583    -0.6395225    -0.6635625    -0.6924405    -0.7273014    -0.7634925    -0.7879082    -0.7956088    -0.7699484    -0.7230356    -0.6551343    -0.5835264    -0.5173088    -0.4552905    -0.3966567    -0.3406838    -0.2867492    -0.2343264
    -0.1829085    -0.1315166 -7.277002E-02 -1.366797E-02  4.659784E-02     0.1090012     0.1746813     0.2450488     0.3219521     0.4079616      0.494533     0.5790427     0.6778794     0.7777212      0.871322      0.984219       1.12555      1.310948      1.568298      1.328963
      1.120579     0.9312711     0.7910844      0.691578     0.6168036      0.558532     0.5120319      0.436738     0.3368087     0.2608455             0
