 51            10 
             0 -1.191926E-02 -1.177731E-02 -1.149338E-02 -1.125723E-02 -1.098001E-02 -1.066425E-02 -1.035567E-02 -1.011855E-02 -9.920167E-03 -9.713296E-03 -9.444343E-03 -9.046726E-03 -8.561738E-03 -8.048108E-03 -7.507904E-03 -6.943324E-03 -6.356683E-03    -0.0057504 -5.126993E-03
 -4.489058E-03 -3.839277E-03 -3.180408E-03 -2.515282E-03  -1.84676E-03 -1.177691E-03 -5.108754E-04   1.50969E-04  8.052299E-04  1.449425E-03  2.002245E-03   2.46805E-03  2.924956E-03   3.29763E-03  3.591187E-03  3.879957E-03  4.163747E-03  4.442377E-03  4.715682E-03  4.983507E-03
  5.311264E-03  5.754955E-03  6.238161E-03  6.696836E-03  7.130513E-03  7.538904E-03   7.92189E-03  8.637105E-03  9.907709E-03  1.100428E-02             0
             0    -0.0120203 -1.187716E-02 -1.159052E-02 -1.135202E-02 -1.107193E-02 -1.075278E-02 -1.044077E-02 -1.020095E-02 -1.000027E-02 -9.790977E-03 -9.518825E-03 -9.116386E-03  -8.62538E-03 -8.105248E-03 -7.558091E-03 -6.986145E-03 -6.391771E-03 -5.777439E-03 -5.145721E-03
 -4.499276E-03 -3.840852E-03 -3.173276E-03 -2.499452E-03 -1.822319E-03 -1.144801E-03 -4.697763E-04  1.999596E-04  8.617203E-04  1.512953E-03  2.071472E-03  2.541837E-03  3.002957E-03  3.378841E-03  3.674799E-03     0.0039658  4.251647E-03  4.532161E-03  4.807171E-03  5.076526E-03
  5.405976E-03  5.851578E-03  6.336289E-03  6.795821E-03  7.229747E-03   7.63783E-03  8.020008E-03  8.732726E-03  9.993489E-03  1.107039E-02             0
             0    -0.0135956 -1.343678E-02 -1.310963E-02 -1.283563E-02 -1.251181E-02 -1.214062E-02 -1.177565E-02 -1.149397E-02 -1.125767E-02 -1.101059E-02 -1.068856E-02 -1.021075E-02 -9.625408E-03 -9.003111E-03 -8.346469E-03 -7.658334E-03 -6.941783E-03 -6.200091E-03 -5.436713E-03
  -4.65527E-03 -3.859537E-03 -3.053448E-03 -2.241087E-03 -1.426625E-03 -6.142565E-04  1.918589E-04  9.876525E-04  1.769195E-03  2.532749E-03  3.182058E-03  3.724944E-03  4.252919E-03  4.679533E-03  5.013323E-03  5.339342E-03  5.657347E-03  5.967123E-03  6.268481E-03  6.561264E-03
  6.916363E-03  7.390319E-03  7.896242E-03  8.366365E-03  8.801011E-03  9.200836E-03  9.566766E-03  1.023313E-02  1.132539E-02  1.208379E-02             0
             0 -1.486781E-02 -1.471644E-02 -1.436819E-02    -0.0140731 -1.372095E-02 -1.331368E-02 -1.290991E-02 -1.259651E-02 -1.233264E-02 -1.205581E-02 -1.169383E-02 -1.115434E-02 -1.048992E-02 -9.780358E-03 -9.028808E-03 -8.238782E-03 -7.414097E-03 -6.558819E-03 -5.677234E-03
 -4.773821E-03 -3.853258E-03 -2.920442E-03    -0.0019805 -1.038734E-03 -1.005505E-04  8.285934E-04  1.743249E-03  2.638035E-03  3.507719E-03  4.242356E-03  4.852829E-03  5.442275E-03     0.0059146  6.281863E-03  6.638155E-03  6.983151E-03  7.316579E-03   7.63822E-03  7.947912E-03
  8.319953E-03  8.808986E-03  9.319571E-03  9.782819E-03  1.020034E-02  1.057424E-02  1.090696E-02  1.149533E-02  1.237266E-02  1.281847E-02             0
             0 -1.573032E-02     -0.015601 -1.524857E-02 -1.494586E-02 -1.458065E-02    -0.0141541    -0.0137274 -1.339414E-02 -1.311249E-02 -1.281594E-02 -1.242688E-02 -1.184444E-02 -1.112347E-02 -1.035041E-02  -9.52905E-03 -8.663619E-03 -7.758641E-03  -6.81886E-03 -5.849176E-03
 -4.854632E-03 -3.840436E-03 -2.812017E-03 -1.775086E-03 -7.355992E-04  3.002739E-04  1.326175E-03  2.335574E-03  3.321806E-03  4.278135E-03  5.082907E-03  5.748955E-03  6.388669E-03  6.897852E-03   7.29168E-03  7.671448E-03  8.036698E-03  8.387059E-03  8.722254E-03   9.04211E-03
   9.42266E-03  9.915041E-03  1.041736E-02  1.086182E-02  1.125189E-02  1.159158E-02  1.188517E-02  1.238872E-02  1.306868E-02     0.0132772             0
             0 -1.629622E-02 -1.619322E-02 -1.584563E-02 -1.554305E-02 -1.517412E-02 -1.473903E-02 -1.429987E-02 -1.395476E-02 -1.366199E-02 -1.335266E-02 -1.294554E-02 -1.233351E-02 -1.157257E-02 -1.075404E-02 -9.882515E-03 -8.962969E-03 -8.000599E-03 -7.000685E-03 -5.968534E-03
 -4.909475E-03 -3.828923E-03 -2.732471E-03 -1.626002E-03 -5.156856E-04   5.92017E-04  1.690317E-03  2.772053E-03  3.829652E-03  4.855124E-03  5.717013E-03  6.428842E-03  7.110215E-03  7.649853E-03  8.065422E-03   8.46405E-03  8.845059E-03  9.207913E-03  9.552235E-03  9.877822E-03
  1.026136E-02  1.074953E-02  1.123574E-02  1.165512E-02  1.201357E-02  1.231737E-02  1.257269E-02  1.299791E-02     0.0135187  1.356086E-02             0
             0 -1.659032E-02 -1.650687E-02     -0.016166 -1.586652E-02 -1.549864E-02 -1.506177E-02    -0.0146178 -1.426725E-02 -1.396898E-02 -1.365299E-02 -1.323611E-02 -1.260747E-02 -1.182357E-02 -1.097882E-02 -1.007852E-02 -9.128238E-03 -8.133623E-03 -7.100255E-03 -6.033612E-03
 -4.939093E-03  -3.82211E-03 -2.688212E-03 -1.543223E-03 -3.932571E-04  7.552513E-04  1.895478E-03   3.02011E-03  4.121234E-03  5.190236E-03  6.089317E-03  6.831693E-03  7.541453E-03  8.102128E-03  8.532732E-03  8.944286E-03  9.335826E-03  9.706585E-03  1.005604E-02  1.038393E-02
     0.0107669  1.124759E-02  1.171702E-02  1.211399E-02  1.244681E-02  1.272362E-02  1.295188E-02  1.332453E-02  1.375013E-02  1.370238E-02             0
             0 -1.671833E-02 -1.664469E-02 -1.630778E-02 -1.601044E-02 -1.564388E-02 -1.520704E-02 -1.476152E-02 -1.440882E-02 -1.410824E-02 -1.378933E-02 -1.336802E-02 -1.273171E-02 -1.193709E-02 -1.108015E-02 -1.016658E-02 -9.202269E-03 -8.193056E-03 -7.144646E-03  -6.06257E-03
 -4.952232E-03 -3.819014E-03 -2.668414E-03 -1.506192E-03 -3.383988E-04   8.28594E-04  1.988004E-03  3.132522E-03  4.254159E-03  5.344101E-03  6.261526E-03  7.019289E-03  7.743672E-03  8.315421E-03  8.754024E-03  9.172494E-03  9.569635E-03   9.94448E-03  1.029636E-02  1.062499E-02
  1.100682E-02     0.0114821  1.194112E-02  1.232526E-02     0.0126442      0.012907  1.312171E-02  1.346873E-02  1.385039E-02     0.0137629             0
             0 -1.678801E-02 -1.672008E-02 -1.638563E-02    -0.0160897 -1.572414E-02    -0.0152876 -1.484144E-02 -1.448767E-02 -1.418586E-02 -1.386533E-02 -1.344155E-02 -1.280087E-02 -1.200015E-02 -1.113632E-02    -0.0102153  -9.24315E-03 -8.225828E-03 -7.169095E-03 -6.078504E-03
 -4.959453E-03 -3.817298E-03    -0.0026575 -1.485775E-03 -3.081243E-04  8.691272E-04   2.03924E-03  3.194928E-03  4.328193E-03  5.430145E-03   6.35825E-03  7.125098E-03  7.858261E-03  8.436782E-03   8.88034E-03  9.303132E-03  9.703792E-03  1.008118E-02  1.043449E-02  1.076339E-02
  1.114417E-02  1.161555E-02  1.206768E-02  1.244373E-02  1.275421E-02  1.300869E-02  1.321549E-02  1.354779E-02  1.390484E-02  1.379557E-02             0
             0 -1.682328E-02 -1.675836E-02 -1.642526E-02 -1.613014E-02 -1.576519E-02 -1.532891E-02 -1.488253E-02 -1.452825E-02 -1.422583E-02 -1.390448E-02 -1.347941E-02 -1.283643E-02 -1.203252E-02    -0.0111651 -1.024022E-02 -9.264038E-03 -8.242555E-03 -7.181564E-03 -6.086625E-03
 -4.963131E-03  -3.81642E-03 -2.651932E-03 -1.475357E-03 -2.926679E-04  8.898405E-04  2.065456E-03  3.226914E-03  4.366223E-03  5.474471E-03  6.408238E-03   7.17996E-03  7.917902E-03  8.500182E-03  8.946528E-03  9.371794E-03  9.774494E-03  1.015336E-02  1.050747E-02  1.083641E-02
  1.121642E-02  1.168532E-02  1.213342E-02  1.250493E-02  1.281078E-02  1.306079E-02     0.0132634  1.358798E-02  1.393236E-02  1.381202E-02             0
