 51            10 
             0 -1.001617E-03 -9.555324E-04 -9.204952E-04 -8.932336E-04 -8.621477E-04 -8.273312E-04 -7.936959E-04 -7.680209E-04 -7.466212E-04 -7.243787E-04 -6.955441E-04 -6.530693E-04 -6.014527E-04 -5.469273E-04 -4.896687E-04  -4.29861E-04 -3.676969E-04 -3.033765E-04 -2.371063E-04
 -1.690984E-04 -9.956928E-05 -2.873889E-05  4.317045E-05  1.159352E-04  1.893316E-04  2.631371E-04   3.37131E-04  4.110961E-04   4.84819E-04  5.489326E-04  6.035344E-04  6.577004E-04  7.024081E-04  7.379157E-04  7.731419E-04  8.080646E-04  8.426621E-04  8.769133E-04  9.107977E-04
  9.526699E-04  1.010212E-03  1.074202E-03  1.136281E-03  1.196321E-03  1.254204E-03   1.30982E-03  1.416321E-03  1.621579E-03  1.850362E-03             0
             0 -1.004421E-03 -9.582004E-04 -9.230563E-04 -8.957104E-04 -8.645274E-04 -8.296007E-04 -7.958579E-04 -7.701005E-04 -7.486317E-04 -7.263171E-04 -6.973886E-04 -6.547751E-04 -6.029889E-04  -5.48284E-04 -4.908366E-04 -4.308317E-04 -3.684634E-04 -3.039326E-04 -2.374474E-04
 -1.692209E-04 -9.947127E-05 -2.841975E-05  4.370979E-05  1.166923E-04  1.903027E-04  2.643167E-04  3.385125E-04  4.126712E-04  4.865784E-04  5.508441E-04  6.055699E-04   6.59853E-04  7.046526E-04  7.402303E-04  7.755234E-04  8.105095E-04   8.45167E-04  8.794749E-04  9.134124E-04
  9.553466E-04  1.012967E-03  1.077032E-03  1.139173E-03  1.199262E-03  1.257181E-03  1.312823E-03  1.419354E-03  1.624563E-03  1.853086E-03             0
             0 -1.047524E-03 -9.992289E-04 -9.624538E-04 -9.338204E-04 -9.011496E-04 -8.645363E-04 -8.291457E-04 -8.021209E-04 -7.795909E-04 -7.561686E-04 -7.257983E-04 -6.810497E-04 -6.266543E-04 -5.691823E-04  -5.08823E-04 -4.457767E-04 -3.802539E-04 -3.124741E-04 -2.426646E-04
 -1.710595E-04 -9.789858E-05 -2.342592E-05  5.211161E-05  1.284655E-04  2.053873E-04  2.826297E-04  3.599486E-04  4.371039E-04  5.138612E-04  5.804768E-04  6.371164E-04   6.93207E-04  7.394199E-04  7.760773E-04  8.123978E-04  8.483583E-04  8.839365E-04  9.191108E-04  9.538603E-04
  9.967411E-04  1.055543E-03  1.120744E-03  1.183811E-03  1.244626E-03   1.30308E-03   1.35908E-03  1.466003E-03  1.670323E-03  1.894691E-03             0
             0 -1.078636E-03 -1.028962E-03 -9.910767E-04 -9.615576E-04 -9.278528E-04 -8.900556E-04 -8.534976E-04 -8.255689E-04 -8.022789E-04   -7.7806E-04 -7.466489E-04 -7.003506E-04 -6.440485E-04 -5.845422E-04 -5.220309E-04  -4.56726E-04 -3.888509E-04  -3.18639E-04 -2.463329E-04
 -1.721829E-04 -9.644581E-05 -1.938357E-05  5.873843E-05  1.376528E-04  2.170916E-04  2.967886E-04    3.7648E-04  4.559073E-04  5.348183E-04  6.032002E-04  6.612706E-04  7.187031E-04  7.659561E-04  8.034023E-04  8.404675E-04  8.771278E-04  9.133602E-04  9.491427E-04  9.844543E-04
   1.02798E-03  1.087565E-03  1.153479E-03  1.217088E-03  1.278281E-03  1.336962E-03  1.393051E-03  1.499905E-03  1.702818E-03  1.923409E-03             0
             0 -1.098029E-03 -1.047571E-03 -1.009036E-03  -9.78993E-04 -9.446694E-04 -9.061559E-04 -8.688846E-04 -8.403998E-04 -8.166402E-04  -7.91927E-04 -7.598677E-04  -7.12599E-04 -6.550956E-04  -5.94301E-04 -5.304209E-04 -4.636744E-04 -3.942932E-04 -3.225201E-04 -2.486075E-04
 -1.728163E-04 -9.541425E-05 -1.667471E-05  6.312497E-05   1.43705E-04  2.247846E-04  3.060842E-04  3.873268E-04  4.682399E-04  5.485581E-04  6.180911E-04  6.770905E-04  7.353899E-04  7.833099E-04   8.21259E-04  8.587954E-04  8.958945E-04   9.32533E-04  9.686883E-04  1.004339E-03
  1.048248E-03  1.108282E-03  1.174583E-03  1.238456E-03  1.299802E-03  1.358535E-03  1.414585E-03  1.521206E-03  1.722858E-03  1.940772E-03             0
             0 -1.110016E-03 -1.059113E-03 -1.020201E-03 -9.898499E-04 -9.551583E-04 -9.162145E-04 -8.785103E-04 -8.496857E-04  -8.25638E-04 -8.006204E-04 -7.681604E-04 -7.202892E-04 -6.620361E-04 -6.004341E-04 -5.356935E-04 -4.680388E-04 -3.977071E-04 -3.249473E-04 -2.500182E-04
 -1.731871E-04 -9.472843E-05 -1.492261E-05  6.594576E-05  1.475892E-04  2.297191E-04  3.120472E-04  3.942877E-04  4.761589E-04  5.573855E-04  6.276614E-04  6.872595E-04  7.461157E-04  7.944619E-04  8.327306E-04  8.705647E-04  9.079388E-04  9.448291E-04  9.812128E-04  1.017069E-03
  1.061204E-03  1.121496E-03  1.188002E-03  1.251998E-03  1.313392E-03  1.372108E-03  1.428085E-03  1.534463E-03  1.735159E-03  1.951291E-03             0
             0 -1.115996E-03 -1.064888E-03 -1.025798E-03 -9.952997E-04 -9.604308E-04 -9.212776E-04 -8.833609E-04 -8.543684E-04 -8.301777E-04 -8.050086E-04 -7.723486E-04 -7.241752E-04 -6.655445E-04 -6.035349E-04  -5.38359E-04 -4.702442E-04 -3.994309E-04 -3.261709E-04 -2.507261E-04
 -1.733671E-04 -9.437172E-05 -1.402352E-05  6.738934E-05  1.495758E-04  2.322432E-04  3.150992E-04  3.978535E-04  4.802194E-04  5.619165E-04   6.32578E-04  6.924869E-04  7.516318E-04  8.001982E-04  8.386315E-04   8.76618E-04  9.141319E-04   9.51149E-04  9.876464E-04  1.023603E-03
  1.067847E-03  1.128257E-03   1.19485E-03  1.258889E-03  1.320287E-03  1.378974E-03  1.434894E-03  1.541113E-03   1.74127E-03  1.956472E-03             0
             0 -1.118554E-03 -1.067361E-03 -1.028197E-03 -9.976372E-04 -9.626938E-04 -9.234522E-04 -8.854453E-04 -8.563814E-04 -8.321298E-04 -8.068959E-04 -7.741502E-04 -7.258473E-04 -6.670543E-04 -6.048692E-04 -5.395059E-04  -4.71193E-04 -4.001722E-04 -3.266967E-04 -2.510298E-04
 -1.734434E-04 -9.421663E-05 -1.363453E-05  6.801333E-05  1.504343E-04  2.333342E-04  3.164189E-04  3.993961E-04  4.819772E-04  5.638792E-04  6.347089E-04  6.947535E-04  7.540245E-04  8.026871E-04  8.411921E-04  8.792449E-04  9.168193E-04   9.53891E-04   9.90437E-04  1.026436E-03
  1.070726E-03  1.131185E-03  1.197811E-03  1.261864E-03  1.323259E-03  1.381929E-03  1.437821E-03  1.543965E-03  1.743878E-03  1.958675E-03             0
             0 -1.119934E-03 -1.068696E-03 -1.029493E-03 -9.989007E-04 -9.639176E-04 -9.246285E-04 -8.865732E-04 -8.574708E-04 -8.331864E-04 -8.079176E-04 -7.751256E-04 -7.267526E-04 -6.678717E-04 -6.055916E-04 -5.401268E-04 -4.717066E-04 -4.005734E-04 -3.269812E-04  -2.51194E-04
 -1.734844E-04 -9.413228E-05 -1.342341E-05  6.835184E-05  1.509001E-04  2.339261E-04  3.171351E-04  4.002335E-04  4.829316E-04  5.649453E-04  6.358667E-04  6.959855E-04  7.553253E-04  8.040403E-04  8.425845E-04  8.806733E-04  9.182807E-04   9.55382E-04  9.919542E-04  1.027976E-03
  1.072291E-03  1.132775E-03  1.199418E-03  1.263477E-03   1.32487E-03   1.38353E-03  1.439405E-03  1.545505E-03  1.745285E-03  1.959862E-03             0
             0  -1.12063E-03 -1.069369E-03 -1.030147E-03 -9.995376E-04 -9.645346E-04 -9.252218E-04 -8.871421E-04 -8.580205E-04 -8.337194E-04  -8.08433E-04 -7.756178E-04 -7.272094E-04 -6.682843E-04 -6.059562E-04 -5.404401E-04 -4.719658E-04 -4.007758E-04 -3.271247E-04 -2.512768E-04
  -1.73505E-04  -9.40896E-05 -1.331674E-05  6.852286E-05  1.511353E-04  2.342252E-04  3.174969E-04  4.006566E-04   4.83414E-04  5.654843E-04  6.364522E-04  6.966086E-04  7.559833E-04   8.04725E-04  8.432891E-04  8.813962E-04  9.190203E-04  9.561366E-04   9.92722E-04  1.028755E-03
  1.073082E-03  1.133579E-03   1.20023E-03  1.264292E-03  1.325683E-03  1.384337E-03  1.440204E-03  1.546282E-03  1.745994E-03  1.960459E-03             0
