 51            10 
             0    -0.2542118    -0.2467345    -0.2407522    -0.2360301    -0.2305827    -0.2244131    -0.2183899    -0.2137584    -0.2098804    -0.2058323    -0.2005634    -0.1927608    -0.1832276    -0.1731257    -0.1625123    -0.1514455    -0.1399716    -0.1281417    -0.1160073
    -0.1036004 -9.085573E-02    -0.0772194 -6.354766E-02 -4.990101E-02 -3.634897E-02 -2.295302E-02 -9.761723E-03  3.176213E-03     0.0158098  2.655325E-02  3.553912E-02  4.428476E-02  5.136034E-02  5.690327E-02  6.232632E-02  6.762872E-02  7.281142E-02  7.787652E-02  8.282678E-02
  8.887496E-02      0.096699     0.1049055     0.1123993     0.1191579     0.1254294     0.1311949     0.1417038     0.1585832     0.1698762             0
             0    -0.2595306    -0.2520041    -0.2459112     -0.241122    -0.2356485     -0.229424    -0.2233234    -0.2186195    -0.2146729    -0.2105433     -0.205153    -0.1971305    -0.1872846    -0.1768064    -0.1658116    -0.1544358    -0.1426034    -0.1303512    -0.1177386
    -0.1048211 -9.158193E-02 -7.766864E-02 -6.362648E-02    -0.0495594 -3.563025E-02 -2.192817E-02 -8.430008E-03  4.827139E-03  1.777981E-02  2.878056E-02  3.796508E-02  4.688285E-02  5.407407E-02  5.968735E-02  6.514576E-02  7.044529E-02  7.560063E-02  8.062278E-02  8.552288E-02
  9.151383E-02  9.933919E-02     0.1076215     0.1152694     0.1222124     0.1286107     0.1344262      0.144925      0.161276     0.1714689             0
             0    -0.3363042    -0.3283956    -0.3214575    -0.3158023    -0.3091151    -0.3012587    -0.2933208    -0.2870693    -0.2817541    -0.2761222    -0.2686839    -0.2574326    -0.2433616    -0.2281541    -0.2120001    -0.1951273    -0.1774522    -0.1590568     -0.140055
    -0.1205538    -0.1005511 -7.954095E-02 -5.835273E-02 -3.716719E-02 -1.625681E-02   4.21254E-03  2.424004E-02  4.372865E-02  6.253705E-02  7.825687E-02  9.118653E-02     0.1035189     0.1132567     0.1207376     0.1278847     0.1346884     0.1411653     0.1473277     0.1531887
     0.1601603     0.1688715     0.1774628     0.1847963     0.1908568     0.1958756      0.199898     0.2061459     0.2106316     0.2033273             0
             0    -0.4126168    -0.4084511    -0.4031908    -0.3983167      -0.39194    -0.3837551    -0.3748328     -0.367455    -0.3609999    -0.3539822    -0.3444995    -0.3297312    -0.3106955    -0.2896999      -0.26709    -0.2433171    -0.2183324     -0.192303    -0.1654198
    -0.1378488    -0.1095925 -7.994242E-02 -4.998988E-02 -1.997594E-02  9.725198E-03  3.887154E-02  6.744121E-02  9.524831E-02     0.1220127     0.1442186     0.1623032     0.1792986     0.1924402     0.2023556     0.2116236     0.2202121     0.2281307     0.2353877     0.2419958
     0.2494723     0.2580251     0.2651834     0.2700772     0.2728885     0.2740287       0.27376     0.2709569         0.256     0.2282703             0
             0    -0.4749021    -0.4794351    -0.4794204    -0.4778279    -0.4742557    -0.4680188    -0.4596853    -0.4519913    -0.4448567    -0.4367189    -0.4252852    -0.4066706    -0.3817571     -0.353806    -0.3235173    -0.2918187    -0.2587553    -0.2246047    -0.1896179
    -0.1539732    -0.1176124 -7.955858E-02 -4.101288E-02 -2.177349E-03  3.657624E-02  7.502386E-02     0.1132051     0.1508916     0.1876511     0.2184575     0.2436174      0.267177     0.2851554     0.2985032     0.3106864     0.3215907     0.3311812     0.3394364     0.3463599
     0.3533932     0.3597732     0.3623633     0.3613414     0.3574599     0.3515395     0.3442378     0.3279203      0.290266     0.2447148             0
             0    -0.5226027    -0.5399656    -0.5492607    -0.5542029     -0.557117    -0.5565243    -0.5513957    -0.5445898    -0.5372977     -0.528093    -0.5142185    -0.4901225    -0.4567057    -0.4191983    -0.3790499    -0.3379849    -0.2960928    -0.2536713      -0.21091
    -0.1678727    -0.1243221    -0.0789265 -3.281738E-02  1.397903E-02  6.125655E-02     0.1089947     0.1575071     0.2067558     0.2563715     0.2994125     0.3354287     0.3698176     0.3962936     0.4158535      0.433386      0.448468      0.460832     0.4702867     0.4767741
     0.4813048     0.4809517     0.4724223     0.4590894     0.4430873     0.4258851     0.4085698     0.3749492     0.3147208     0.2552698             0
             0    -0.5506756     -0.580369    -0.6007853    -0.6147126    -0.6281625    -0.6387204    -0.6417705    -0.6383126    -0.6317679    -0.6211483    -0.6030691    -0.5694898    -0.5231844    -0.4732836    -0.4220745    -0.3718433    -0.3222729    -0.2733374    -0.2249248
    -0.1768313    -0.1285587 -7.843439E-02 -2.742287E-02  2.468019E-02  7.792899E-02     0.1326529     0.1896677     0.2495282     0.3125502     0.3703649     0.4211936     0.4724167      0.514014     0.5456247     0.5743997     0.5988561     0.6175843     0.6293197     0.6334736
     0.6299793     0.6120235     0.5804671      0.546174     0.5129306     0.4820331     0.4541806     0.4046147     0.3282515     0.2606677             0
             0    -0.5636224    -0.6004525    -0.6284427    -0.6493912    -0.6726496    -0.6962304    -0.7122233    -0.7159266    -0.7117494    -0.6984558    -0.6728163    -0.6256631    -0.5654663     -0.504871    -0.4456088    -0.3895128    -0.3354834    -0.2830267    -0.2317149
    -0.1811217    -0.1305693 -7.818709E-02 -2.482834E-02  2.985337E-02  8.608367E-02     0.1444395     0.2061246     0.2722534     0.3439879     0.4126867     0.4758513     0.5433167     0.6023147     0.6497947     0.6957513     0.7370874     0.7694439     0.7870094     0.7848122
     0.7634071     0.7153939     0.6550985      0.600088     0.5526972     0.5120579      0.477512     0.4187644     0.3343069     0.2630005             0
             0    -0.5708752    -0.6121845    -0.6454234    -0.6717547    -0.7036777    -0.7414935    -0.7773293    -0.7980618    -0.8034622    -0.7804162    -0.7375171    -0.6701449    -0.5951909    -0.5254316    -0.4601776    -0.4001061    -0.3432394    -0.2886366    -0.2356098
    -0.1835676    -0.1317104 -7.804361E-02 -2.334772E-02  3.281422E-02     0.0907805      0.151297     0.2158447     0.2859765     0.3636026     0.4402843     0.5133426      0.595468     0.6728941       0.73982     0.8109809      0.883467     0.9499778         0.992     0.9651327
     0.8999809     0.8035654     0.7105123     0.6365002     0.5779294     0.5303286     0.4913308     0.4268262     0.3376476      0.264266             0
             0    -0.5746152    -0.6184175    -0.6548244    -0.6847401    -0.7233742    -0.7753839    -0.8418145    -0.9135854    -0.9997166    -0.8958471    -0.8017859    -0.7036097    -0.6141733    -0.5374498    -0.4682845    -0.4058392    -0.3473679    -0.2915921    -0.2376483
    -0.1848423    -0.1323033 -7.796814E-02 -2.257588E-02  3.436089E-02     0.0932446     0.1549199     0.2210358      0.293429     0.3745383     0.4562815     0.5361715     0.6297178     0.7242613     0.8128196     0.9194168       1.05247      1.227316      1.471669      1.244626
       1.04804     0.8744772     0.7476529     0.6584523      0.592249     0.5403306     0.4987366     0.4310291     0.3393532     0.2649052             0
