 51            10 
             0    -0.2148076    -0.2105096    -0.2066879    -0.2035925    -0.1999583    -0.1957971    -0.1917067    -0.1885509    -0.1859041    -0.1831377    -0.1795336    -0.1741903    -0.1676537    -0.1615871    -0.1560917    -0.1503524    -0.1404885    -0.1292127    -0.1177433
    -0.1055498 -9.294515E-02 -7.998139E-02    -0.0667489     -0.053419 -3.993085E-02    -0.0262758    -0.0124854  6.374536E-04  1.282665E-02  2.331201E-02  3.207459E-02  4.056937E-02     0.0474266  5.281458E-02  5.813601E-02  6.340866E-02  6.862859E-02  7.381763E-02  7.865517E-02
  8.420762E-02  9.196124E-02     0.1002376     0.1077752     0.1149791     0.1217805     0.1280708     0.1396712     0.1572437     0.1678018             0
             0    -0.2178079    -0.2135144     -0.209679    -0.2065671    -0.2029076    -0.1987099    -0.1945758    -0.1913811    -0.1886986    -0.1858913    -0.1822286    -0.1767855    -0.1701004    -0.1638631    -0.1581585     -0.152123    -0.1419415    -0.1303356    -0.1185111
    -0.1059171 -9.288029E-02 -7.946889E-02    -0.0657909    -0.0520232 -3.811317E-02 -2.406076E-02 -9.887603E-03  3.580907E-03  1.609426E-02  2.686343E-02  3.586606E-02     0.0445937  5.163424E-02     0.0571607  6.261101E-02     0.0680004  7.332528E-02  7.860868E-02  8.352547E-02
  8.916975E-02  9.701166E-02     0.1053339     0.1128766     0.1200355      0.126714     0.1328015     0.1439191      0.160623     0.1700748             0
             0    -0.2653823    -0.2614337    -0.2575898    -0.2543835    -0.2505207    -0.2459897    -0.2414314    -0.2378537    -0.2348189    -0.2316107    -0.2273827    -0.2210046    -0.2130137    -0.2054072    -0.1982933    -0.1905957    -0.1759252    -0.1587285    -0.1410139
    -0.1220502    -0.1023743    -0.0821214 -6.148243E-02 -4.075108E-02 -1.987689E-02  1.107657E-03  2.213063E-02  4.193707E-02  6.011836E-02  7.553133E-02  8.823604E-02     0.1003452     0.1099168     0.1173138     0.1244848     0.1314448     0.1381841     0.1447275     0.1506798
     0.1573299     0.1661723       0.17497     0.1823377     0.1887159     0.1940763     0.1984126      0.205319     0.2104684     0.2019928             0
             0    -0.3065295    -0.3042837    -0.3014131    -0.2988555    -0.2956121    -0.2916423    -0.2875006     -0.284171    -0.2813049    -0.2782332    -0.2741328    -0.2678355    -0.2597695     -0.251928    -0.2444532    -0.2361811    -0.2164548     -0.192449    -0.1674676
    -0.1406513    -0.1128171 -8.416937E-02 -5.496994E-02 -2.561665E-02  3.977249E-03  3.376753E-02  6.363656E-02  9.175918E-02     0.1174949     0.1391554     0.1568429     0.1734679      0.186352     0.1961414      0.205441     0.2142532     0.2225512     0.2303535     0.2372011
     0.2445169      0.253481     0.2612653     0.2666138     0.2700414     0.2717316      0.271937     0.2699708     0.2562154     0.2269316             0
             0    -0.3359834    -0.3361995    -0.3349172    -0.3334907    -0.3314146    -0.3286129    -0.3254693    -0.3228346    -0.3205153     -0.317983    -0.3145513    -0.3091922    -0.3022392    -0.2954437    -0.2890693    -0.2820616     -0.257389    -0.2261875    -0.1936249
    -0.1588032    -0.1228227 -8.589824E-02 -4.827246E-02 -1.034343E-02  2.811771E-02  6.715408E-02     0.1066919      0.144309     0.1791147     0.2086279     0.2327602      0.255345     0.2726271     0.2855651     0.2975995     0.3086793      0.318725      0.327724     0.3351637
     0.3424942     0.3499862     0.3542511     0.3547853     0.3523476     0.3475971      0.341245     0.3263373     0.2906878      0.243366             0
             0    -0.3561557     -0.359049    -0.3596352    -0.3595839    -0.3589649    -0.3576414    -0.3557579    -0.3539922    -0.3523532    -0.3504924    -0.3479028    -0.3437803    -0.3384774    -0.3335072    -0.3294603    -0.3256366    -0.2960876     -0.257484    -0.2174555
    -0.1750973    -0.1317247 -8.745824E-02 -4.239546E-02  3.206755E-03  4.985907E-02     0.0978542     0.1473553     0.1954631     0.2411836     0.2809973     0.3141367     0.3455612     0.3696948      0.387641     0.4040484     0.4186679     0.4312345     0.4416096     0.4492198
     0.4554076     0.4582931     0.4543443     0.4454382     0.4330034     0.4185165     0.4032552     0.3723398     0.3152075     0.2539099             0
             0    -0.3669958    -0.3719253    -0.3740887     -0.375262    -0.3760021    -0.3760904    -0.3753774    -0.3743561    -0.3732526    -0.3718699    -0.3698283    -0.3664656    -0.3622988    -0.3588599    -0.3572451    -0.3572744    -0.3237648    -0.2792253    -0.2336089
    -0.1859396    -0.1375959 -8.853193E-02 -3.864348E-02  1.201683E-02  6.427827E-02     0.1187753     0.1760846     0.2331935      0.289435      0.340515      0.384576     0.4279442     0.4623935     0.4883865     0.5122154     0.5330138     0.5498651     0.5621117     0.5690203
     0.5718021     0.5641717      0.544828     0.5212469     0.4956768     0.4701576     0.4460441     0.4009628     0.3287238     0.2592997             0
             0    -0.3717877    -0.3777719    -0.3808208    -0.3827243    -0.3843335     -0.385392    -0.3855163    -0.3849926     -0.384195    -0.3830135    -0.3811229    -0.3779011    -0.3740842    -0.3713398    -0.3711143    -0.3735834    -0.3378334    -0.2900583    -0.2415356
    -0.1912024    -0.1404306 -8.906044E-02 -3.686142E-02     0.0162415  7.126923E-02      0.129081     0.1905593     0.2527674      0.315491     0.3742703     0.4265692     0.4800606     0.5245184     0.5591161     0.5917215     0.6205184     0.6432671     0.6578934     0.6629856
     0.6603154     0.6384389     0.6023419     0.5656261     0.5300193     0.4970613     0.4675468     0.4145094     0.3347608     0.2616285             0
             0    -0.3744161    -0.3810261    -0.3846274    -0.3870078    -0.3892216    -0.3910172    -0.3918537    -0.3917717    -0.3912105    -0.3900867    -0.3881308    -0.3847676    -0.3809904    -0.3785835    -0.3792092    -0.3832735    -0.3461161    -0.2963627    -0.2461098
    -0.1942214    -0.1420521 -8.936553E-02 -3.585035E-02  1.865012E-02  7.527819E-02     0.1350417      0.199037     0.2644272     0.3313999     0.3955649     0.4540365     0.5158175     0.5694774     0.6128032     0.6554005     0.6945548     0.7261022     0.7447352     0.7458245
     0.7345269     0.6949204     0.6421877     0.5944036     0.5512679     0.5131745     0.4801527     0.4221955     0.3380882     0.2628917             0
             0    -0.3757533    -0.3826982    -0.3866073    -0.3892653    -0.3918558    -0.3941678    -0.3956148    -0.3960143    -0.3957371     -0.394484    -0.3922449    -0.3885723    -0.3846903    -0.3824145    -0.3835002    -0.3884762    -0.3505305    -0.2996945    -0.2485128
     -0.195801    -0.1428988 -8.952573E-02 -3.532518E-02  1.990524E-02     0.0773754     0.1381784      0.203538     0.2706954     0.3401188     0.4075623     0.4700347     0.5376768     0.5986987     0.6498855       0.70294     0.7552224      0.801289     0.8302548      0.820153
     0.7941187     0.7341043     0.6669111     0.6110826     0.5630679     0.5218856     0.4868577      0.426191     0.3397858     0.2635298             0
