 51            10 
             0    -0.2539594    -0.2459798    -0.2391007    -0.2343664    -0.2294956    -0.2236112    -0.2176153    -0.2128814    -0.2088495    -0.2045664    -0.1988866    -0.1902084    -0.1798606    -0.1689816    -0.1585724    -0.1487673    -0.1379325    -0.1262292    -0.1137611
    -0.1005781 -8.667231E-02 -7.323369E-02 -6.032247E-02 -4.682644E-02 -3.384965E-02 -2.153901E-02 -9.061476E-03  3.440052E-03  1.584578E-02  2.653174E-02  3.555229E-02  4.441967E-02  5.167774E-02  5.741434E-02  6.272625E-02  6.760948E-02     0.0724119  7.712656E-02  8.174667E-02
     0.0873954  9.501776E-02     0.1032674     0.1110486     0.1183725     0.1248835     0.1305785     0.1410506     0.1579588     0.1690717             0
             0    -0.2598945    -0.2524009     -0.246203    -0.2414063    -0.2361354    -0.2299748    -0.2239214    -0.2192581    -0.2153475    -0.2112544     -0.205899    -0.1978286    -0.1879973     -0.177285    -0.1661103    -0.1551494    -0.1433823    -0.1310573    -0.1182605
    -0.1050596 -9.126365E-02 -7.743671E-02 -6.386548E-02    -0.0497251    -0.0358827 -2.260737E-02 -9.285198E-03  3.934811E-03     0.0169364  2.797031E-02  3.717652E-02     0.0461336  5.342497E-02  5.920713E-02  6.463446E-02  6.968119E-02  7.466207E-02     0.0795517  8.434211E-02
  9.019332E-02  9.800234E-02     0.1063391     0.1141056     0.1213265     0.1278959     0.1337722     0.1445039     0.1610073     0.1711391             0
             0    -0.3367907    -0.3289592    -0.3219315    -0.3163095    -0.3098873    -0.3021327     -0.294275    -0.2880896    -0.2828318    -0.2772573    -0.2698745    -0.2585611    -0.2445177    -0.2289545    -0.2125347     -0.196247    -0.1786506    -0.1601384    -0.1408622
    -0.1209432     -0.100112 -7.924011E-02 -5.876345E-02 -3.746864E-02 -1.668991E-02  3.147182E-03  2.292187E-02     0.0423659  6.125832E-02  7.703929E-02     0.0900121     0.1024116     0.1122965      0.120014      0.127138     0.1336338     0.1399116     0.1459361     0.1516954
     0.1585473        0.1673     0.1760309     0.1835493       0.18992      0.195138     0.1992633     0.2057903     0.2105965     0.2030582             0
             0    -0.4134404    -0.4095463    -0.4043851    -0.3997501    -0.3937483    -0.3857871    -0.3770394    -0.3697842    -0.3634245    -0.3564928    -0.3470849    -0.3322115    -0.3131788     -0.291601    -0.2685472    -0.2454767    -0.2204998    -0.1942277    -0.1668966
    -0.1386929    -0.1092349 -7.974084E-02 -5.078123E-02 -2.061947E-02  8.865527E-03  3.707638E-02     0.0652402  9.292983E-02      0.119759      0.142007     0.1601181     0.1771774     0.1904985     0.2007173     0.2099575     0.2181632     0.2258553     0.2329801     0.2395183
     0.2469431     0.2556587     0.2631416     0.2683654     0.2715481     0.2729605     0.2729112      0.270507     0.2561451     0.2280403             0
             0    -0.4762932    -0.4816507     -0.482344    -0.4816099    -0.4787483    -0.4731342    -0.4652596    -0.4578283    -0.4508615    -0.4428394    -0.4314588    -0.4125589    -0.3874398    -0.3583865     -0.327205    -0.2960716    -0.2626898    -0.2279661    -0.1921989
    -0.1555967    -0.1175932 -7.965192E-02 -4.235354E-02 -3.340289E-03  3.506218E-02  7.218465E-02     0.1096899     0.1470377     0.1836678     0.2143194     0.2393291     0.2627936     0.2808747      0.294526      0.306594     0.3169588     0.3262565     0.3343866     0.3413099
     0.3484567     0.3552709     0.3586135     0.3582815     0.3549748     0.3495492     0.3427556     0.3271621     0.2905078     0.2445147             0
             0    -0.5247284    -0.5440165    -0.5554298    -0.5627086    -0.5673853    -0.5686768    -0.5649207    -0.5587877    -0.5518264    -0.5427225    -0.5286642    -0.5035235    -0.4689721    -0.4290164    -0.3868214    -0.3456582    -0.3026669    -0.2590194    -0.2149282
     -0.170483    -0.1248031    -0.0794194 -3.476286E-02  1.222235E-02  5.895812E-02     0.1048931     0.1522964     0.2007384     0.2496844     0.2919689     0.3272519     0.3609461     0.3870956       0.40672     0.4237489       0.43782     0.4496402     0.4589244     0.4655581
     0.4706256     0.4714324     0.4647594     0.4530578     0.4382358     0.4220987      0.405895     0.3736778     0.3149917     0.2550905             0
             0    -0.5534357    -0.5864409    -0.6111979    -0.6300126    -0.6476951    -0.6634343    -0.6705952    -0.6690554    -0.6632475    -0.6524799    -0.6331492    -0.5958973    -0.5455773    -0.4903731     -0.434917    -0.3833408    -0.3315367      -0.28055    -0.2302016
     -0.180265    -0.1294709    -0.0792522 -2.981607E-02  2.246901E-02  7.499269E-02      0.127482     0.1829083     0.2413369     0.3028266     0.3587906     0.4077031     0.4568371      0.496892     0.5276974     0.5547063     0.5766983     0.5939634     0.6052362     0.6099159
     0.6081915     0.5934713     0.5663599     0.5356917     0.5048465     0.4759845     0.4501009     0.4028305     0.3285144     0.2604994             0
             0    -0.5667275    -0.6077932    -0.6419184    -0.6700511    -0.7004225    -0.7337536    -0.7585372    -0.7664482    -0.7636299    -0.7496612    -0.7205786    -0.6650519     -0.596559    -0.5275227    -0.4619208    -0.4034403    -0.3463549    -0.2912993    -0.2376793
    -0.1849926    -0.1317105 -7.917316E-02 -2.744644E-02  2.741019E-02  8.281098E-02      0.138689     0.1984877     0.2627558     0.3322963     0.3981985     0.4582955     0.5220963     0.5778713     0.6230866     0.6648919     0.7007412     0.7292575     0.7453209     0.7447703
     0.7281853     0.6875241     0.6352375     0.5860971     0.5422848     0.5044877     0.4725387     0.4166856     0.3345605      0.262837             0
             0    -0.5741895    -0.6203569    -0.6610915     -0.696493    -0.7383303    -0.7910202    -0.8417234    -0.8688898    -0.8743305    -0.8519869    -0.8034705    -0.7215521    -0.6333696    -0.5522314    -0.4788816    -0.4156362    -0.3551348    -0.2975664    -0.2419916
       -0.1877    -0.1329881 -7.912885E-02 -2.609667E-02  3.023498E-02  8.730718E-02     0.1451954     0.2076638     0.2756427      0.350594     0.4237362      0.492739     0.5696706     0.6419193     0.7045323     0.7675437     0.8284739     0.8844289     0.9197547     0.8997989
     0.8479303     0.7664545     0.6857713     0.6198477      0.565865     0.5217255     0.4857714     0.4245647     0.3378946     0.2641051             0
             0    -0.5780429    -0.6270679    -0.6718492    -0.7121458    -0.7629505    -0.8344764    -0.9207862    -0.9902428     -1.030233    -0.9732782    -0.8823671     -0.764504    -0.6572987    -0.5669144    -0.4884186    -0.4222935    -0.3598384    -0.3008837    -0.2442565
    -0.1891151    -0.1336543    -0.0791061 -2.539384E-02     0.0317095  8.966369E-02     0.1486282     0.2125552     0.2826233     0.3607601      0.438471     0.5135897     0.6006829     0.6880834     0.7697647     0.8618994     0.9706844      1.111208      1.300107       1.12848
     0.9737099     0.8288875     0.7192749     0.6400563     0.5791726     0.5311191     0.4928415      0.428667     0.3395963     0.2647457             0
