 51            10 
             0 -9.865009E-02    -0.1018938    -0.1005598 -9.902252E-02 -9.697375E-02 -9.449724E-02 -9.200247E-02 -9.005958E-02 -8.842389E-02 -8.670998E-02 -8.447345E-02 -8.115358E-02 -7.709035E-02 -7.277931E-02 -6.824207E-02    -0.0635002 -5.857426E-02 -5.348253E-02    -0.0482384
 -4.284552E-02 -3.729047E-02 -3.154241E-02 -2.570403E-02 -1.984752E-02 -1.402601E-02 -8.280647E-03 -2.644883E-03  2.853008E-03  8.188485E-03  1.269607E-02  1.644695E-02  2.007794E-02     0.0229986  2.527703E-02  2.749592E-02  2.965398E-02  3.175014E-02  3.378347E-02  3.575322E-02
  3.813522E-02  4.130024E-02  4.465751E-02  4.775585E-02  5.059841E-02  5.319025E-02  5.553806E-02  5.976149E-02  6.630894E-02  6.872718E-02             0
             0    -0.1005833    -0.1039282    -0.1025873    -0.1010316 -9.895214E-02 -9.643266E-02 -9.388889E-02 -9.190456E-02 -9.023216E-02 -8.847793E-02 -8.618642E-02 -8.277999E-02 -7.860369E-02 -7.416666E-02 -6.949206E-02 -6.460273E-02 -5.951997E-02 -5.426282E-02 -4.884607E-02
 -4.327543E-02 -3.753981E-02 -3.160956E-02 -2.558805E-02 -1.954959E-02    -0.0135492 -7.629795E-03 -1.826536E-03  3.830549E-03   9.31514E-03  1.394282E-02  1.778914E-02     0.0215074  2.449349E-02  2.682021E-02  2.908321E-02  3.128114E-02  3.341286E-02  3.547743E-02  3.747413E-02
     0.0398845  4.307836E-02  4.645268E-02  4.955326E-02  5.238443E-02  5.495263E-02  5.726611E-02  6.140293E-02  6.768107E-02  6.964803E-02             0
             0    -0.1305004    -0.1356254    -0.1342752    -0.1324793    -0.1299426    -0.1267512    -0.1234279    -0.1207818    -0.1185234    -0.1161264    -0.1129605    -0.1081821    -0.1022191    -0.0957892 -8.893255E-02 -8.169129E-02 -7.410654E-02 -6.621641E-02    -0.0580521
 -4.963039E-02 -4.094206E-02 -3.194999E-02    -0.0228205 -1.367752E-02 -4.617336E-03  4.280288E-03  1.294518E-02  2.131284E-02  2.932256E-02  3.596782E-02  4.140428E-02  4.656087E-02     0.0506098  5.371097E-02  5.667036E-02     0.0594849  6.215228E-02      0.064671  6.704041E-02
  6.981572E-02  7.331283E-02  7.673261E-02  7.960305E-02  8.196002E-02  8.384521E-02  8.530363E-02  8.745889E-02  8.838017E-02  8.257411E-02             0
             0     -0.160026    -0.1684619    -0.1680385    -0.1666239     -0.164207    -0.1608349    -0.1570552    -0.1539104    -0.1511578    -0.1481698    -0.1441438    -0.1379101    -0.1299201    -0.1211364    -0.1116449    -0.1015349 -9.089029E-02 -7.978344E-02 -6.826846E-02
 -5.637053E-02 -4.407091E-02 -3.130794E-02 -1.831401E-02 -5.259435E-03  7.722314E-03  2.051478E-02  3.300516E-02     0.0450758  5.659993E-02  6.608617E-02  7.376353E-02  8.092818E-02  8.642507E-02  9.055188E-02  9.439539E-02  9.794538E-02     0.1011944     0.1041379     0.1067749
     0.1096905     0.1129907     0.1156397     0.1172803     0.1180482      0.118086     0.1175315     0.1154905     0.1075735  9.269051E-02             0
             0     -0.183837    -0.1968802    -0.1984802    -0.1982457    -0.1967507     -0.193932    -0.1902175    -0.1868601    -0.1837912    -0.1803378    -0.1755448    -0.1678617    -0.1577051    -0.1463462    -0.1339802    -0.1207947    -0.1069489 -9.256274E-02 -7.770988E-02
 -6.240698E-02 -4.659874E-02 -3.016466E-02 -1.336457E-02  3.628614E-03  2.068853E-02  3.770196E-02  5.454297E-02  7.105198E-02  8.701934E-02     0.1002806     0.1110284     0.1210035     0.1285387     0.1340953     0.1391386     0.1436331     0.1475518     0.1508783     0.1536081
      0.156284     0.1585482      0.159119     0.1580446     0.1557202     0.1525115     0.1487264     0.1404861      0.122211  9.937572E-02             0
             0    -0.2017845    -0.2201871    -0.2247873    -0.2265349    -0.2268487    -0.2254467    -0.2224096    -0.2191465    -0.2159251    -0.2120848    -0.2065207    -0.1972008    -0.1845009    -0.1701687    -0.1546154    -0.1381876    -0.1211399    -0.1036321 -8.573319E-02
 -6.741963E-02 -4.856464E-02 -2.895181E-02  -8.81535E-03  1.172736E-02  3.262198E-02  5.383126E-02  7.529473E-02     0.0968871     0.1183717     0.1367269     0.1518739     0.1661043     0.1768683     0.1847339     0.1917254      0.197725     0.2026365     0.2063976     0.2089888
     0.2107989     0.2105607     0.2068712     0.2008378      0.193424     0.1853741     0.1772032     0.1612606      0.132732     0.1036758             0
             0    -0.2121552    -0.2349295     -0.242539    -0.2465112    -0.2491291    -0.2498312    -0.2480818    -0.2452412    -0.2420397     -0.237885    -0.2315284    -0.2203945    -0.2049684    -0.1876839    -0.1692295    -0.1500924    -0.1305708    -0.1108101 -9.083188E-02
 -7.054592E-02 -4.974318E-02 -2.811129E-02 -5.831231E-03  1.705956E-02  4.061044E-02  6.491085E-02  9.004804E-02     0.1160566     0.1428459     0.1666838     0.1870136     0.2067481     0.2220933     0.2334219     0.2434768     0.2519171     0.2584278     0.2627777     0.2648825
     0.2648304     0.2599304      0.249406     0.2364491     0.2227952     0.2094809     0.1970412     0.1743418     0.1385778     0.1058782             0
             0    -0.2168889    -0.2419974    -0.2514217    -0.2568557    -0.2611569    -0.2636156    -0.2631457    -0.2608192    -0.2577219    -0.2533312    -0.2462948    -0.2336452    -0.2161821    -0.1969201    -0.1766941    -0.1560209    -0.1351761    -0.1142635 -9.325774E-02
 -7.202009E-02 -5.029063E-02 -2.770213E-02  -4.40105E-03     0.0196246  4.449003E-02  7.037126E-02     0.0974693     0.1259672     0.1559615     0.1834183     0.2074658     0.2315562     0.2509653      0.265629     0.2788984      0.290125     0.2985951     0.3036706      0.305047
      0.302542     0.2923323     0.2753607     0.2568102     0.2387057     0.2219916     0.2070087     0.1805573     0.1411977     0.1068307             0
             0    -0.2195258    -0.2460392    -0.2566319    -0.2630612    -0.2685984    -0.2724929    -0.2732467    -0.2714996    -0.2685568    -0.2639388    -0.2562314    -0.2422274    -0.2231728    -0.2025108    -0.1811154    -0.1594772    -0.1378304    -0.1162375 -9.463622E-02
     -0.072854 -5.059824E-02    -0.0274677 -3.586594E-03  2.108852E-02  4.671541E-02  7.352799E-02     0.1018077     0.1318511     0.1639164     0.1938435     0.2205791     0.2480645     0.2709725     0.2887618     0.3053659     0.3198524     0.3309601     0.3371943     0.3373924
     0.3315366     0.3154719     0.2926933     0.2697425     0.2484482     0.2294526     0.2128439     0.1840892     0.1426439     0.1073476             0
             0    -0.2208804    -0.2481526     -0.259409    -0.2664317    -0.2727608    -0.2776861    -0.2795003    -0.2783824    -0.2756549    -0.2707844     -0.262401    -0.2472696    -0.2271043     -0.205566    -0.1834867    -0.1613081    -0.1392247    -0.1172684 -9.535319E-02
 -7.328644E-02    -0.0507571 -2.734527E-02 -3.162651E-03  2.185171E-02  4.787952E-02  7.518811E-02      0.104107     0.1350046     0.1682497     0.1996491     0.2280732     0.2578551     0.2834012     0.3038101     0.3236237     0.3418858     0.3569571     0.3659313     0.3634149
     0.3525708     0.3304445     0.3030425     0.2770848     0.2538044      0.233469     0.2159424     0.1859267     0.1433825     0.1076087             0
