 51            10 
             0    -0.2540412    -0.2465716    -0.2405961    -0.2358762    -0.2304274    -0.2242558    -0.2182314    -0.2135997    -0.2097221     -0.205675    -0.2004084    -0.1926113    -0.1830879    -0.1729983    -0.1623964    -0.1513387     -0.139881    -0.1280865    -0.1160341
    -0.1038418 -9.168138E-02 -7.775916E-02    -0.0638093 -4.991624E-02 -3.615484E-02 -2.258907E-02 -9.275558E-03  3.732936E-03  1.638567E-02  2.710267E-02  3.603818E-02  4.470486E-02  5.168913E-02  5.714421E-02  6.246316E-02  6.764277E-02  7.268051E-02     0.0775746  8.232409E-02
       0.08808  9.575965E-02      0.103958     0.1115763     0.1186119     0.1250598     0.1309283      0.141539     0.1583881     0.1696332             0
             0    -0.2591892    -0.2516625    -0.2456074    -0.2408274     -0.235314    -0.2290583     -0.222935    -0.2182163    -0.2142592    -0.2101219     -0.204728    -0.1967211     -0.186912    -0.1764988    -0.1655542    -0.1541483     -0.142317    -0.1301139    -0.1176195
    -0.1049613 -9.234225E-02 -7.814953E-02 -6.372009E-02 -4.938386E-02 -3.523181E-02 -2.131251E-02  -7.66541E-03  5.665956E-03  1.863172E-02     0.0296097  3.875675E-02  4.761876E-02     0.0547482  6.030788E-02  6.571805E-02  7.097377E-02  7.607091E-02  8.100647E-02  8.577973E-02
  9.154943E-02  9.927442E-02     0.1075164     0.1151902     0.1222755     0.1287032     0.1345068     0.1449318     0.1611565     0.1713179             0
             0    -0.3358405     -0.327904    -0.3209907    -0.3153356    -0.3085879    -0.3006808    -0.2927041    -0.2864272    -0.2810941    -0.2754489    -0.2680035    -0.2567739    -0.2427605    -0.2276559    -0.2115855    -0.1946773     -0.177011     -0.158693    -0.1398687
     -0.120753    -0.1016732 -8.021124E-02 -5.841409E-02    -0.0368029 -1.554045E-02  5.270307E-03  2.553495E-02  4.514736E-02  6.398709E-02  7.968256E-02  9.256459E-02     0.1048227     0.1144767     0.1218843     0.1289649     0.1357088     0.1421085     0.1481594     0.1538603
     0.1605573     0.1691075      0.177613     0.1849041     0.1910459     0.1960465     0.2000181     0.2061298     0.2103856     0.2031138             0
             0    -0.4118838    -0.4075491    -0.4022089     -0.397284    -0.3907875     -0.382491    -0.3734844    -0.3660565    -0.3595695    -0.3525312    -0.3430429    -0.3283251    -0.3094199    -0.2886274    -0.2662113    -0.2424463    -0.2175186    -0.1916297    -0.1650142
    -0.1379851    -0.1110004 -8.064196E-02 -4.977175E-02 -1.909789E-02  1.116661E-02     0.0408764  6.987529E-02     0.0979616     0.1248799     0.1471468     0.1652417      0.182202      0.195273     0.2051156     0.2143101     0.2228283     0.2306489     0.2377587      0.244154
     0.2512668      0.259476       0.26637     0.2709688      0.273632     0.2745977      0.274166     0.2710678     0.2556795     0.2280054             0
             0    -0.4737407    -0.4777019    -0.4772636    -0.4754314    -0.4715348     -0.464979     -0.456417    -0.4486061    -0.4414099    -0.4332483      -0.42184    -0.4033953    -0.3788539     -0.351386    -0.3216026    -0.2900951    -0.2572455    -0.2233809    -0.1888091
    -0.1538915    -0.1191438 -8.009021E-02 -4.028896E-02 -5.123792E-04  3.909259E-02  7.844502E-02     0.1174146     0.1557544     0.1930621     0.2242941     0.2497787      0.273601     0.2917226     0.3051405       0.31736     0.3282759      0.337805     0.3458935     0.3525231
     0.3590126     0.3645332     0.3662795     0.3642306     0.3595709     0.3530599     0.3453169     0.3283411     0.2899354     0.2444175             0
             0    -0.5208997    -0.5368927    -0.5449498    -0.5491201    -0.5510833    -0.5495012    -0.5436648    -0.5365348    -0.5291085    -0.5199091    -0.5062212    -0.4827504    -0.4504558    -0.4141823     -0.375283    -0.3348691    -0.2935387    -0.2516767     -0.209557
    -0.1674673    -0.1258512    -0.0791797 -3.149208E-02  1.654735E-02  6.503345E-02     0.1141557     0.1640532     0.2147068      0.265829     0.3103592     0.3477554     0.3835743     0.4111936      0.431589     0.4498412     0.4655043     0.4781804     0.4875835     0.4936047
     0.4970299      0.494113     0.4827769      0.466348     0.4479587     0.4291726     0.4108114     0.3758316     0.3144187     0.2549531             0
             0    -0.5485097     -0.575835    -0.5937211    -0.6058413     -0.616916     -0.624723    -0.6256114    -0.6211758     -0.614298    -0.6038464    -0.5865728    -0.5550764    -0.5117875    -0.4646856    -0.4160127    -0.3671744    -0.3186575    -0.2706188    -0.2230896
     -0.176139    -0.1300317 -7.844798E-02    -0.0256345     0.0279479  8.272517E-02     0.1393155     0.1984151     0.2607234     0.3268446     0.3882856     0.4429782     0.4988876      0.544986     0.5803541     0.6128237     0.6406148        0.6617     0.6742167     0.6772397
     0.6702367     0.6436942     0.6032124     0.5608491     0.5219318     0.4876585     0.4578075     0.4059437     0.3279846     0.2603417             0
             0    -0.5612056    -0.5950073    -0.6194342    -0.6375841    -0.6568443    -0.6752345    -0.6865423     -0.688001    -0.6831539    -0.6703497    -0.6467721    -0.6042526    -0.5496268    -0.4935328    -0.4379612    -0.3838563    -0.3312352    -0.2798973    -0.2296158
    -0.1802745    -0.1320044 -7.807471E-02 -2.280376E-02  3.348127E-02  9.141924E-02     0.1519294      0.216155     0.2854886     0.3616411     0.4360433     0.5058841     0.5824285     0.6514788      0.708361     0.7648149     0.8169556     0.8583524     0.8800176     0.8738152
     0.8409659     0.7708153     0.6910877     0.6216117     0.5650512     0.5193817     0.4820622     0.4203519     0.3340602     0.2626707             0
             0    -0.5683066    -0.6061443    -0.6350448    -0.6577386    -0.6840993    -0.7139578    -0.7416766    -0.7587324    -0.7643702    -0.7408998    -0.7014943    -0.6422209    -0.5756965    -0.5120434    -0.4514253     -0.393797    -0.3385884    -0.2852528    -0.2333504
    -0.1826272    -0.1331209 -7.785652E-02 -2.118471E-02  3.665446E-02  9.643876E-02     0.1592926     0.2266842     0.3005556      0.383605     0.4677417     0.5501199     0.6460513     0.7406468     0.8254519     0.9194341      1.019729      1.115876      1.178498      1.132068
      1.030579     0.8861728     0.7591647     0.6638121     0.5928611     0.5388656     0.4965064     0.4285756     0.3374134     0.2639341             0
             0    -0.5719643    -0.6120366    -0.6436102    -0.6692916    -0.7011037    -0.7425756    -0.7977216    -0.8710806    -0.9953924    -0.8531539    -0.7573247    -0.6704444    -0.5920808    -0.5227368    -0.4588639    -0.3991525    -0.3424909    -0.2880684    -0.2353019
    -0.1838517    -0.1337001 -7.774121E-02 -2.033953E-02  3.831413E-02  9.907635E-02     0.1631916     0.2323272     0.3087839     0.3959641     0.4863946     0.5776638     0.6892281     0.8085651     0.9259412      1.075416      1.274161      1.552384      1.965677      1.573411
      1.253291     0.9850282     0.8067603     0.6899386     0.6088745      0.549614     0.5042801     0.4328685     0.3391258     0.2645724             0
