 51            10 
             0 -1.416299E-03   1.46763E-04  1.340016E-03  2.271678E-03   3.33773E-03  4.535536E-03  5.695937E-03  6.583304E-03  7.323696E-03  8.093984E-03  9.093417E-03  1.056722E-02  1.236019E-02  1.425549E-02  1.624639E-02  1.832572E-02  2.048591E-02  2.271904E-02     0.0250169
  2.737095E-02  2.977241E-02  3.221218E-02  3.468088E-02  3.716896E-02  3.966687E-02  4.216516E-02  4.465459E-02  4.712613E-02  4.957115E-02  5.168007E-02  5.346428E-02  5.522191E-02  5.666194E-02  5.779979E-02  5.892263E-02  6.002972E-02  6.112032E-02  6.219374E-02  6.324931E-02
  6.454571E-02  6.631028E-02  6.824646E-02  7.009852E-02  7.186335E-02  7.353839E-02  7.512157E-02  7.810108E-02  8.351269E-02  8.853305E-02             0
             0 -1.684204E-03 -1.131559E-04   1.08754E-03  2.025423E-03  3.099016E-03  4.305726E-03  5.475137E-03  6.369599E-03  7.116017E-03  7.892681E-03  8.900519E-03  1.038699E-02  1.219576E-02  1.410814E-02     0.0161173  1.821596E-02  2.039645E-02  2.265072E-02  2.497039E-02
  2.734678E-02  2.977092E-02  3.223355E-02  3.472508E-02  3.723579E-02  3.975591E-02     0.0422758  4.478601E-02  4.727734E-02  4.974096E-02  5.186498E-02  5.366131E-02  5.543016E-02  5.687878E-02  5.802305E-02     0.0591519  6.026455E-02  6.136025E-02  6.243832E-02     0.0634981
  6.479918E-02  6.656913E-02  6.850972E-02  7.036451E-02  7.213049E-02  7.380523E-02  7.538681E-02     0.0783608  8.374873E-02  8.872052E-02             0
             0 -5.857175E-03 -4.169037E-03 -2.856437E-03 -1.824184E-03  -6.35383E-04  7.081978E-04  2.016821E-03  3.021253E-03  3.861273E-03   4.73715E-03  5.875975E-03  7.560284E-03  9.616581E-03  1.179689E-02  1.409305E-02  1.649617E-02  1.899673E-02  2.158457E-02  2.424902E-02
  2.697893E-02  2.976267E-02  3.258813E-02  3.544265E-02  3.831333E-02  4.118712E-02     0.0440511  4.689252E-02  4.969902E-02  5.245872E-02  5.482266E-02  5.681108E-02  5.875752E-02  6.034139E-02  6.158683E-02  6.280963E-02  6.400891E-02  6.518383E-02  6.633366E-02  6.745771E-02
     0.0688298  7.067977E-02  7.268301E-02  7.457307E-02     0.0763488  7.800997E-02  7.955715E-02  8.242595E-02  8.740547E-02  9.158808E-02             0
             0 -9.195529E-03 -7.463812E-03 -6.090435E-03 -5.001436E-03 -3.737717E-03 -2.299356E-03 -8.892442E-04  1.979992E-04  1.109861E-03  2.063212E-03  3.305927E-03  5.150405E-03  7.411689E-03  9.817895E-03  1.235947E-02  1.502585E-02     0.0178056  2.068656E-02  2.365594E-02
  2.670038E-02  2.980595E-02  3.295809E-02  3.614146E-02  3.934022E-02  4.253826E-02  4.571934E-02  4.886726E-02  5.196598E-02  5.499989E-02  5.758473E-02     0.0597485     0.0618549     0.0635582  6.489139E-02  6.619392E-02  6.746466E-02  6.870268E-02  6.990711E-02  7.107729E-02
     0.0724965  7.439068E-02  7.641276E-02  7.829248E-02  8.003184E-02  8.163416E-02  8.310374E-02  8.578721E-02  9.024236E-02  9.365063E-02             0
             0 -1.144415E-02 -9.725099E-03 -8.335716E-03 -7.224919E-03 -5.925879E-03  -4.43647E-03    -0.0029663 -1.827368E-03 -8.693381E-04  1.350594E-04     0.0014477  3.402822E-03  5.809342E-03  8.378305E-03  1.109854E-02     0.0139577  1.694258E-02     0.0200393  2.323353E-02
  2.651047E-02  2.985485E-02  3.325072E-02  3.668121E-02     0.0401288  4.357544E-02  4.700258E-02  5.039133E-02  5.372247E-02  5.697669E-02  5.974009E-02  6.204556E-02  6.428047E-02  6.607836E-02  6.747998E-02  6.884326E-02  7.016677E-02  7.144932E-02  7.268991E-02  7.388782E-02
  7.533129E-02  7.723817E-02  7.924469E-02  8.108262E-02  8.275849E-02  8.428027E-02     0.0856567  8.813671E-02  9.211066E-02  9.493214E-02             0
             0 -1.291321E-02 -1.123178E-02 -9.850716E-03 -8.738442E-03 -7.428392E-03 -5.915904E-03  -4.41298E-03 -3.243229E-03 -2.256421E-03 -1.219057E-03  1.400288E-04   2.17097E-03  4.679587E-03  7.364354E-03  1.021214E-02  1.320872E-02     0.0163392  1.958841E-02  2.294097E-02
  2.638137E-02     0.0298938  3.346187E-02  3.706822E-02  4.069475E-02  4.432262E-02  4.793222E-02  5.150308E-02  5.501378E-02  5.844197E-02     0.0613492  6.377017E-02  6.611043E-02  6.798563E-02  6.944264E-02  7.085419E-02  7.221831E-02  7.353336E-02     0.0747981  7.601174E-02
  7.746448E-02  7.936355E-02  8.133325E-02     0.0831122  8.471294E-02  8.614896E-02  8.743358E-02      0.089725  9.331144E-02  9.572213E-02             0
             0 -1.367461E-02 -1.202737E-02 -1.066126E-02 -9.555939E-03 -8.247937E-03 -6.730428E-03 -5.214959E-03 -4.031118E-03 -3.030127E-03 -1.975604E-03 -5.913762E-04  1.482189E-03  4.049503E-03  6.801048E-03  9.721883E-03  1.279628E-02  1.600829E-02      0.019342  2.278163E-02
     0.0263115     0.0299158  3.357823E-02  3.728155E-02  4.100775E-02  4.473804E-02  4.845273E-02      0.052131  5.575067E-02  5.928795E-02  6.228868E-02  6.478672E-02  6.719898E-02  6.912789E-02  7.062348E-02  7.206839E-02  7.345984E-02  7.479556E-02  7.607387E-02  7.729384E-02
  7.874569E-02  8.062653E-02  8.255497E-02  8.427914E-02  8.581755E-02  8.718816E-02  8.840735E-02  9.057172E-02  9.392656E-02  9.611553E-02             0
             0 -1.400566E-02 -1.237656E-02 -1.101965E-02 -9.919477E-03 -8.614721E-03 -7.097363E-03 -5.578063E-03 -4.388788E-03 -3.381863E-03  -2.31977E-03  -9.24074E-04   1.16944E-03  3.764391E-03  6.547138E-03  9.501714E-03  1.261167E-02  1.586056E-02  1.923222E-02  2.271075E-02
  2.628047E-02  2.992564E-02  3.363009E-02  3.737671E-02  4.114764E-02  4.492424E-02  4.868692E-02  5.241491E-02     0.0560859  5.967574E-02  6.272279E-02  6.525999E-02  6.770989E-02  6.966772E-02  7.118442E-02  7.264778E-02  7.405434E-02  7.540114E-02  7.668602E-02  7.790787E-02
  7.935644E-02  8.122268E-02  8.312411E-02  8.481588E-02  8.631988E-02  8.765619E-02  8.884241E-02  9.094469E-02  9.419263E-02  9.628364E-02             0
             0 -1.418577E-02 -1.256747E-02 -1.121639E-02    -0.0101197 -8.817523E-03 -7.301142E-03 -5.780459E-03 -4.588544E-03 -3.578492E-03 -2.512212E-03 -1.109999E-03  9.950153E-04  3.605841E-03  6.406334E-03  9.379916E-03  1.250974E-02  1.577912E-02  1.917177E-02  2.267176E-02
  2.626341E-02  2.993106E-02  3.365863E-02  3.742911E-02  4.122475E-02  4.502702E-02  4.881646E-02  5.257237E-02  5.627246E-02  5.989248E-02  6.296663E-02  6.552716E-02  6.799997E-02  6.997591E-02  7.150612E-02  7.298154E-02  7.439811E-02  7.575224E-02  7.704118E-02  7.826348E-02
  7.970855E-02  8.156333E-02     0.0834461  8.511695E-02  8.659971E-02  8.791548E-02  8.908239E-02  9.114893E-02  9.433703E-02  9.637434E-02             0
             0 -1.427692E-02    -0.0126644 -1.131655E-02 -1.022187E-02 -8.921336E-03  -7.40585E-03 -5.884831E-03 -4.691768E-03 -3.680195E-03 -2.611744E-03 -1.206057E-03  9.051246E-04  3.524367E-03  6.334154E-03  9.317599E-03  1.245766E-02  1.573756E-02  1.914094E-02  2.265188E-02
  2.625472E-02  2.993382E-02  3.367317E-02  3.745582E-02  4.126409E-02  4.507951E-02     0.0488827  5.265303E-02  5.636825E-02  6.000413E-02     0.0630927  6.566583E-02  6.815133E-02  7.013761E-02  7.167573E-02  7.315847E-02  7.458138E-02  7.594032E-02  7.723181E-02  7.845382E-02
     0.0798957  8.174244E-02  8.361374E-02  8.527257E-02  8.674359E-02  8.804827E-02  8.920492E-02  9.125271E-02       0.09441  9.642001E-02             0
