 51            10 
             0    -0.2561626    -0.2470884    -0.2399108    -0.2342595    -0.2277505    -0.2203891    -0.2132108    -0.2076947    -0.2030778    -0.1982598    -0.1919904    -0.1827083    -0.1713674     -0.159345    -0.1467015    -0.1334989     -0.119794     -0.105652 -9.115429E-02
 -7.643347E-02 -6.192594E-02    -0.0473594 -2.966995E-02 -1.226815E-02  4.846443E-03  2.166772E-02     0.0381762     0.0543364  7.009735E-02  8.348205E-02  9.465513E-02      0.105491     0.1142038      0.120986     0.1275634     0.1339171     0.1400254     0.1458637     0.1514034
     0.1579158     0.1676124     0.1783617     0.1896184     0.2014353     0.2118913     0.2212255     0.2379708     0.2655029     0.2882456             0
             0     -0.261329    -0.2522085    -0.2449474    -0.2392434     -0.232693    -0.2252691    -0.2180088    -0.2124169    -0.2077287    -0.2028275    -0.1964371    -0.1869467    -0.1753142    -0.1629531    -0.1499588    -0.1364233    -0.1223494    -0.1077864 -9.281848E-02
 -7.758338E-02 -6.245232E-02 -4.608573E-02 -2.811358E-02    -0.0107056  6.448274E-03  2.338021E-02  4.008579E-02  5.652685E-02  7.264425E-02  8.640309E-02  9.794207E-02     0.1091991     0.1183216     0.1254701     0.1324595     0.1392811     0.1459263      0.152378     0.1585983
     0.1659806     0.1765922     0.1877798     0.1985745     0.2086966     0.2179138     0.2264165     0.2420656     0.2684992     0.2902992             0
             0    -0.3392701    -0.3296992    -0.3215438    -0.3149359    -0.3071195    -0.2980066    -0.2888542    -0.2816732    -0.2755823    -0.2691441    -0.2606629     -0.247887    -0.2319675    -0.2148212    -0.1966029    -0.1774708    -0.1574587    -0.1366656    -0.1152385
 -9.340008E-02 -7.170682E-02 -4.826214E-02 -2.256989E-02   2.24171E-03     0.0265916  5.049387E-02  7.390445E-02  9.672566E-02     0.1188254     0.1374011     0.1527618     0.1675024     0.1792223     0.1882765     0.1969927     0.2053573     0.2133585     0.2209765     0.2281703
       0.23652      0.248064     0.2596328     0.2701192     0.2793605     0.2872081     0.2939274     0.3053422     0.3198869     0.3241421             0
             0    -0.4163333    -0.4103803    -0.4038053    -0.3979238    -0.3903522    -0.3808386    -0.3706393    -0.3622901    -0.3550282    -0.3471762    -0.3366208     -0.320301    -0.2994079    -0.2764779    -0.2518118    -0.2257333    -0.1983654    -0.1698985    -0.1405664
     -0.110688 -8.102817E-02 -4.900666E-02 -1.389125E-02  2.006433E-02     0.0534423  8.625553E-02     0.1184171      0.149739     0.1799535     0.2051386      0.225749     0.2452337     0.2604105     0.2719341     0.2828008     0.2929786     0.3024431      0.311168     0.3191113
      0.327959     0.3392879     0.3494414     0.3573448     0.3631754     0.3670704     0.3694491     0.3717422      0.366714     0.3504477             0
             0     -0.478925    -0.4813892    -0.4798152    -0.4770811    -0.4721643    -0.4644427    -0.4547168    -0.4459911    -0.4380162    -0.4290271    -0.4165213    -0.3964044    -0.3697573    -0.3400166    -0.3078386    -0.2739042    -0.2385093    -0.2019635    -0.1645708
     -0.126698 -8.924437E-02 -4.888938E-02 -4.553579E-03  3.852776E-02  8.120442E-02     0.1235887     0.1656353     0.2071145     0.2476106     0.2816566     0.3095652     0.3358252     0.3559919     0.3710522     0.3849184     0.3974847     0.4086711     0.4184191     0.4266845
     0.4351015     0.4439429     0.4493547     0.4508416      0.449487     0.4460768     0.4412659     0.4298395     0.4019016     0.3677159             0
             0    -0.5266371    -0.5413976    -0.5485818    -0.5520297    -0.5531787    -0.5506468    -0.5437969    -0.5358124     -0.527623    -0.5175763    -0.5027227    -0.4774051    -0.4427299    -0.4039019    -0.3623365    -0.3193031    -0.2752747    -0.2306036    -0.1855518
     -0.140408 -9.606518E-02 -4.843353E-02  4.011604E-03  5.533577E-02     0.1067976     0.1587999     0.2115689     0.2650886     0.3190379     0.3659713     0.4053781     0.4431712     0.4724333      0.494161      0.513783     0.5308795     0.5450924     0.5561719     0.5640276
     0.5699333     0.5709006     0.5642843     0.5520417     0.5373359     0.5220435     0.5068672     0.4777305     0.4269428     0.3787702             0
             0    -0.5545902    -0.5810202    -0.5984596    -0.6102129    -0.6209573    -0.6284114    -0.6287847    -0.6237187    -0.6161419    -0.6047805    -0.5861153    -0.5522556     -0.505932    -0.4557274    -0.4039485    -0.3522158    -0.3008147    -0.2498343    -0.1992735
    -0.1491919    -0.1003414 -4.802554E-02  9.675249E-03     0.0665058     0.1241543     0.1834504     0.2451542     0.3099169     0.3782227     0.4411921     0.4968667     0.5533841     0.5996929     0.6351305     0.6676684     0.6956972     0.7174619     0.7314253      0.736927
     0.7343521     0.7138445     0.6808357      0.644316     0.6099282     0.5798526     0.5535821     0.5079535     0.4407771     0.3844143             0
             0    -0.5674513    -0.6005812    -0.6249034    -0.6430282    -0.6625183    -0.6814138    -0.6931338    -0.6944107    -0.6889157    -0.6751505    -0.6497304    -0.6039044     -0.545345    -0.4855528    -0.4264835    -0.3692684    -0.3136337    -0.2592707    -0.2059004
    -0.1533869    -0.1023641 -4.781245E-02  1.240491E-02  7.191488E-02     0.1326623     0.1957705     0.2624214     0.3339041     0.4116992     0.4867624     0.5563916     0.6316395     0.6984187     0.7527717     0.8060495     0.8547279     0.8933462     0.9147891     0.9133362
     0.8906719     0.8322626      0.764329      0.702924     0.6518216     0.6109961     0.5775784     0.5223811      0.446965     0.3868518             0
             0    -0.5746471     -0.611963    -0.6410161    -0.6639761    -0.6911186     -0.722501    -0.7519084    -0.7685931    -0.7710455    -0.7491509     -0.708089    -0.6442189    -0.5727125    -0.5047894    -0.4403508    -0.3794504    -0.3211381    -0.2647226    -0.2096955
    -0.1557751    -0.1035102 -4.768683E-02  1.396423E-02  7.501344E-02     0.1375683     0.2029506     0.2726473     0.3484503     0.4327256     0.5167826     0.5978054     0.6903263     0.7793046     0.8573803     0.9416724      1.028767      1.109059      1.159563      1.130348
       1.05729     0.9374885     0.8281184     0.7433044     0.6786658     0.6300442       0.59183     0.5306061     0.4503783     0.3881738             0
             0    -0.5783545    -0.6179927    -0.6498835    -0.6760408    -0.7090925    -0.7530566    -0.8102425    -0.8703368    -0.9167476    -0.8507994    -0.7662047    -0.6743662    -0.5900331    -0.5159523     -0.448032    -0.3849443    -0.3251246    -0.2675908    -0.2116796
    -0.1570187    -0.1041053 -4.762014E-02  1.477763E-02  7.663298E-02     0.1401442     0.2067486     0.2781192     0.3563749     0.4445107     0.5343341     0.6233379     0.7295383     0.8394532     0.9441932      1.072087      1.232485      1.438901      1.709453      1.464405
      1.241649      1.025529     0.8720857     0.7681351     0.6940388     0.6405171     0.5994845     0.5348961     0.4521206     0.3888415             0
