 51            10 
             0  3.906472E-02  3.925397E-02  3.937128E-02  3.945682E-02  3.954953E-02     0.0396492  3.974231E-02  3.981188E-02  3.986913E-02  3.992793E-02  4.000334E-02  4.011277E-02  4.024347E-02  4.037945E-02  4.052037E-02  4.066585E-02  4.081549E-02  4.096891E-02  4.112567E-02
  4.128534E-02  4.144749E-02  4.161168E-02  4.177742E-02  4.194428E-02  4.211179E-02  4.227947E-02  4.244688E-02  4.261355E-02  4.277902E-02  4.292238E-02  4.304411E-02  4.316452E-02  4.326361E-02  4.334215E-02  4.341991E-02  4.349682E-02  4.357287E-02  4.364797E-02     0.0437221
  4.381347E-02  4.393855E-02  4.407685E-02  4.421017E-02  4.433819E-02  4.446059E-02  4.457711E-02  4.479783E-02  4.520459E-02  4.556604E-02             0
             0  3.906104E-02  3.925047E-02  3.936793E-02  3.945358E-02  3.954642E-02  3.964623E-02  3.973949E-02  3.980917E-02  3.986651E-02  3.992541E-02  4.000094E-02  4.011057E-02  4.024149E-02  4.037771E-02  4.051888E-02  4.066462E-02  4.081454E-02  4.096823E-02  4.112528E-02
  4.128525E-02  4.144769E-02  4.161217E-02  4.177821E-02  4.194536E-02  4.211315E-02  4.228112E-02     0.0424488  4.261573E-02  4.278145E-02      0.042925  4.304691E-02  4.316748E-02  4.326669E-02  4.334532E-02  4.342317E-02  4.350018E-02     0.0435763  4.365149E-02  4.372568E-02
  4.381715E-02  4.394234E-02  4.408075E-02  4.421415E-02  4.434224E-02  4.446471E-02  4.458127E-02  4.480205E-02  4.520878E-02  4.556993E-02             0
             0  3.900455E-02  3.919677E-02  3.931641E-02  3.940379E-02  3.949861E-02  3.960069E-02  3.969615E-02  3.976752E-02  3.982627E-02  3.988665E-02  3.996411E-02  4.007658E-02  4.021098E-02  4.035089E-02  4.049594E-02  4.064573E-02  4.079985E-02  4.095786E-02  4.111934E-02
     0.0412838  4.145079E-02  4.161983E-02  4.179041E-02  4.196206E-02  4.213427E-02  4.230656E-02  4.247842E-02  4.264937E-02  4.281893E-02  4.296566E-02  4.309015E-02  4.321317E-02  4.331431E-02  4.339442E-02  4.347367E-02  4.355202E-02  4.362941E-02  4.370579E-02  4.378112E-02
  4.387391E-02  4.400076E-02     0.0441408  4.427556E-02  4.440474E-02  4.452805E-02  4.464522E-02  4.486679E-02  4.527293E-02  4.562927E-02             0
             0  3.896401E-02  3.915809E-02  3.927922E-02  3.936778E-02  3.946399E-02  3.956763E-02  3.966464E-02  3.973722E-02  3.979699E-02  3.985842E-02  3.993726E-02  4.005178E-02     0.0401887     0.0403313  4.047919E-02  4.063196E-02  4.078918E-02  4.095041E-02  4.111517E-02
  4.128299E-02  4.145337E-02  4.162582E-02  4.179981E-02  4.197484E-02  4.215037E-02     0.0423259     0.0425009  4.267486E-02  4.284728E-02  4.299636E-02  4.312276E-02  4.324758E-02  4.335013E-02     0.0434313  4.351157E-02  4.359087E-02  4.366915E-02  4.374637E-02  4.382248E-02
  4.391617E-02  4.404413E-02     0.0441852  4.432078E-02  4.445056E-02  4.457428E-02  4.469168E-02  4.491339E-02  4.531816E-02  4.567008E-02             0
             0  3.893885E-02  3.913398E-02  3.925598E-02  3.934525E-02  3.944228E-02  3.954689E-02  3.964484E-02  3.971816E-02  3.977855E-02  3.984063E-02  3.992032E-02  4.003613E-02  4.017463E-02  4.031892E-02  4.046861E-02  4.062326E-02  4.078246E-02  4.094572E-02  4.111259E-02
  4.128255E-02  4.145511E-02  4.162975E-02  4.180593E-02  4.198314E-02  4.216082E-02  4.233844E-02  4.251548E-02  4.269138E-02  4.286565E-02  4.301625E-02  4.314388E-02  4.326986E-02  4.337329E-02  4.345514E-02  4.353604E-02  4.361593E-02  4.369477E-02     0.0437725  4.384908E-02
     0.0439433     0.0440719  4.421354E-02  4.434954E-02     0.0444796  4.460347E-02     0.0447209  4.494246E-02  4.534592E-02  4.569469E-02             0
             0  3.892333E-02  3.911908E-02  3.924159E-02  3.933127E-02  3.942879E-02  3.953397E-02  3.963251E-02  3.970627E-02  3.976703E-02  3.982953E-02  3.990974E-02  4.002634E-02  4.016582E-02  4.031117E-02  4.046198E-02  4.061782E-02  4.077825E-02     0.0409428  4.111099E-02
  4.128231E-02  4.145624E-02  4.163226E-02  4.180983E-02  4.198842E-02  4.216746E-02  4.234642E-02  4.252475E-02  4.270191E-02  4.287736E-02  4.302893E-02  4.315735E-02  4.328405E-02  4.338805E-02  4.347032E-02  4.355162E-02  4.363188E-02  4.371106E-02     0.0437891  4.386596E-02
     0.0439605  4.408948E-02  4.423143E-02  4.436764E-02  4.449782E-02  4.462172E-02  4.473912E-02  4.496047E-02  4.536291E-02  4.570958E-02             0
             0     0.0389156  3.911163E-02  3.923438E-02  3.932427E-02  3.942203E-02  3.952749E-02  3.962631E-02  3.970029E-02  3.976125E-02  3.982393E-02  3.990442E-02  4.002141E-02  4.016139E-02  4.030726E-02  4.045864E-02  4.061508E-02  4.077613E-02  4.094134E-02  4.111019E-02
  4.128219E-02  4.145681E-02  4.163354E-02  4.181182E-02     0.0419911  4.217084E-02  4.235049E-02  4.252948E-02  4.270727E-02  4.288333E-02  4.303541E-02  4.316422E-02  4.329131E-02  4.339559E-02  4.347808E-02  4.355958E-02  4.364003E-02  4.371938E-02  4.379758E-02  4.387458E-02
  4.396927E-02  4.409842E-02  4.424051E-02  4.437681E-02  4.450702E-02  4.463091E-02  4.474827E-02  4.496948E-02  4.537133E-02  4.571691E-02             0
             0     0.0389123  3.910845E-02     0.0392313  3.932127E-02  3.941913E-02  3.952471E-02  3.962364E-02  3.969772E-02  3.975876E-02  3.982154E-02  3.990213E-02  4.001929E-02  4.015948E-02  4.030558E-02     0.0404572     0.0406139  4.077522E-02     0.0409407  4.110985E-02
  4.128214E-02  4.145706E-02  4.163409E-02  4.181267E-02  4.199226E-02     0.0421723  4.235224E-02  4.253152E-02  4.270959E-02  4.288591E-02     0.0430382     0.0431672  4.329444E-02  4.339885E-02  4.348144E-02  4.356302E-02  4.364356E-02  4.372298E-02  4.380124E-02     0.0438783
  4.397306E-02  4.410228E-02  4.424443E-02  4.438075E-02  4.451098E-02  4.463486E-02  4.475219E-02  4.497334E-02  4.537493E-02  4.572003E-02             0
             0  3.891052E-02  3.910673E-02  3.922964E-02  3.931965E-02  3.941756E-02  3.952321E-02  3.962221E-02  3.969634E-02  3.975742E-02  3.982024E-02  3.990089E-02  4.001814E-02  4.015845E-02  4.030468E-02  4.045642E-02  4.061326E-02  4.077473E-02  4.094036E-02  4.110966E-02
  4.128211E-02     0.0414572  4.163439E-02  4.181314E-02  4.199289E-02  4.217309E-02  4.235319E-02  4.253262E-02  4.271085E-02  4.288732E-02  4.303972E-02  4.316881E-02  4.329615E-02  4.340063E-02  4.348326E-02  4.356489E-02  4.364547E-02  4.372493E-02  4.380323E-02  4.388032E-02
  4.397511E-02  4.410437E-02  4.424655E-02  4.438289E-02  4.451312E-02      0.044637  4.475432E-02  4.497542E-02  4.537686E-02  4.572171E-02             0
             0  3.890962E-02  3.910586E-02     0.0392288  3.931883E-02  3.941678E-02  3.952245E-02  3.962148E-02  3.969564E-02  3.975674E-02  3.981958E-02  3.990027E-02  4.001756E-02  4.015793E-02  4.030422E-02  4.045603E-02  4.061294E-02  4.077448E-02  4.094019E-02  4.110957E-02
     0.0412821  4.145727E-02  4.163454E-02  4.181337E-02     0.0419932  4.217349E-02  4.235367E-02  4.253318E-02  4.271148E-02  4.288802E-02  4.304049E-02  4.316963E-02  4.329701E-02  4.340152E-02  4.348418E-02  4.356584E-02  4.364644E-02  4.372592E-02  4.380424E-02  4.388135E-02
  4.397615E-02  4.410543E-02  4.424762E-02  4.438397E-02     0.0445142  4.463808E-02  4.475538E-02  4.497647E-02  4.537784E-02  4.572255E-02             0
