3.333333 3.333333 3.333333 3.333333 3.333333 3.333333 3.333333 3.333333 3.333333 3.333333 3.333333 3.333333 3.333333 3.333333 3.333333 3.333333 3.333333 3.333333 3.333333 3.333333 3.333333 3.333333 .0009998 .0009998 .0009998 .0009998 .0009998 .0009998 .0009998 .0009998 .0009998 .0009998 .0009998 .0009998 .0009998 .0009998 .0009998 .0009998 .0009998 .0009998 .0009998 1.332948E-03 1.332948E-03 1.999067E-03 1.999067E-03 1.999067E-03 1.999067E-03 1.999067E-03 1.999067E-03 1.999067E-03 1.999067E-03
3.75 3.75 3.75 3.75 3.75 3.75 3.75 3.75 3.75 3.75 3.75 3.75 3.75 3.75 3.75 3.75 3.75 3.75 3.75 3.75 3.75 3.75 .8333333 .8333333 .8333333 .8333333 .8333333 .8333333 .8333333 .8333333 .8333333 .8333333 .8333333 .8333333 .8333333 .8333333 .8333333 .8333333 .8333333 .8333333 .8333333 1.034483 1.034483 1.363636 1.363636 1.363636 1.363636 1.363636 1.363636 1.363636 1.363636
3.75 3.75 3.75 3.75 3.75 3.75 3.75 3.75 3.75 3.75 3.75 3.75 3.75 3.75 3.75 3.75 3.75 3.75 3.75 3.75 3.75 3.75 .8333333 .8333333 .8333333 .8333333 .8333333 .8333333 .8333333 .8333333 .8333333 .8333333 .8333333 .8333333 .8333333 .8333333 .8333333 .8333333 .8333333 .8333333 .8333333 1.034483 1.034483 1.363636 1.363636 1.363636 1.363636 1.363636 1.363636 1.363636 1.363636
3.75 3.75 3.75 3.75 3.75 3.75 3.75 3.75 3.75 3.75 3.75 3.75 3.75 3.75 3.75 3.75 3.75 3.75 3.75 3.75 3.75 3.75 .8333333 .8333333 .8333333 .8333333 .8333333 .8333333 .8333333 .8333333 .8333333 .8333333 .8333333 .8333333 .8333333 .8333333 .8333333 .8333333 .8333333 .8333333 .8333333 1.034483 1.034483 1.363636 1.363636 1.363636 1.363636 1.363636 1.363636 1.363636 1.363636
3.75 3.75 3.75 3.75 3.75 3.75 3.75 3.75 3.75 3.75 3.75 3.75 3.75 3.75 3.75 3.75 3.75 3.75 3.75 3.75 3.75 3.75 .8333333 .8333333 .8333333 .8333333 .8333333 .8333333 .8333333 .8333333 .8333333 .8333333 .8333333 .8333333 .8333333 .8333333 .8333333 .8333333 .8333333 .8333333 .8333333 1.034483 1.034483 1.363636 1.363636 1.363636 1.363636 1.363636 1.363636 1.363636 1.363636
3.75 3.75 3.75 3.75 3.75 3.75 3.75 3.75 3.75 3.75 3.75 3.75 3.75 3.75 3.75 3.75 3.75 3.75 3.75 3.75 3.75 3.75 .8333333 .8333333 .8333333 .8333333 .8333333 .8333333 .8333333 .8333333 .8333333 .8333333 .8333333 .8333333 .8333333 .8333333 .8333333 .8333333 .8333333 .8333333 .8333333 1.034483 1.034483 1.363636 1.363636 1.363636 1.363636 1.363636 1.363636 1.363636 1.363636
3.75 3.75 3.75 3.75 3.75 3.75 3.75 3.75 3.75 3.75 3.75 3.75 3.75 3.75 3.75 3.75 3.75 3.75 3.75 3.75 3.75 3.75 .8333333 .8333333 .8333333 .8333333 .8333333 .8333333 .8333333 .8333333 .8333333 .8333333 .8333333 .8333333 .8333333 .8333333 .8333333 .8333333 .8333333 .8333333 .8333333 1.034483 1.034483 1.363636 1.363636 1.363636 1.363636 1.363636 1.363636 1.363636 1.363636
3.75 3.75 3.75 3.75 3.75 3.75 3.75 3.75 3.75 3.75 3.75 3.75 3.75 3.75 3.75 3.75 3.75 3.75 3.75 3.75 3.75 3.75 .8333333 .8333333 .8333333 .8333333 .8333333 .8333333 .8333333 .8333333 .8333333 .8333333 .8333333 .8333333 .8333333 .8333333 .8333333 .8333333 .8333333 .8333333 .8333333 1.034483 1.034483 1.363636 1.363636 1.363636 1.363636 1.363636 1.363636 1.363636 1.363636
3.75 3.75 3.75 3.75 3.75 3.75 3.75 3.75 3.75 3.75 3.75 3.75 3.75 3.75 3.75 3.75 3.75 3.75 3.75 3.75 3.75 3.75 .8333333 .8333333 .8333333 .8333333 .8333333 .8333333 .8333333 .8333333 .8333333 .8333333 .8333333 .8333333 .8333333 .8333333 .8333333 .8333333 .8333333 .8333333 .8333333 1.034483 1.034483 1.363636 1.363636 1.363636 1.363636 1.363636 1.363636 1.363636 1.363636
3.75 3.75 3.75 3.75 3.75 3.75 3.75 3.75 3.75 3.75 3.75 3.75 3.75 3.75 3.75 3.75 3.75 3.75 3.75 3.75 3.75 3.75 .8333333 .8333333 .8333333 .8333333 .8333333 .8333333 .8333333 .8333333 .8333333 .8333333 .8333333 .8333333 .8333333 .8333333 .8333333 .8333333 4.545455 .8333333 .8333333 1.034483 1.034483 1.363636 1.363636 1.363636 1.363636 1.363636 1.363636 1.363636 1.363636
