9.98E-03 9.98E-03 9.98E-03 9.98E-03 9.98E-03 9.98E-03 9.98E-03 9.98E-03 9.98E-03 9.98E-03 9.98E-03 9.98E-03 9.98E-03 9.98E-03 9.98E-03 9.98E-03 9.98E-03 9.98E-03 9.98E-03 9.98E-03 9.98E-03 9.98E-03 9.98E-03 9.98E-03 9.98E-03 9.98E-03 9.98E-03 9.98E-03 9.98E-03 9.98E-03 9.98E-03 9.98E-03 9.98E-03 9.98E-03 9.98E-03 9.98E-03 9.98E-03 9.98E-03 9.98E-03 9.98E-03 9.98E-03 9.98E-03 9.98E-03 9.98E-03 9.98E-03 9.98E-03 9.98E-03 9.98E-03 9.98E-03 9.98E-03 9.98E-03
9.98E-03 9.98E-03 9.98E-03 9.98E-03 9.98E-03 9.98E-03 9.98E-03 9.98E-03 9.98E-03 9.98E-03 9.98E-03 9.98E-03 9.98E-03 9.98E-03 9.98E-03 9.98E-03 9.98E-03 9.98E-03 9.98E-03 9.98E-03 9.98E-03 9.98E-03 9.98E-03 9.98E-03 9.98E-03 9.98E-03 9.98E-03 9.98E-03 9.98E-03 9.98E-03 9.98E-03 9.98E-03 9.98E-03 9.98E-03 9.98E-03 9.98E-03 9.98E-03 9.98E-03 9.98E-03 9.98E-03 9.98E-03 9.98E-03 9.98E-03 9.98E-03 9.98E-03 9.98E-03 9.98E-03 9.98E-03 9.98E-03 9.98E-03 9.98E-03
9.98E-03 9.98E-03 9.98E-03 9.98E-03 9.98E-03 9.98E-03 9.98E-03 9.98E-03 9.98E-03 9.98E-03 9.98E-03 9.98E-03 9.98E-03 9.98E-03 9.98E-03 9.98E-03 9.98E-03 9.98E-03 9.98E-03 9.98E-03 9.98E-03 9.98E-03 9.98E-03 9.98E-03 9.98E-03 9.98E-03 9.98E-03 9.98E-03 9.98E-03 9.98E-03 9.98E-03 9.98E-03 9.98E-03 9.98E-03 9.98E-03 9.98E-03 9.98E-03 9.98E-03 9.98E-03 9.98E-03 9.98E-03 9.98E-03 9.98E-03 9.98E-03 9.98E-03 9.98E-03 9.98E-03 9.98E-03 9.98E-03 9.98E-03 9.98E-03
9.98E-03 9.98E-03 9.98E-03 9.98E-03 9.98E-03 9.98E-03 9.98E-03 9.98E-03 9.98E-03 9.98E-03 9.98E-03 9.98E-03 9.98E-03 9.98E-03 9.98E-03 9.98E-03 9.98E-03 9.98E-03 9.98E-03 9.98E-03 9.98E-03 9.98E-03 9.98E-03 9.98E-03 9.98E-03 9.98E-03 9.98E-03 9.98E-03 9.98E-03 9.98E-03 9.98E-03 9.98E-03 9.98E-03 9.98E-03 9.98E-03 9.98E-03 9.98E-03 9.98E-03 9.98E-03 9.98E-03 9.98E-03 9.98E-03 9.98E-03 9.98E-03 9.98E-03 9.98E-03 9.98E-03 9.98E-03 9.98E-03 9.98E-03 9.98E-03
9.98E-03 9.98E-03 9.98E-03 9.98E-03 9.98E-03 9.98E-03 9.98E-03 9.98E-03 9.98E-03 9.98E-03 9.98E-03 9.98E-03 9.98E-03 9.98E-03 9.98E-03 9.98E-03 9.98E-03 9.98E-03 9.98E-03 9.98E-03 9.98E-03 9.98E-03 9.98E-03 9.98E-03 9.98E-03 9.98E-03 9.98E-03 9.98E-03 9.98E-03 9.98E-03 9.98E-03 9.98E-03 9.98E-03 9.98E-03 9.98E-03 9.98E-03 9.98E-03 9.98E-03 9.98E-03 9.98E-03 9.98E-03 9.98E-03 9.98E-03 9.98E-03 9.98E-03 9.98E-03 9.98E-03 9.98E-03 9.98E-03 9.98E-03 9.98E-03
9.98E-03 9.98E-03 9.98E-03 9.98E-03 9.98E-03 9.98E-03 9.98E-03 9.98E-03 9.98E-03 9.98E-03 9.98E-03 9.98E-03 9.98E-03 9.98E-03 9.98E-03 9.98E-03 9.98E-03 9.98E-03 9.98E-03 9.98E-03 9.98E-03 9.98E-03 9.98E-03 9.98E-03 9.98E-03 9.98E-03 9.98E-03 9.98E-03 9.98E-03 9.98E-03 9.98E-03 9.98E-03 9.98E-03 9.98E-03 9.98E-03 9.98E-03 9.98E-03 9.98E-03 9.98E-03 9.98E-03 9.98E-03 9.98E-03 9.98E-03 9.98E-03 9.98E-03 9.98E-03 9.98E-03 9.98E-03 9.98E-03 9.98E-03 9.98E-03
9.98E-03 9.98E-03 9.98E-03 9.98E-03 9.98E-03 9.98E-03 9.98E-03 9.98E-03 9.98E-03 9.98E-03 9.98E-03 9.98E-03 9.98E-03 9.98E-03 9.98E-03 9.98E-03 9.98E-03 9.98E-03 9.98E-03 9.98E-03 9.98E-03 9.98E-03 9.98E-03 9.98E-03 9.98E-03 9.98E-03 9.98E-03 9.98E-03 9.98E-03 9.98E-03 9.98E-03 9.98E-03 9.98E-03 9.98E-03 9.98E-03 9.98E-03 9.98E-03 9.98E-03 9.98E-03 9.98E-03 9.98E-03 9.98E-03 9.98E-03 9.98E-03 9.98E-03 9.98E-03 9.98E-03 9.98E-03 9.98E-03 9.98E-03 9.98E-03
9.98E-03 9.98E-03 9.98E-03 9.98E-03 9.98E-03 9.98E-03 9.98E-03 9.98E-03 9.98E-03 9.98E-03 9.98E-03 9.98E-03 9.98E-03 9.98E-03 9.98E-03 9.98E-03 9.98E-03 9.98E-03 9.98E-03 9.98E-03 9.98E-03 9.98E-03 9.98E-03 9.98E-03 9.98E-03 9.98E-03 9.98E-03 9.98E-03 9.98E-03 9.98E-03 9.98E-03 9.98E-03 9.98E-03 9.98E-03 9.98E-03 9.98E-03 9.98E-03 9.98E-03 9.98E-03 9.98E-03 9.98E-03 9.98E-03 9.98E-03 9.98E-03 9.98E-03 9.98E-03 9.98E-03 9.98E-03 9.98E-03 9.98E-03 9.98E-03
9.98E-03 9.98E-03 9.98E-03 9.98E-03 9.98E-03 9.98E-03 9.98E-03 9.98E-03 9.98E-03 9.98E-03 9.98E-03 9.98E-03 9.98E-03 9.98E-03 9.98E-03 9.98E-03 9.98E-03 9.98E-03 9.98E-03 9.98E-03 9.98E-03 9.98E-03 9.98E-03 9.98E-03 9.98E-03 9.98E-03 9.98E-03 9.98E-03 9.98E-03 9.98E-03 9.98E-03 9.98E-03 9.98E-03 9.98E-03 9.98E-03 9.98E-03 9.98E-03 9.98E-03 9.98E-03 9.98E-03 9.98E-03 9.98E-03 9.98E-03 9.98E-03 9.98E-03 9.98E-03 9.98E-03 9.98E-03 9.98E-03 9.98E-03 9.98E-03
9.98E-03 9.98E-03 9.98E-03 9.98E-03 9.98E-03 9.98E-03 9.98E-03 9.98E-03 9.98E-03 9.98E-03 9.98E-03 9.98E-03 9.98E-03 9.98E-03 9.98E-03 9.98E-03 9.98E-03 9.98E-03 9.98E-03 9.98E-03 9.98E-03 9.98E-03 9.98E-03 9.98E-03 9.98E-03 9.98E-03 9.98E-03 9.98E-03 9.98E-03 9.98E-03 9.98E-03 9.98E-03 9.98E-03 9.98E-03 9.98E-03 9.98E-03 9.98E-03 9.98E-03 9.98E-03 9.98E-03 9.98E-03 9.98E-03 9.98E-03 9.98E-03 9.98E-03 9.98E-03 9.98E-03 9.98E-03 9.98E-03 9.98E-03 9.98E-03
