.0009998 .0009998 .0009998 .0009998 6.665778E-04 6.665778E-04 6.665778E-04 6.665778E-04 6.665778E-04 6.665778E-04 6.665778E-04 6.665778E-04 6.665778E-04 5.713633E-04 5.713633E-04 3.99968E-04 3.99968E-04 3.99968E-04 3.99968E-04 3.99968E-04 3.99968E-04 3.99968E-04 3.333112E-04 3.333112E-04 3.333112E-04 2.85698E-04 2.85698E-04 2.85698E-04 2.85698E-04 2.85698E-04 2.85698E-04 2.85698E-04 2.85698E-04 2.85698E-04 2.85698E-04 2.499875E-04 2.499875E-04 2.499875E-04 2.499875E-04 2.499875E-04 2.499875E-04 2.499865E-04 2.499865E-04 2.499854E-04 2.499854E-04 2.222107E-04 2.222107E-04 2.222107E-04 2.222107E-04 2.222107E-04 2.222107E-04
2.5 2.5 2.5 2.5 2 2 2 2 2 2 2 2 2 1.818182 1.818182 1.428571 1.428571 1.428571 1.428571 1.428571 1.428571 1.428571 1.25 1.25 1.25 1.111111 1.111111 1.111111 1.111111 1.111111 1.111111 1.111111 1.111111 1.111111 1.111111 1 1 1 1 1 1 .9836066 .9836066 .9677419 .9677419 .8823529 .8823529 .8823529 .8823529 .8823529 .8823529
2.5 2.5 2.5 2.5 2 2 2 2 2 2 2 2 2 1.818182 1.818182 1.428571 1.428571 1.428571 1.428571 1.428571 1.428571 1.428571 1.25 1.25 1.25 1.111111 1.111111 1.111111 1.111111 1.111111 1.111111 1.111111 1.111111 1.111111 1.111111 1 1 1 1 1 1 .9836066 .9836066 .9677419 .9677419 .8823529 .8823529 .8823529 .8823529 .8823529 .8823529
2.5 2.5 2.5 2.5 2 2 2 2 2 2 2 2 2 1.818182 1.818182 1.428571 1.428571 1.428571 1.428571 1.428571 1.428571 1.428571 1.25 1.25 1.25 1.111111 1.111111 1.111111 1.111111 1.111111 1.111111 1.111111 1.111111 1.111111 1.111111 1 1 1 1 1 1 .9836066 .9836066 .9677419 .9677419 .8823529 .8823529 .8823529 .8823529 .8823529 .8823529
2.5 2.5 2.5 2.5 2 2 2 2 2 2 2 2 2 1.818182 1.818182 1.428571 1.428571 1.428571 1.428571 1.428571 1.428571 1.428571 1.25 1.25 1.25 1.111111 1.111111 1.111111 1.111111 1.111111 1.111111 1.111111 1.111111 1.111111 1.111111 1 1 1 1 1 1 .9836066 .9836066 .9677419 .9677419 .8823529 .8823529 .8823529 .8823529 .8823529 .8823529
2.5 2.5 2.5 2.5 2 2 2 2 2 2 2 2 2 1.818182 1.818182 1.428571 1.428571 1.428571 1.428571 1.428571 1.428571 1.428571 1.25 1.25 1.25 1.111111 1.111111 1.111111 1.111111 1.111111 1.111111 1.111111 1.111111 1.111111 1.111111 1 1 1 1 1 1 .9836066 .9836066 .9677419 .9677419 .8823529 .8823529 .8823529 .8823529 .8823529 .8823529
2.5 2.5 2.5 2.5 2 2 2 2 2 2 2 2 2 1.818182 1.818182 1.428571 1.428571 1.428571 1.428571 1.428571 1.428571 1.428571 1.25 1.25 1.25 1.111111 1.111111 1.111111 1.111111 1.111111 1.111111 1.111111 1.111111 1.111111 1.111111 1 1 1 1 1 1 .9836066 .9836066 .9677419 .9677419 .8823529 .8823529 .8823529 .8823529 .8823529 .8823529
2.5 2.5 2.5 2.5 2 2 2 2 2 2 2 2 2 1.818182 1.818182 1.428571 1.428571 1.428571 1.428571 1.428571 1.428571 1.428571 1.25 1.25 1.25 1.111111 1.111111 1.111111 1.111111 1.111111 1.111111 1.111111 1.111111 1.111111 1.111111 1 1 1 1 1 1 .9836066 .9836066 .9677419 .9677419 .8823529 .8823529 .8823529 .8823529 .8823529 .8823529
2.5 2.5 2.5 2.5 2 2 2 2 2 2 2 2 2 1.818182 1.818182 1.428571 1.428571 1.428571 1.428571 1.428571 1.428571 1.428571 1.25 1.25 1.25 1.111111 1.111111 1.111111 1.111111 1.111111 1.111111 1.111111 1.111111 1.111111 1.111111 1 1 1 1 1 1 .9836066 .9836066 .9677419 .9677419 .8823529 .8823529 .8823529 .8823529 .8823529 .8823529
2.5 2.5 2.5 2.5 2 2 2 2 2 4.347826 2 2 2 1.818182 1.818182 1.428571 1.428571 1.428571 1.428571 1.428571 1.428571 1.428571 1.25 1.25 1.25 1.111111 1.111111 1.111111 1.111111 1.111111 1.111111 1.111111 1.111111 1.111111 1.111111 1 1 1 3.571429 1 1 .9836066 .9836066 .9677419 .9677419 .8823529 .8823529 .8823529 .8823529 .8823529 .8823529
