             5             5             5             5             5             5             5             5             5             5             5             5             5             5             5             5             5             5             5             5
             5             5      .0009999      .0009999      .0009999      .0009999      .0009999      .0009999      .0009999      .0009999      .0009999      .0009999      .0009999      .0009999      .0009999      .0009999      .0009999      .0009999      .0009999      .0009999
      .0009999  1.333156E-03  1.333156E-03      .0019996      .0019996      .0019996      .0019996      .0019996      .0019996      .0019996      .0019996
             6             6             6             6             6             6             6             6             6             6             6             6             6             6             6             6             6             6             6             6
             6             6      .9090909      .9090909      .9090909      .9090909      .9090909      .9090909      .9090909      .9090909      .9090909      .9090909      .9090909      .9090909      .9090909      .9090909      .9090909      .9090909      .9090909      .9090909
      .9090909      1.176471      1.176471      1.666667      1.666667      1.666667      1.666667      1.666667      1.666667      1.666667      1.666667
             6             6             6             6             6             6             6             6             6             6             6             6             6             6             6             6             6             6             6             6
             6             6      .9090909      .9090909      .9090909      .9090909      .9090909      .9090909      .9090909      .9090909      .9090909      .9090909      .9090909      .9090909      .9090909      .9090909      .9090909      .9090909      .9090909      .9090909
      .9090909      1.176471      1.176471      1.666667      1.666667      1.666667      1.666667      1.666667      1.666667      1.666667      1.666667
             6             6             6             6             6             6             6             6             6             6             6             6             6             6             6             6             6             6             6             6
             6             6      .9090909      .9090909      .9090909      .9090909      .9090909      .9090909      .9090909      .9090909      .9090909      .9090909      .9090909      .9090909      .9090909      .9090909      .9090909      .9090909      .9090909      .9090909
      .9090909      1.176471      1.176471      1.666667      1.666667      1.666667      1.666667      1.666667      1.666667      1.666667      1.666667
             6             6             6             6             6             6             6             6             6             6             6             6             6             6             6             6             6             6             6             6
             6             6      .9090909      .9090909      .9090909      .9090909      .9090909      .9090909      .9090909      .9090909      .9090909      .9090909      .9090909      .9090909      .9090909      .9090909      .9090909      .9090909      .9090909      .9090909
      .9090909      1.176471      1.176471      1.666667      1.666667      1.666667      1.666667      1.666667      1.666667      1.666667      1.666667
             6             6             6             6             6             6             6             6             6             6             6             6             6             6             6             6             6             6             6             6
             6             6      .9090909      .9090909      .9090909      .9090909      .9090909      .9090909      .9090909      .9090909      .9090909      .9090909      .9090909      .9090909      .9090909      .9090909      .9090909      .9090909      .9090909      .9090909
      .9090909      1.176471      1.176471      1.666667      1.666667      1.666667      1.666667      1.666667      1.666667      1.666667      1.666667
             6             6             6             6             6             6             6             6             6             6             6             6             6             6             6             6             6             6             6             6
             6             6      .9090909      .9090909      .9090909      .9090909      .9090909      .9090909      .9090909      .9090909      .9090909      .9090909      .9090909      .9090909      .9090909      .9090909      .9090909      .9090909      .9090909      .9090909
      .9090909      1.176471      1.176471      1.666667      1.666667      1.666667      1.666667      1.666667      1.666667      1.666667      1.666667
             6             6             6             6             6             6             6             6             6             6             6             6             6             6             6             6             6             6             6             6
             6             6      .9090909      .9090909      .9090909      .9090909      .9090909      .9090909      .9090909      .9090909      .9090909      .9090909      .9090909      .9090909      .9090909      .9090909      .9090909      .9090909      .9090909      .9090909
      .9090909      1.176471      1.176471      1.666667      1.666667      1.666667      1.666667      1.666667      1.666667      1.666667      1.666667
             6             6             6             6             6             6             6             6             6             6             6             6             6             6             6             6             6             6             6             6
             6             6      .9090909      .9090909      .9090909      .9090909      .9090909      .9090909      .9090909      .9090909      .9090909      .9090909      .9090909      .9090909      .9090909      .9090909      .9090909      .9090909      .9090909      .9090909
      .9090909      1.176471      1.176471      1.666667      1.666667      1.666667      1.666667      1.666667      1.666667      1.666667      1.666667
             6             6             6             6             6             6             6             6             6             6             6             6             6             6             6             6             6             6             6             6
             6             6      .9090909      .9090909      .9090909      .9090909      .9090909      .9090909      .9090909      .9090909      .9090909      .9090909      .9090909      .9090909      .9090909      .9090909      .9090909      .9090909      8.333333      .9090909
      .9090909      1.176471      1.176471      1.666667      1.666667      1.666667      1.666667      1.666667      1.666667      1.666667      1.666667