 51            10 
             0     0.0390647  3.925395E-02  3.937126E-02     0.0394568     0.0395495  3.964917E-02  3.974229E-02  3.981186E-02     0.0398691  3.992791E-02  4.000331E-02  4.011275E-02  4.024345E-02  4.037943E-02  4.052035E-02  4.066582E-02  4.081547E-02  4.096888E-02  4.112564E-02
  4.128532E-02  4.144747E-02  4.161165E-02     0.0417774  4.194426E-02  4.211176E-02  4.227945E-02  4.244686E-02  4.261353E-02      0.042779  4.292235E-02  4.304409E-02     0.0431645  4.326358E-02  4.334212E-02  4.341988E-02     0.0434968  4.357284E-02  4.364794E-02  4.372207E-02
  4.381344E-02  4.393853E-02  4.407683E-02  4.421014E-02  4.433816E-02  4.446057E-02  4.457709E-02  4.479781E-02  4.520456E-02  4.556602E-02             0
             0  3.906102E-02  3.925045E-02     0.0393679  3.945356E-02  3.954639E-02  3.964621E-02  3.973947E-02  3.980915E-02  3.986649E-02  3.992539E-02  4.000092E-02  4.011054E-02  4.024146E-02  4.037769E-02  4.051885E-02  4.066459E-02  4.081452E-02  4.096821E-02  4.112525E-02
  4.128522E-02  4.144767E-02  4.161214E-02  4.177818E-02  4.194533E-02  4.211313E-02  4.228109E-02  4.244877E-02     0.0426157  4.278142E-02  4.292498E-02  4.304688E-02  4.316745E-02  4.326667E-02     0.0433453  4.342315E-02  4.350016E-02  4.357628E-02  4.365146E-02  4.372566E-02
  4.381712E-02  4.394231E-02  4.408072E-02  4.421413E-02  4.434222E-02  4.446469E-02  4.458125E-02  4.480202E-02  4.520875E-02  4.556991E-02             0
             0  3.900453E-02  3.919674E-02  3.931639E-02  3.940376E-02  3.949859E-02  3.960066E-02  3.969612E-02  3.976749E-02  3.982625E-02  3.988663E-02  3.996408E-02  4.007656E-02  4.021095E-02  4.035087E-02  4.049591E-02     0.0406457  4.079982E-02  4.095784E-02  4.111931E-02
  4.128378E-02  4.145077E-02     0.0416198  4.179039E-02  4.196204E-02  4.213425E-02  4.230653E-02     0.0424784  4.264935E-02  4.281891E-02  4.296564E-02  4.309012E-02  4.321315E-02  4.331429E-02  4.339439E-02  4.347365E-02      0.043552  4.362939E-02  4.370577E-02     0.0437811
  4.387388E-02  4.400074E-02  4.414077E-02  4.427554E-02  4.440472E-02  4.452803E-02     0.0446452  4.486677E-02  4.527291E-02  4.562925E-02             0
             0  3.896399E-02  3.915806E-02  3.927919E-02  3.936775E-02  3.946396E-02  3.956761E-02  3.966462E-02  3.973719E-02  3.979696E-02     0.0398584  3.993723E-02  4.005176E-02  4.018868E-02  4.033128E-02  4.047917E-02  4.063194E-02  4.078916E-02  4.095038E-02  4.111515E-02
  4.128297E-02  4.145335E-02  4.162579E-02  4.179978E-02  4.197481E-02  4.215034E-02  4.232587E-02  4.250088E-02  4.267484E-02  4.284725E-02  4.299634E-02  4.312274E-02  4.324756E-02     0.0433501  4.343128E-02  4.351154E-02  4.359084E-02  4.366913E-02  4.374635E-02  4.382246E-02
  4.391614E-02     0.0440441  4.418518E-02  4.432075E-02  4.445054E-02  4.457426E-02  4.469166E-02  4.491337E-02  4.531813E-02  4.567005E-02             0
             0  3.893882E-02  3.913396E-02  3.925596E-02  3.934522E-02  3.944226E-02  3.954686E-02  3.964482E-02  3.971813E-02  3.977852E-02  3.984061E-02     0.0399203     0.0400361  4.017461E-02     0.0403189  4.046858E-02  4.062324E-02  4.078243E-02     0.0409457  4.111256E-02
  4.128253E-02  4.145509E-02  4.162972E-02  4.180591E-02  4.198311E-02  4.216079E-02  4.233842E-02  4.251545E-02  4.269136E-02  4.286563E-02  4.301623E-02  4.314386E-02  4.326984E-02  4.337326E-02  4.345511E-02  4.353601E-02  4.361591E-02  4.369475E-02  4.377248E-02  4.384905E-02
  4.394327E-02  4.407188E-02  4.421352E-02  4.434952E-02  4.447958E-02  4.460344E-02  4.472088E-02  4.494244E-02     0.0453459  4.569467E-02             0
             0     0.0389233  3.911905E-02  3.924156E-02  3.933124E-02  3.942877E-02  3.953395E-02  3.963248E-02  3.970625E-02  3.976701E-02     0.0398295  3.990972E-02  4.002631E-02     0.0401658  4.031115E-02  4.046195E-02     0.0406178  4.077823E-02  4.094278E-02  4.111097E-02
  4.128228E-02  4.145622E-02  4.163224E-02  4.180981E-02  4.198839E-02  4.216744E-02     0.0423464  4.252473E-02  4.270189E-02  4.287734E-02  4.302891E-02  4.315732E-02  4.328403E-02  4.338802E-02     0.0434703  4.355159E-02  4.363186E-02  4.371104E-02  4.378908E-02  4.386594E-02
  4.396048E-02  4.408945E-02  4.423141E-02  4.436762E-02     0.0444978     0.0446217  4.473909E-02  4.496045E-02  4.536289E-02  4.570956E-02             0
             0  3.891558E-02  3.911161E-02  3.923436E-02  3.932424E-02  3.942201E-02  3.952747E-02  3.962628E-02  3.970027E-02  3.976122E-02  3.982391E-02  3.990439E-02  4.002138E-02  4.016136E-02  4.030724E-02  4.045861E-02  4.061505E-02  4.077611E-02  4.094131E-02  4.111017E-02
  4.128217E-02  4.145679E-02  4.163352E-02  4.181179E-02  4.199108E-02  4.217082E-02  4.235046E-02  4.252945E-02  4.270725E-02  4.288331E-02  4.303538E-02     0.0431642  4.329128E-02  4.339557E-02  4.347806E-02  4.355955E-02  4.364001E-02  4.371936E-02  4.379756E-02  4.387455E-02
  4.396925E-02     0.0440984  4.424049E-02  4.437678E-02      0.044507  4.463089E-02  4.474824E-02  4.496945E-02  4.537131E-02  4.571689E-02             0
             0  3.891227E-02  3.910842E-02  3.923128E-02  3.932124E-02  3.941911E-02  3.952469E-02  3.962362E-02     0.0396977  3.975873E-02  3.982151E-02     0.0399021  4.001926E-02  4.015945E-02  4.030556E-02  4.045718E-02  4.061387E-02     0.0407752  4.094068E-02  4.110982E-02
  4.128211E-02  4.145704E-02  4.163407E-02  4.181265E-02  4.199224E-02  4.217228E-02  4.235221E-02  4.253149E-02  4.270957E-02  4.288589E-02  4.303818E-02  4.316717E-02  4.329442E-02  4.339883E-02  4.348141E-02      0.043563  4.364353E-02  4.372295E-02  4.380122E-02  4.387828E-02
  4.397304E-02  4.410226E-02     0.0442444  4.438073E-02  4.451095E-02  4.463484E-02  4.475217E-02  4.497331E-02     0.0453749  4.572001E-02             0
             0  3.891049E-02     0.0391067  3.922961E-02  3.931962E-02  3.941754E-02  3.952318E-02  3.962218E-02  3.969631E-02  3.975739E-02  3.982021E-02  3.990087E-02  4.001812E-02  4.015842E-02  4.030465E-02     0.0404564  4.061324E-02  4.077471E-02  4.094034E-02  4.110963E-02
  4.128209E-02  4.145718E-02  4.163437E-02  4.181311E-02  4.199286E-02  4.217307E-02  4.235316E-02     0.0425326  4.271082E-02  4.288729E-02     0.0430397  4.316879E-02  4.329612E-02     0.0434006  4.348324E-02  4.356487E-02  4.364545E-02  4.372491E-02  4.380321E-02     0.0438803
  4.397509E-02  4.410435E-02  4.424653E-02  4.438287E-02     0.0445131  4.463698E-02  4.475429E-02  4.497539E-02  4.537684E-02  4.572168E-02             0
             0     0.0389096  3.910584E-02  3.922877E-02  3.931881E-02  3.941675E-02  3.952242E-02  3.962146E-02  3.969561E-02  3.975671E-02  3.981956E-02  3.990024E-02  4.001754E-02     0.0401579  4.030419E-02  4.045601E-02  4.061291E-02  4.077446E-02  4.094017E-02  4.110954E-02
  4.128208E-02  4.145725E-02  4.163452E-02  4.181335E-02  4.199318E-02  4.217346E-02  4.235364E-02  4.253316E-02  4.271146E-02      0.042888  4.304047E-02     0.0431696  4.329699E-02     0.0434015  4.348416E-02  4.356582E-02  4.364641E-02     0.0437259  4.380422E-02  4.388132E-02
  4.397613E-02  4.410541E-02     0.0442476  4.438395E-02  4.451418E-02  4.463805E-02  4.475536E-02  4.497644E-02  4.537782E-02  4.572253E-02             0
