 51            10 
             0     0.0184059  1.965563E-02  2.034222E-02  2.085829E-02  2.144052E-02  2.209049E-02  2.271783E-02  2.319661E-02  2.359564E-02  2.401038E-02  2.454803E-02  2.533996E-02  2.630213E-02  2.731813E-02  2.838439E-02  2.949715E-02  3.065243E-02  3.184607E-02  3.307373E-02
  3.433093E-02  3.561304E-02  3.691526E-02  3.823271E-02  3.956039E-02  4.089333E-02  4.222659E-02  4.355529E-02  4.487474E-02  4.618036E-02  4.730686E-02  4.826018E-02  4.919956E-02  4.996945E-02     0.0505779  5.117848E-02  5.177077E-02  5.235439E-02  5.292896E-02  5.349412E-02
  5.418841E-02  5.513382E-02  5.617175E-02  5.716515E-02  5.811229E-02  5.901174E-02  5.986229E-02  6.146361E-02  6.436944E-02  6.662289E-02             0
             0  1.827362E-02     0.0195249  2.021508E-02  2.073428E-02  2.132032E-02  2.197481E-02  2.260672E-02  2.308908E-02  2.349116E-02  2.390913E-02  2.445103E-02  2.524936E-02  2.621951E-02  2.724412E-02  2.831959E-02  2.944209E-02  3.060761E-02  3.181189E-02  3.305055E-02
      0.034319  3.561253E-02  3.692627E-02  3.825521E-02  3.959429E-02  4.093841E-02  4.228254E-02  4.362171E-02  4.495112E-02  4.626611E-02  4.740022E-02  4.835964E-02  4.930469E-02  5.007891E-02  5.069061E-02  5.129422E-02  5.188932E-02  5.247552E-02  5.305244E-02  5.361974E-02
     0.0543164  5.526455E-02  5.630473E-02  5.729954E-02  5.824731E-02  5.914665E-02  5.999643E-02  6.159507E-02  6.448914E-02  6.671771E-02             0
             0  1.621376E-02  1.748554E-02  1.822975E-02  1.879633E-02  1.944069E-02  2.016453E-02  2.086692E-02  2.140493E-02  2.185435E-02  2.232246E-02  2.293054E-02  2.382877E-02  2.492383E-02  2.608356E-02  2.730371E-02  2.857964E-02  2.990639E-02  3.127867E-02  3.269093E-02
  3.413734E-02  3.561183E-02  3.710812E-02  3.861966E-02  4.013979E-02     0.0416618  4.317898E-02  4.468476E-02  4.617272E-02  4.763671E-02     0.0488916  4.994776E-02  5.098229E-02     0.0518247  5.248744E-02  5.313849E-02  5.377736E-02  5.440363E-02  5.501688E-02  5.561676E-02
     0.0563495  5.733844E-02  5.841083E-02  5.942414E-02  6.037761E-02  6.127096E-02  6.210427E-02  6.365166E-02  6.634348E-02  6.816869E-02             0
             0  1.457118E-02  1.583527E-02     0.0166087      0.017204  1.788654E-02  1.865856E-02  1.941237E-02  1.999224E-02  2.047793E-02     0.0209851  2.164551E-02  2.262429E-02  2.382231E-02  2.509538E-02  2.643857E-02  2.784643E-02  2.931305E-02  3.083214E-02  3.239709E-02
  3.400096E-02  3.563654E-02  3.729626E-02  3.897226E-02  4.065643E-02  4.234051E-02  4.401616E-02  4.567506E-02  4.730899E-02  4.890995E-02     0.0502752      0.051419  5.253352E-02  5.343571E-02  5.414243E-02  5.483346E-02  5.550824E-02  5.616627E-02  5.680709E-02  5.743035E-02
  5.818709E-02  5.919886E-02  6.028166E-02  6.129089E-02  6.222732E-02     0.0630924  6.388804E-02  6.534494E-02  6.777801E-02  6.921097E-02             0
             0  1.346792E-02  1.470705E-02  1.548835E-02  1.609521E-02  1.679625E-02  1.759461E-02  1.837904E-02  1.898508E-02  1.949406E-02  2.002691E-02  2.072239E-02  2.175653E-02      0.023027  2.438114E-02  2.581326E-02  2.731707E-02  2.888578E-02  3.051228E-02  3.218918E-02
  3.390882E-02  3.566327E-02  3.744427E-02  3.924318E-02  4.105102E-02  4.285855E-02  4.465628E-02  4.643453E-02  4.818352E-02  4.989341E-02  5.134688E-02  5.256066E-02  5.373865E-02  5.468761E-02  5.542819E-02  5.614936E-02  5.685038E-02  5.753065E-02  5.818965E-02  5.882699E-02
  5.959629E-02  6.061531E-02  6.169172E-02  6.268168E-02  6.358811E-02  6.441467E-02  6.516543E-02  6.652369E-02  6.872059E-02  6.985796E-02             0
             0  1.274884E-02  1.395818E-02  1.473604E-02  1.534463E-02  1.605228E-02  1.686318E-02  1.766464E-02  1.828639E-02     0.0188099  1.935928E-02  2.007792E-02  2.114963E-02  2.247048E-02  2.388168E-02  2.537666E-02  2.694824E-02  2.858886E-02  3.029078E-02  3.204606E-02
  3.384667E-02  3.568438E-02  3.755067E-02  3.943661E-02     0.0413329  4.322986E-02  4.511742E-02     0.0469851  4.882197E-02     0.0506167  5.214006E-02  5.340982E-02  5.463879E-02  5.562513E-02  5.639251E-02  5.713708E-02  5.785789E-02  5.855411E-02  5.922515E-02  5.987059E-02
  6.064511E-02  6.166166E-02  6.272192E-02  6.368499E-02  6.455649E-02  6.534266E-02  6.604974E-02  6.731755E-02  6.932534E-02  7.025657E-02             0
             0  1.237683E-02  1.356419E-02     0.0143356  1.494176E-02  1.564955E-02  1.646405E-02  1.727249E-02  1.790158E-02  1.843229E-02  1.899022E-02  1.972124E-02  2.081368E-02  2.216294E-02  2.360646E-02     0.0251369  2.674642E-02  2.842695E-02  3.017036E-02  3.196852E-02
  3.381326E-02  3.569631E-02  3.760915E-02  3.954288E-02     0.0414882  4.343541E-02  4.537432E-02     0.0472942  4.918369E-02  5.103068E-02  5.259839E-02  5.390443E-02  5.516703E-02  5.617829E-02  5.696353E-02  5.772354E-02  5.845705E-02  5.916303E-02  5.984068E-02  6.048956E-02
  6.126451E-02  6.227406E-02  6.331687E-02  6.425583E-02  6.509918E-02  6.585523E-02  6.653172E-02  6.773937E-02  6.963474E-02  7.045499E-02             0
             0  1.221524E-02  1.339159E-02  1.415907E-02  1.476332E-02  1.547025E-02  1.628544E-02  1.709633E-02  1.772837E-02  1.826213E-02     0.0188238  1.956036E-02  2.066229E-02  2.202464E-02  2.348304E-02  2.502968E-02  2.665639E-02  2.835488E-02  3.011685E-02  3.193411E-02
  3.379846E-02  3.570164E-02  3.763518E-02  3.959021E-02  4.155749E-02  4.352735E-02  4.548961E-02  4.743353E-02     0.0493476  5.121945E-02  5.280874E-02  5.413277E-02  5.541238E-02  5.643649E-02  5.723101E-02  5.799907E-02  5.873916E-02  5.945004E-02  6.013077E-02  6.078086E-02
  6.155505E-02     0.0625593  6.359125E-02  6.451645E-02  6.534466E-02  6.608517E-02  6.674641E-02  6.792488E-02  6.976849E-02  7.053977E-02             0
             0  1.212735E-02  1.329732E-02  1.406233E-02  1.466527E-02  1.537143E-02     0.0161867  1.699872E-02  1.763227E-02  1.816764E-02  1.873137E-02  1.947102E-02     0.0205783  2.194805E-02     0.0234148     0.0249705  2.660678E-02  2.831521E-02  3.008743E-02     0.0319152
  3.379034E-02  3.570459E-02     0.0376495  3.961626E-02  4.159565E-02  4.357805E-02  4.555331E-02  4.751068E-02  4.943862E-02  5.132465E-02  5.292642E-02  5.426099E-02  5.555071E-02  5.658258E-02  5.738276E-02  5.815578E-02  5.889994E-02     0.0596138  6.029632E-02  6.094692E-02
  6.172026E-02  6.272064E-02  6.374542E-02  6.466199E-02  6.548098E-02     0.0662123  6.686465E-02  6.802638E-02  6.984106E-02     0.0705855             0
             0  1.208289E-02  1.324949E-02  1.401313E-02  1.461532E-02  1.532098E-02  1.613617E-02  1.694866E-02  1.758293E-02  1.811911E-02  1.868389E-02  1.942513E-02  2.053521E-02  2.190881E-02     0.0233799  2.494027E-02  2.658146E-02  2.829498E-02  3.007244E-02  3.190557E-02
     0.0337862  3.570608E-02     0.0376568  3.962953E-02  4.161511E-02  4.360392E-02  4.558586E-02  4.755016E-02  4.948529E-02  5.137873E-02  5.298709E-02  5.432727E-02  5.562245E-02  5.665858E-02  5.746193E-02  5.823774E-02  5.898422E-02  5.969979E-02  6.038328E-02  6.103406E-02
  6.180672E-02  6.280463E-02     0.0638252  6.473693E-02  6.555091E-02     0.0662773  6.692497E-02  6.807793E-02  6.987772E-02  7.060853E-02             0
