 51            10 
             0 -1.416323E-03  1.467387E-04  1.339992E-03  2.271653E-03  3.337705E-03  4.535511E-03  5.695913E-03  6.583279E-03  7.323671E-03  8.093959E-03  9.093392E-03     0.0105672  1.236016E-02  1.425547E-02  1.624637E-02  1.832569E-02  2.048588E-02  2.271902E-02  2.501688E-02
  2.737093E-02  2.977238E-02  3.221216E-02  3.468085E-02  3.716893E-02  3.966684E-02  4.216514E-02  4.465456E-02  4.712611E-02  4.957112E-02  5.168004E-02  5.346426E-02  5.522188E-02  5.666192E-02  5.779976E-02  5.892261E-02     0.0600297  6.112029E-02  6.219371E-02  6.324928E-02
  6.454568E-02  6.631025E-02  6.824644E-02  7.009849E-02  7.186332E-02  7.353836E-02  7.512154E-02  7.810105E-02  8.351266E-02  8.853303E-02             0
             0 -1.684228E-03 -1.131802E-04  1.087516E-03  2.025399E-03  3.098992E-03  4.305702E-03  5.475113E-03  6.369574E-03  7.115992E-03  7.892657E-03  8.900495E-03  1.038697E-02  1.219574E-02  1.410812E-02  1.611727E-02  1.821594E-02  2.039642E-02  2.265069E-02  2.497036E-02
  2.734675E-02  2.977089E-02  3.223353E-02  3.472506E-02  3.723576E-02  3.975588E-02  4.227578E-02  4.478598E-02  4.727732E-02  4.974093E-02  5.186496E-02  5.366128E-02  5.543014E-02  5.687875E-02  5.802303E-02  5.915188E-02  6.026452E-02  6.136023E-02     0.0624383  6.349807E-02
  6.479915E-02  6.656911E-02     0.0685097  7.036448E-02  7.213046E-02  7.380521E-02  7.538678E-02  7.836077E-02  8.374871E-02     0.0887205             0
             0 -5.857199E-03 -4.169061E-03 -2.856461E-03 -1.824208E-03 -6.354075E-04  7.081733E-04  2.016796E-03  3.021228E-03  3.861248E-03  4.737126E-03  5.875951E-03   7.56026E-03  9.616557E-03  1.179686E-02  1.409302E-02  1.649615E-02     0.0189967  2.158454E-02      0.024249
  2.697891E-02  2.976265E-02     0.0325881  3.544263E-02     0.0383133     0.0411871  4.405107E-02  4.689249E-02      0.049699     0.0524587  5.482263E-02  5.681105E-02     0.0587575  6.034137E-02     0.0615868  6.280961E-02  6.400888E-02  6.518381E-02  6.633364E-02  6.745768E-02
  6.882977E-02  7.067974E-02  7.268298E-02  7.457304E-02  7.634877E-02  7.800995E-02  7.955713E-02  8.242592E-02  8.740544E-02  9.158806E-02             0
             0 -9.195553E-03 -7.463837E-03 -6.090459E-03 -5.001461E-03 -3.737741E-03  -2.29938E-03 -8.892688E-04  1.979745E-04  1.109836E-03  2.063187E-03  3.305902E-03  5.150381E-03  7.411664E-03   9.81787E-03  1.235945E-02  1.502582E-02  1.780557E-02  2.068653E-02  2.365591E-02
  2.670035E-02  2.980592E-02  3.295806E-02  3.614143E-02  3.934019E-02  4.253823E-02  4.571932E-02  4.886723E-02  5.196596E-02  5.499987E-02  5.758471E-02  5.974847E-02  6.185488E-02  6.355817E-02  6.489136E-02  6.619389E-02  6.746464E-02  6.870265E-02  6.990708E-02  7.107726E-02
  7.249647E-02  7.439066E-02  7.641274E-02  7.829245E-02  8.003181E-02  8.163414E-02  8.310371E-02  8.578719E-02  9.024233E-02  9.365061E-02             0
             0 -1.144418E-02 -9.725124E-03 -8.335741E-03 -7.224943E-03 -5.925904E-03 -4.436494E-03 -2.966324E-03 -1.827393E-03 -8.693628E-04  1.350347E-04  1.447675E-03  3.402797E-03  5.809317E-03   8.37828E-03  1.109852E-02  1.395768E-02  1.694255E-02  2.003928E-02  2.323351E-02
  2.651045E-02  2.985482E-02  3.325069E-02  3.668119E-02  4.012878E-02  4.357541E-02  4.700255E-02  5.039131E-02  5.372245E-02  5.697667E-02  5.974006E-02  6.204554E-02  6.428045E-02  6.607834E-02  6.747995E-02  6.884323E-02  7.016675E-02  7.144929E-02  7.268988E-02     0.0738878
  7.533126E-02  7.723814E-02  7.924466E-02     0.0810826  8.275846E-02  8.428025E-02  8.565667E-02  8.813669E-02  9.211064E-02  9.493212E-02             0
             0 -1.291323E-02    -0.0112318  -9.85074E-03 -8.738467E-03 -7.428417E-03 -5.915929E-03 -4.413005E-03 -3.243254E-03 -2.256445E-03 -1.219082E-03   1.40004E-04  2.170946E-03  4.679562E-03  7.364329E-03  1.021212E-02  1.320869E-02  1.633918E-02  1.958838E-02  2.294094E-02
  2.638135E-02  2.989377E-02  3.346184E-02     0.0370682  4.069473E-02     0.0443226     0.0479322  5.150305E-02  5.501375E-02  5.844194E-02  6.134918E-02  6.377014E-02     0.0661104  6.798561E-02  6.944261E-02  7.085416E-02  7.221828E-02  7.353333E-02  7.479808E-02  7.601172E-02
  7.746446E-02  7.936353E-02  8.133322E-02  8.311217E-02  8.471292E-02  8.614894E-02  8.743356E-02  8.972498E-02  9.331141E-02     0.0957221             0
             0 -1.367464E-02 -1.202739E-02 -1.066129E-02 -9.555963E-03 -8.247961E-03 -6.730453E-03 -5.214984E-03 -4.031143E-03 -3.030151E-03 -1.975628E-03 -5.914009E-04  1.482164E-03  4.049478E-03  6.801023E-03  9.721857E-03  1.279626E-02  1.600827E-02  1.934197E-02  2.278161E-02
  2.631148E-02  2.991577E-02  3.357821E-02  3.728152E-02  4.100773E-02  4.473802E-02  4.845271E-02  5.213097E-02  5.575064E-02  5.928793E-02  6.228866E-02  6.478669E-02  6.719895E-02  6.912787E-02  7.062345E-02  7.206836E-02  7.345982E-02  7.479554E-02  7.607385E-02  7.729382E-02
  7.874566E-02  8.062651E-02  8.255495E-02  8.427912E-02  8.581752E-02  8.718813E-02  8.840733E-02  9.057169E-02  9.392654E-02  9.611551E-02             0
             0 -1.400568E-02 -1.237658E-02 -1.101968E-02 -9.919501E-03 -8.614745E-03 -7.097387E-03 -5.578088E-03 -4.388813E-03 -3.381887E-03 -2.319795E-03 -9.240988E-04  1.169415E-03  3.764366E-03  6.547113E-03  9.501689E-03  1.261164E-02  1.586054E-02  1.923219E-02  2.271073E-02
  2.628045E-02  2.992562E-02  3.363006E-02  3.737668E-02  4.114761E-02  4.492421E-02     0.0486869  5.241488E-02  5.608588E-02  5.967571E-02  6.272276E-02  6.525997E-02  6.770987E-02     0.0696677     0.0711844  7.264776E-02  7.405432E-02  7.540112E-02      0.076686  7.790785E-02
  7.935642E-02  8.122265E-02  8.312409E-02  8.481585E-02  8.631985E-02  8.765616E-02  8.884238E-02  9.094467E-02  9.419261E-02  9.628361E-02             0
             0 -1.418579E-02 -1.256749E-02 -1.121641E-02 -1.011972E-02 -8.817548E-03 -7.301167E-03 -5.780484E-03 -4.588569E-03 -3.578517E-03 -2.512237E-03 -1.110023E-03  9.949905E-04  3.605817E-03  6.406309E-03  9.379892E-03  1.250971E-02     0.0157791  1.917174E-02  2.267173E-02
  2.626339E-02  2.993103E-02     0.0336586  3.742908E-02  4.122472E-02      0.045027  4.881644E-02  5.257234E-02  5.627244E-02  5.989246E-02  6.296661E-02  6.552713E-02  6.799995E-02  6.997589E-02     0.0715061  7.298151E-02  7.439808E-02  7.575222E-02  7.704115E-02  7.826346E-02
  7.970852E-02  8.156331E-02  8.344607E-02  8.511693E-02  8.659969E-02  8.791546E-02  8.908236E-02     0.0911489  9.433701E-02  9.637432E-02             0
             0 -1.427695E-02 -1.266442E-02 -1.131657E-02    -0.0102219 -8.921362E-03 -7.405874E-03 -5.884856E-03 -4.691793E-03  -3.68022E-03 -2.611768E-03 -1.206082E-03  9.050999E-04  3.524343E-03  6.334129E-03  9.317574E-03  1.245764E-02  1.573754E-02  1.914092E-02  2.265186E-02
  2.625469E-02     0.0299338  3.367314E-02     0.0374558  4.126406E-02  4.507949E-02  4.888268E-02      0.052653  5.636823E-02     0.0600041  6.309268E-02  6.566581E-02     0.0681513  7.013758E-02  7.167571E-02  7.315844E-02  7.458135E-02  7.594029E-02  7.723178E-02  7.845379E-02
  7.989568E-02  8.174241E-02  8.361371E-02  8.527255E-02  8.674356E-02  8.804825E-02     0.0892049  9.125268E-02  9.440997E-02  9.641999E-02             0
