 51            10 
             0    -0.2560953    -0.2470251    -0.2398502    -0.2341996    -0.2276895     -0.220327    -0.2131477    -0.2076313    -0.2030143    -0.1981965    -0.1919278    -0.1826477    -0.1713106     -0.159293    -0.1466538    -0.1334549    -0.1197573     -0.105631 -9.116577E-02
 -7.649831E-02 -6.183014E-02 -4.496609E-02 -2.801874E-02 -1.108058E-02  5.765085E-03  2.244673E-02  3.890082E-02  5.506767E-02  7.088923E-02  8.438125E-02  9.569274E-02     0.1067292     0.1156801     0.1227029     0.1295828     0.1363159     0.1428987     0.1493287     0.1556045
     0.1632558     0.1735614     0.1847142     0.1952329     0.2051047     0.2143115     0.2228514     0.2386131     0.2655559     0.2882703             0
             0    -0.2612257    -0.2521054    -0.2448561    -0.2391522    -0.2325871    -0.2251502    -0.2178801    -0.2122819    -0.2075893    -0.2026847    -0.1962924    -0.1868059    -0.1751849     -0.162844    -0.1498633    -0.1363181    -0.1222446    -0.1077011 -9.277876E-02
 -7.762557E-02    -0.0624795 -4.538666E-02 -2.795175E-02 -1.056529E-02  6.668866E-03  2.369771E-02  4.047891E-02  5.696468E-02  7.309882E-02  8.685434E-02  9.838089E-02     0.1096169     0.1187162     0.1258454     0.1328173     0.1396254     0.1462642     0.1527296     0.1590202
     0.1666724     0.1770213     0.1882249      0.198824     0.2087842     0.2179955     0.2264879     0.2420928       0.26845     0.2901773             0
             0    -0.3391257     -0.329546    -0.3213979    -0.3147865    -0.3069489    -0.2978163    -0.2886488    -0.2814579    -0.2753602     -0.268917    -0.2604327    -0.2476627    -0.2317616     -0.214647    -0.1964521    -0.1773104    -0.1573019    -0.1365379    -0.1151754
     -0.093451 -7.172947E-02 -4.723952E-02 -2.230562E-02  2.487029E-03  2.696162E-02  5.101013E-02  7.453471E-02  9.742434E-02     0.1195515     0.1381247     0.1534692     0.1681809     0.1798681     0.1888943     0.1975837     0.2059251     0.2139097     0.2215314     0.2287885
     0.2374138     0.2486466     0.2601733     0.2704413     0.2795039     0.2873271     0.2940199     0.3053631     0.3197855     0.3239923             0
             0     -0.416098    -0.4100885    -0.4034863    -0.3975827    -0.3899696    -0.3804159    -0.3701862    -0.3618191    -0.3545457    -0.3466865     -0.336129    -0.3198249    -0.2989743     -0.276109    -0.2515008    -0.2254299    -0.1980827    -0.1696664    -0.1404274
    -0.1107012 -8.098537E-02 -4.749979E-02 -1.339039E-02  2.056783E-02  5.414683E-02  8.719539E-02     0.1195532     0.1510131     0.1813117     0.2065339     0.2271549     0.2466293     0.2617812     0.2732787     0.2841167     0.2942654      0.303702     0.3124118     0.3203905
     0.3294631     0.3403938     0.3503469     0.3579535      0.363563     0.3673709     0.3696744      0.371825     0.3665841     0.3502745             0
             0    -0.4785443     -0.480815       -0.4791    -0.4762768    -0.4712481    -0.4634165     -0.453612    -0.4448462    -0.4368503    -0.4278535    -0.4153567    -0.3952965    -0.3687726    -0.3391912    -0.3071713    -0.2733104    -0.2379907    -0.2015449     -0.164293
    -0.1266198 -8.908147E-02 -4.683524E-02 -3.726898E-03     0.0394025  8.239023E-02      0.125149     0.1675439     0.2093219     0.2500722     0.2843112     0.3123643     0.3387409     0.3589746     0.3740712     0.3879566      0.400524     0.4116886     0.4213953     0.4296248
     0.4380927     0.4463571     0.4511827     0.4521565     0.4504543     0.4467928     0.4417885      0.430062     0.4017707     0.3675279             0
             0    -0.5260722    -0.5403678    -0.5471408    -0.5503137    -0.5511361    -0.5482676     -0.541177    -0.5330826    -0.5248485    -0.5148048    -0.5000166    -0.4749117    -0.4406109    -0.4021976    -0.3610334    -0.3182352    -0.2744019    -0.2299238    -0.1850875
    -0.1402042 -9.575883E-02 -4.585239E-02  5.186342E-03  5.662311E-02     0.1085365     0.1611094      0.214476     0.2686105     0.3232168     0.3707886     0.4107818     0.4491818      0.478934     0.5010239     0.5209567     0.5382849      0.552609     0.5636414     0.5712724
     0.5766869     0.5765255     0.5682787     0.5548784     0.5394502     0.5235149     0.5078915     0.4781554     0.4268267     0.3785735             0
             0    -0.5538679    -0.5794937    -0.5960928    -0.6072128    -0.6171432    -0.6236587    -0.6232874    -0.6178828     -0.610193    -0.5988928    -0.5805128    -0.5473729    -0.5020654    -0.4528102    -0.4018575     -0.350619    -0.2995819    -0.2489092    -0.1986445
    -0.1488807 -9.992425E-02 -4.508372E-02     0.0111036  6.810639E-02     0.1263342     0.1863984     0.2489901     0.3148022     0.3844299     0.4489318     0.5062373     0.5647433     0.6129869     0.6500589      0.684218     0.7136824     0.7364227     0.7505746     0.7552119
     0.7502022     0.7264184     0.6890272     0.6496927     0.6137359      0.582312     0.5551968     0.5085713     0.4406775     0.3842134             0
             0    -0.5666435     -0.598745     -0.621884    -0.6390326     -0.657147    -0.6742436    -0.6842895    -0.6847773    -0.6791164    -0.6654617    -0.6407751    -0.5966081    -0.5399584     -0.481705    -0.4238471     -0.367335    -0.3121864    -0.2582065    -0.2051813
    -0.1530184    -0.1018904 -4.469449E-02  1.396017E-02  7.367562E-02     0.1350743     0.1990684     0.2667964     0.3396439      0.419313     0.4967851     0.5692466     0.6483959     0.7195987     0.7781909     0.8363407     0.8901608     0.9332182     0.9565223     0.9519349
     0.9210775      0.853682     0.7770423     0.7105927     0.6569914     0.6141701      0.579585     0.5231099     0.4468747     0.3866493             0
             0    -0.5737877    -0.6099248    -0.6375369    -0.6592289    -0.6844431     -0.713007    -0.7394625    -0.7555462    -0.7603694    -0.7360474    -0.6955315    -0.6346084    -0.5660573    -0.5002415    -0.4373336    -0.3772943    -0.3195542    -0.2635724    -0.2089218
    -0.1553722    -0.1030034 -4.446764E-02  1.559324E-02     0.0768683     0.1401188     0.2064622     0.2773617     0.3547527     0.4413244     0.5285363     0.6135399     0.7120817     0.8088355     0.8953562     0.9910413      1.093025      1.190842      1.255111       1.21029
      1.110784     0.9691232     0.8451975     0.7528688     0.6848755     0.6337273     0.5941015     0.5314043     0.4502936     0.3879703             0
             0    -0.5774671    -0.6158388    -0.6461238     -0.670803    -0.7014682    -0.7416449     -0.795527    -0.8679132    -0.9914098    -0.8483192    -0.7513792    -0.6628481    -0.5824563    -0.5109481    -0.4447835    -0.3826593    -0.3234641    -0.2663932    -0.2108762
    -0.1565973    -0.1035808 -4.434796E-02  1.644551E-02  7.853781E-02      0.142769     0.2103767      0.283023     0.3630021     0.4537077     0.5472161     0.6411137     0.7552919     0.8767919     0.9958893      1.147076      1.347526      1.627451      2.042451      1.651736
      1.333562      1.068027     0.8928344     0.7790341     0.7009267     0.6445128     0.6019118     0.5357327      0.452039     0.3886375             0
