0
2
5
6
10
14
15
20
21
25
28
30
35
40
42
45
50
55
56
60
65
70
75
80
85
90
95
98
100
105
110
112
115
120
125
126
130
135
140
145
150
155
160
161
165
170
175
180
185
190
195
196
200
205
210
215
220
224
225
230
235
240
245
250
252
255
260
265
270
275
280
285
290
295
300
305
308
310
315
320
325
330
335
336
340
345
350
355
360
364
365
370
375
380
385
390
392
395
400
405
410
415
420
425
430
435
440
445
450
455
460
465
470
475
480
485
490
495
500
505
510
515
518
520
525
530
535
540
545
546
550
555
560
565
570
574
575
580
585
590
595
600
605
609
610
615
620
625
630
635
640
644
645
650
655
660
665
670
672
675
680
685
690
695
700
705
710
715
720
725
728
730
735
740
745
750
755
756
760
765
770
775
780
785
790
791
795
800
805
810
815
820
825
826
830
835
840
845
850
854
