 51            10 
             0     0.0175207  1.874857E-02  1.943175E-02  1.994624E-02  2.052714E-02  2.117592E-02  2.180229E-02     0.0222804  2.267892E-02  2.309316E-02  2.363019E-02     0.0244213  2.538259E-02  2.639775E-02  2.746323E-02  2.857527E-02  2.972987E-02  3.092289E-02  3.214998E-02
  3.340666E-02  3.468829E-02  3.599009E-02  3.730717E-02  3.863453E-02  3.996719E-02  4.130021E-02  4.262875E-02  4.394806E-02     0.0452536  4.638008E-02  4.733339E-02     0.0482728  4.904274E-02  4.965125E-02  5.025189E-02  5.084426E-02  5.142796E-02  5.200262E-02     0.0525679
  5.326234E-02      0.054208  5.524626E-02  5.624004E-02  5.718761E-02  5.808754E-02  5.893862E-02  6.054111E-02  6.345031E-02  6.571808E-02             0
             0  1.738842E-02  1.861783E-02  1.930461E-02  1.982223E-02  2.040695E-02  2.106024E-02  2.169118E-02  2.217288E-02  2.257444E-02     0.0229919  2.353319E-02     0.0243307  2.529997E-02  2.632375E-02  2.739843E-02  2.852022E-02  2.968505E-02  3.088872E-02     0.0321268
  3.339473E-02  3.468778E-02  3.600109E-02  3.732967E-02  3.866842E-02  4.001227E-02  4.135617E-02  4.269516E-02  4.402444E-02  4.533935E-02  4.647344E-02  4.743286E-02  4.837793E-02     0.0491522  4.976396E-02  5.036763E-02  5.096281E-02  5.154909E-02  5.212611E-02  5.269352E-02
  5.339034E-02  5.433873E-02  5.537925E-02  5.637443E-02  5.732263E-02  5.822245E-02  5.907277E-02  6.067257E-02  6.357002E-02  6.581289E-02             0
             0  1.532856E-02  1.657848E-02  1.731928E-02  1.788427E-02  1.852732E-02  1.924996E-02  1.995138E-02  2.048873E-02  2.093763E-02  2.140524E-02  2.201271E-02  2.291011E-02  2.400429E-02  2.516319E-02  2.638255E-02  2.765776E-02  2.898384E-02  3.035549E-02  3.176718E-02
  3.321306E-02  3.468709E-02  3.618295E-02  3.769412E-02  3.921393E-02  4.073565E-02  4.225261E-02  4.375821E-02  4.524605E-02  4.670995E-02  4.796481E-02  4.902097E-02  5.005553E-02  5.089799E-02  5.156079E-02     0.0522119  5.285084E-02  5.347719E-02  5.409055E-02  5.469054E-02
  5.542343E-02  5.641262E-02  5.748535E-02  5.849904E-02  5.945294E-02  6.034676E-02  6.118061E-02  6.272916E-02  6.542435E-02  6.726389E-02             0
             0  1.368598E-02  1.492821E-02  1.569823E-02  1.629195E-02  1.697316E-02      0.017744  1.849684E-02  1.907604E-02  1.956121E-02  2.006788E-02  2.072767E-02  2.170563E-02  2.290276E-02      0.024175  2.551742E-02  2.692455E-02  2.839049E-02  2.990896E-02  3.147334E-02
  3.307669E-02  3.471179E-02  3.637109E-02  3.804672E-02  3.973056E-02  4.141437E-02  4.308978E-02  4.474851E-02  4.638232E-02  4.798319E-02  4.934842E-02  5.049222E-02  5.160677E-02  5.250901E-02  5.321577E-02  5.390687E-02  5.458172E-02  5.523983E-02  5.588076E-02  5.650413E-02
  5.726102E-02  5.827305E-02  5.935618E-02  6.036578E-02  6.130264E-02     0.0621682  6.296438E-02  6.442243E-02  6.685888E-02  6.830616E-02             0
             0  1.258272E-02  1.379998E-02  1.457788E-02  1.518316E-02  1.588288E-02  1.668005E-02  1.746351E-02  1.806888E-02  1.857734E-02  1.910968E-02  1.980456E-02  2.083787E-02  2.210745E-02  2.346077E-02  2.489211E-02  2.639519E-02  2.796322E-02  2.958911E-02  3.126543E-02
  3.298455E-02  3.473853E-02     0.0365191  3.831764E-02  4.012515E-02     0.0419324  4.372991E-02  4.550799E-02  4.725685E-02  4.896666E-02  5.042009E-02  5.163388E-02     0.0528119  5.376091E-02  5.450154E-02  5.522276E-02  5.592386E-02  5.660421E-02  5.726331E-02  5.790077E-02
  5.867022E-02  5.968949E-02  6.076623E-02  6.175658E-02  6.266344E-02  6.349047E-02  6.424177E-02  6.560118E-02  6.780147E-02  6.895316E-02             0
             0  1.186363E-02  1.305112E-02  1.382557E-02  1.443258E-02  1.513891E-02  1.594862E-02     0.0167491  1.737019E-02  1.789318E-02  1.844206E-02  1.916008E-02  2.023097E-02  2.155094E-02  2.296131E-02  2.445551E-02  2.602636E-02  2.766631E-02     0.0293676  3.112231E-02
     0.0329224  3.475964E-02     0.0366255  3.851106E-02  4.040703E-02  4.230371E-02  4.419105E-02  4.605855E-02  4.789529E-02  4.968994E-02  5.121328E-02  5.248304E-02  5.371203E-02  5.469842E-02  5.546585E-02  5.621049E-02  5.693137E-02  5.762768E-02  5.829882E-02  5.894437E-02
  5.971905E-02  6.073584E-02  6.179644E-02  6.275988E-02  6.363181E-02  6.441846E-02  6.512607E-02  6.639504E-02  6.840621E-02  6.935176E-02             0
             0  1.149163E-02  1.265712E-02  1.342513E-02  1.402971E-02  1.473618E-02  1.554948E-02  1.635695E-02  1.698538E-02  1.751557E-02      0.018073     0.0188034  1.989503E-02  2.124339E-02  2.268609E-02  2.421575E-02  2.582455E-02     0.0275044  2.924719E-02  3.104477E-02
  3.288899E-02  3.477156E-02  3.668398E-02  3.861734E-02  4.056234E-02  4.250927E-02  4.444795E-02  4.636766E-02  4.825702E-02  5.010392E-02     0.0516716  5.297764E-02  5.424028E-02  5.525159E-02  5.603687E-02  5.679695E-02  5.753054E-02     0.0582366  5.891435E-02  5.956334E-02
  6.033845E-02  6.134824E-02  6.239138E-02  6.333072E-02     0.0641745  6.493104E-02  6.560805E-02  6.681687E-02  6.871561E-02  6.955018E-02             0
             0  1.133004E-02  1.248452E-02     0.0132486  1.385127E-02  1.455688E-02  1.537087E-02  1.618079E-02  1.681217E-02     0.0173454  1.790657E-02  1.864252E-02  1.974364E-02     0.0211051  2.256266E-02  2.410853E-02  2.573452E-02  2.743233E-02  2.919368E-02  3.101036E-02
  3.287419E-02     0.0347769  3.671001E-02  3.866467E-02  4.063162E-02     0.0426012  4.456325E-02  4.650699E-02  4.842092E-02  5.029269E-02  5.188196E-02  5.320599E-02  5.448563E-02  5.550978E-02  5.630435E-02  5.707248E-02  5.781265E-02  5.852361E-02  5.920444E-02  5.985464E-02
  6.062898E-02  6.163348E-02  6.266576E-02  6.359135E-02  6.441998E-02  6.516098E-02  6.582275E-02  6.700238E-02  6.884936E-02  6.963495E-02             0
             0  1.124215E-02  1.239026E-02  1.315186E-02  1.375322E-02  1.445806E-02  1.527214E-02  1.608318E-02  1.671606E-02  1.725092E-02  1.781414E-02  1.855318E-02  1.965964E-02     0.0210285  2.249443E-02  2.404935E-02     0.0256849  2.739266E-02  2.916425E-02  3.099145E-02
  3.286606E-02  3.477984E-02  3.672433E-02  3.869072E-02  4.066978E-02  4.265191E-02  4.462694E-02  4.658414E-02  4.851194E-02     0.0503979  5.199964E-02  5.333421E-02  5.462396E-02  5.565587E-02  5.645611E-02  5.722919E-02  5.797342E-02  5.868737E-02  5.936999E-02     0.0600207
  6.079419E-02  6.179482E-02  6.281993E-02  6.373688E-02     0.0645563     0.0652881  6.594099E-02  6.710388E-02  6.892193E-02  6.968069E-02             0
             0  1.119769E-02  1.234243E-02  1.310267E-02  1.370327E-02  1.440761E-02  1.522161E-02  1.603312E-02  1.666673E-02  1.720239E-02  1.776666E-02     0.0185073  1.961655E-02  2.098927E-02  2.245952E-02  2.401912E-02  2.565959E-02  2.737243E-02  2.914926E-02  3.098182E-02
  3.286193E-02  3.478134E-02  3.673163E-02  3.870399E-02  4.068924E-02  4.267778E-02  4.465949E-02  4.662361E-02  4.855861E-02  5.045197E-02     0.0520603  5.340049E-02     0.0546957  5.573188E-02  5.653527E-02  5.731115E-02     0.0580577  5.877336E-02  5.945695E-02  6.010785E-02
  6.088065E-02  6.187881E-02  6.289972E-02  6.381182E-02  6.462623E-02     0.0653531     0.0660013  6.715543E-02     0.0689586  6.970372E-02             0
