 51            10 
             0 -2.312965E-03  -7.56179E-04  4.341029E-04  1.363857E-03  2.428083E-03  3.624147E-03  4.783099E-03   5.66947E-03  6.409086E-03   7.17862E-03  8.177137E-03  9.649713E-03  1.144136E-02  1.333542E-02  1.532516E-02  1.740341E-02     0.0195626  2.179481E-02  2.409182E-02
     0.0264451  2.884585E-02      0.031285  3.375315E-02  3.624075E-02  3.873825E-02  4.123621E-02  4.372537E-02  4.619672E-02  4.864161E-02  5.075049E-02  5.253471E-02  5.429238E-02  5.573248E-02  5.687039E-02  5.799333E-02  5.910052E-02  6.019125E-02  6.126481E-02  6.232055E-02
  6.361716E-02  6.538209E-02  6.731876E-02  6.917138E-02  7.093684E-02  7.261257E-02  7.419653E-02  7.717774E-02     0.0825942  8.762684E-02             0
             0 -2.580869E-03 -1.016098E-03  1.816265E-04  1.117603E-03   2.18937E-03  3.394338E-03  4.562299E-03  5.455765E-03  6.201408E-03  6.977318E-03  7.984241E-03  9.469483E-03  1.127694E-02  1.318807E-02  1.519607E-02  1.729365E-02  1.947314E-02  2.172649E-02  2.404531E-02
  2.642092E-02  2.884436E-02  3.130637E-02  3.379735E-02  3.630758E-02  3.882729E-02  4.134685E-02  4.385679E-02  4.634793E-02  4.881143E-02  5.093541E-02  5.273173E-02  5.450063E-02  5.594932E-02  5.709367E-02     0.0582226  5.933535E-02  6.043118E-02     0.0615094  6.256934E-02
  6.387064E-02  6.564096E-02  6.758203E-02  6.943736E-02  7.120397E-02  7.287942E-02  7.446178E-02  7.743747E-02  8.283024E-02  8.781432E-02             0
             0 -6.753841E-03 -5.071979E-03  -3.76235E-03 -2.732004E-03 -1.545029E-03 -2.031904E-04  1.103983E-03  2.107419E-03  2.946664E-03  3.821787E-03  4.959696E-03  6.642777E-03  8.697754E-03  1.087682E-02  1.317182E-02  1.557387E-02  1.807342E-02  2.066034E-02  2.332394E-02
  2.605308E-02  2.883612E-02  3.166095E-02  3.451493E-02  3.738512E-02  4.025851E-02  4.312215E-02  4.596331E-02  4.876961E-02  5.152919E-02  5.389309E-02     0.0558815  5.782799E-02  5.941193E-02  6.065743E-02  6.188033E-02  6.307971E-02  6.425477E-02  6.540474E-02  6.652895E-02
  6.790125E-02  6.975158E-02  7.175531E-02  7.364593E-02  7.542229E-02  7.708416E-02  7.863212E-02  8.150262E-02  8.648697E-02  9.068188E-02             0
             0    -0.0100922 -8.366754E-03 -6.996349E-03 -5.909257E-03 -4.647363E-03 -3.210744E-03 -1.802082E-03 -7.158344E-04  1.952522E-04  1.147849E-03  2.389648E-03  4.232898E-03  6.492861E-03  8.897829E-03  1.143825E-02  1.410354E-02  1.688229E-02  1.976233E-02  2.273086E-02
  2.577452E-02     0.0288794  3.203091E-02  3.521373E-02  3.841201E-02  4.160964E-02  4.479039E-02  4.793804E-02  5.103657E-02  5.407036E-02  5.665516E-02  5.881893E-02  6.092538E-02  6.262873E-02      0.063962  6.526461E-02  6.653547E-02     0.0677736  6.897819E-02  7.014853E-02
  7.156796E-02     0.0734625  7.548507E-02  7.736534E-02  7.910533E-02  8.070835E-02     0.0821787  8.486388E-02  8.932387E-02  9.274443E-02             0
             0 -1.234082E-02 -1.062804E-02  -9.24163E-03 -8.132739E-03 -6.835525E-03 -5.347858E-03 -3.879137E-03 -2.741202E-03 -1.783947E-03 -7.803033E-04  5.314211E-04  2.485315E-03  4.890515E-03  7.458239E-03  1.017732E-02     0.0130354  1.601927E-02  1.911507E-02  2.230845E-02
  2.558462E-02     0.0289283  3.232354E-02  3.575348E-02     0.0392006  4.264682E-02  4.607363E-02  4.946211E-02  5.279307E-02  5.604717E-02  5.881051E-02  6.111599E-02  6.335095E-02     0.0651489  6.655058E-02  6.791396E-02  6.923758E-02  7.052025E-02  7.176098E-02  7.295906E-02
  7.440275E-02  7.630999E-02  7.831699E-02  8.015548E-02  8.183198E-02  8.335446E-02  8.473167E-02  8.721338E-02  9.119218E-02  9.402594E-02             0
             0 -1.380987E-02 -1.213472E-02 -1.075663E-02 -9.646263E-03 -8.338038E-03 -6.827292E-03 -5.325818E-03 -4.157062E-03 -3.171029E-03  -2.13442E-03   -7.7625E-04  1.253464E-03  3.760759E-03  6.444288E-03   9.29092E-03  1.228641E-02     0.0154159  1.866418E-02  2.201589E-02
  2.545552E-02  2.896725E-02  3.253469E-02  3.614049E-02  3.976655E-02  4.339401E-02  4.700327E-02  5.057387E-02  5.408437E-02  5.751244E-02  6.041963E-02     0.0628406     0.0651809  6.705617E-02  6.851324E-02  6.992489E-02  7.128912E-02  7.260429E-02  7.386918E-02  7.508298E-02
  7.653595E-02  7.843538E-02  8.040556E-02  8.218506E-02  8.378643E-02  8.522315E-02  8.650856E-02  8.880167E-02  9.239294E-02  9.481592E-02             0
             0 -1.457128E-02 -1.293031E-02 -1.156718E-02 -1.046376E-02 -9.157583E-03 -7.641817E-03 -6.127797E-03 -4.944952E-03 -3.944735E-03 -2.890966E-03 -1.507655E-03  5.646824E-04  3.130676E-03  5.880982E-03  8.800658E-03  1.187398E-02  1.508499E-02  1.841777E-02  2.185655E-02
  2.538565E-02  2.898925E-02  3.265106E-02  3.635382E-02  4.007955E-02  4.380943E-02  4.752378E-02  5.120179E-02  5.482126E-02  5.835842E-02  6.135911E-02  6.385715E-02  6.626945E-02  6.819844E-02  6.969409E-02  7.113909E-02  7.253065E-02  7.386649E-02  7.514495E-02  7.636508E-02
  7.781715E-02  7.969835E-02  8.162728E-02  8.335201E-02  8.489104E-02  8.626235E-02  8.748233E-02  8.964839E-02  9.300808E-02  9.520933E-02             0
             0 -1.490233E-02    -0.0132795 -1.192557E-02    -0.0108273 -9.524367E-03 -8.008751E-03 -6.490901E-03 -5.302622E-03 -4.296471E-03 -3.235133E-03 -1.840353E-03  2.519333E-04  2.845564E-03  5.627071E-03  8.580489E-03  1.168936E-02  1.493725E-02  1.830799E-02  2.178568E-02
  2.535462E-02  2.899909E-02  3.270291E-02  3.644898E-02  4.021943E-02  4.399562E-02  4.775797E-02  5.148569E-02     0.0551565  5.874621E-02  6.179322E-02  6.433042E-02  6.678037E-02  6.873826E-02  7.025503E-02  7.171848E-02  7.312515E-02  7.447208E-02     0.0757571  7.697911E-02
     0.0784279     0.0802945  8.219641E-02  8.388874E-02  8.539337E-02  8.673038E-02  8.791737E-02  9.002136E-02  9.327415E-02  9.537743E-02             0
             0 -1.508244E-02 -1.347041E-02    -0.0121223 -1.102752E-02  -9.72717E-03  -8.21253E-03 -6.693297E-03 -5.502378E-03 -4.493101E-03 -3.427574E-03 -2.026277E-03  7.750868E-05  2.687014E-03  5.486268E-03  8.458692E-03  1.158743E-02  1.485582E-02  1.824754E-02  2.174668E-02
  2.533756E-02  2.900451E-02  3.273145E-02  3.650138E-02  4.029654E-02  4.409841E-02  4.788751E-02  5.164316E-02  5.534305E-02  5.896296E-02  6.203706E-02  6.459758E-02  6.707045E-02  6.904645E-02  7.057673E-02  7.205223E-02  7.346892E-02  7.482318E-02  7.611226E-02  7.733472E-02
  7.878001E-02  8.063515E-02  8.251841E-02  8.418982E-02     0.0856732  8.698968E-02  8.815736E-02  9.022559E-02  9.341855E-02  9.546814E-02             0
             0 -1.517359E-02 -1.356734E-02 -1.222246E-02 -1.112969E-02 -9.830983E-03 -8.317238E-03 -6.797669E-03 -5.605601E-03 -4.594804E-03 -3.527106E-03 -2.122336E-03 -1.238191E-05   2.60554E-03  5.414088E-03  8.396374E-03  1.153536E-02  1.481425E-02  1.821671E-02     0.0217268
  2.532887E-02  2.900727E-02  3.274599E-02     0.0365281  4.033588E-02     0.0441509  4.795375E-02  5.172382E-02  5.543885E-02     0.0590746  6.216313E-02  6.473627E-02  6.722181E-02  6.920815E-02  7.074635E-02  7.222917E-02  7.365219E-02  7.501125E-02  7.630289E-02  7.752506E-02
  7.896716E-02  8.081426E-02  8.268604E-02  8.434544E-02  8.581708E-02  8.712247E-02  8.827989E-02  9.032938E-02  9.349152E-02  9.551381E-02             0
