 51            10 
             0    -0.2570606    -0.2479911    -0.2408156    -0.2351656    -0.2286578    -0.2212977    -0.2141204    -0.2086051    -0.2039887    -0.1991712    -0.1929024    -0.1836213    -0.1722813    -0.1602599    -0.1476172    -0.1344154    -0.1207113      -0.10657 -9.207293E-02
 -7.735271E-02 -6.284571E-02 -4.827966E-02 -3.059073E-02 -1.318937E-02  3.924852E-03  2.074583E-02  3.725407E-02     0.0534141  6.917495E-02  8.255962E-02     0.0937327     0.1045686     0.1132815     0.1200638     0.1266413      0.132995     0.1391034     0.1449418     0.1504817
     0.1569942     0.1666912      0.177441     0.1886982     0.2005159     0.2109727     0.2203078     0.2370549     0.2645921     0.2873481             0
             0    -0.2622272    -0.2531112    -0.2458522    -0.2401495    -0.2336004    -0.2261777    -0.2189183    -0.2133272    -0.2086395    -0.2037388    -0.1973491    -0.1878595     -0.176228    -0.1638678    -0.1508745    -0.1373398    -0.1232665    -0.1087043 -9.373704E-02
 -7.850255E-02 -6.337204E-02 -4.700594E-02 -2.903429E-02 -1.162673E-02  5.526792E-03  2.245844E-02  3.916378E-02  5.560467E-02  7.172197E-02  8.548079E-02  9.701977E-02     0.1082769     0.1173994      0.124548     0.1315375     0.1383592     0.1450046     0.1514563     0.1576768
     0.1650593     0.1756714     0.1868594     0.1976547     0.2077774     0.2169954     0.2254989     0.2411497     0.2675884     0.2894014             0
             0    -0.3401684     -0.330602    -0.3224486     -0.315842    -0.3080269    -0.2989151    -0.2897637    -0.2825834    -0.2764931    -0.2700555    -0.2615749    -0.2487999    -0.2328813    -0.2157359    -0.1975185    -0.1783872    -0.1583758    -0.1375834     -0.116157
 -9.431923E-02 -7.262652E-02 -4.918234E-02 -2.349059E-02  1.320592E-03  2.567013E-02     0.0495721  7.298245E-02  9.580349E-02     0.1179032     0.1364788     0.1518395     0.1665801     0.1783001     0.1873544     0.1960706     0.2044353     0.2124367     0.2200549     0.2272488
     0.2355987     0.2471431     0.2587124     0.2691994     0.2784413     0.2862896     0.2930097     0.3044263     0.3189761     0.3232443             0
             0    -0.4172316    -0.4112831    -0.4047101      -0.39883    -0.3912596    -0.3817472    -0.3715489    -0.3632004     -0.355939    -0.3480875    -0.3375328    -0.3212139    -0.3003217    -0.2773927    -0.2527274    -0.2266497    -0.1992826    -0.1708164    -0.1414849
    -0.1116072 -8.194787E-02 -4.992687E-02 -1.481195E-02  1.914321E-02  5.252083E-02  8.533376E-02     0.1174951     0.1488168     0.1790313     0.2042163     0.2248267     0.2443114     0.2594883     0.2710119     0.2818788     0.2920566     0.3015214     0.3102464     0.3181898
     0.3270377      0.338367      0.348521      0.356425     0.3622563      0.366152     0.3685314     0.3708264     0.3658031       0.34955             0
             0    -0.4798232    -0.4822919      -0.48072    -0.4779872    -0.4730717    -0.4653513    -0.4556264    -0.4469014     -0.438927    -0.4299384    -0.4174333    -0.3973172    -0.3706712    -0.3409313    -0.3087541    -0.2748206    -0.2394265    -0.2028814    -0.1654894
    -0.1276172 -9.016407E-02 -4.980958E-02 -5.474277E-03  3.760665E-02  8.028295E-02     0.1226669     0.1647134     0.2061923     0.2466884     0.2807343     0.3086429      0.334903     0.3550697     0.3701301     0.3839964     0.3965628     0.4077493     0.4174974      0.425763
     0.4341802      0.443022     0.4484343     0.4499217     0.4485678     0.4451583     0.4403482     0.4289236     0.4009908     0.3668182             0
             0    -0.5275353    -0.5423004    -0.5494866    -0.5529358    -0.5540861    -0.5515554    -0.5447065    -0.5367226    -0.5285338    -0.5184876    -0.5036347     -0.478318    -0.4436437    -0.4048166    -0.3632521    -0.3202195    -0.2761918    -0.2315215    -0.1864704
    -0.1413271 -9.698488E-02 -4.935373E-02  3.090906E-03  5.441465E-02     0.1058762     0.1578782     0.2106469     0.2641665     0.3181156      0.365049     0.4044558      0.442249     0.4715111     0.4932389      0.512861     0.5299575     0.5441706     0.5552502     0.5631061
      0.569012     0.5699797     0.5633639     0.5511218     0.5364168      0.521125     0.5059496     0.4768146     0.4260319     0.3778724             0
             0    -0.5554885     -0.581923    -0.5993644     -0.611119    -0.6218647      -0.62932    -0.6296942     -0.624629    -0.6170527    -0.6056919    -0.5870273    -0.5531684    -0.5068458    -0.4566421     -0.404864    -0.3531322    -0.3017318    -0.2507522    -0.2001921
     -0.150111    -0.1012611 -4.894575E-02   8.75455E-03  6.558469E-02     0.1232328     0.1825287     0.2442322     0.3089947     0.3773005     0.4402698     0.4959444     0.5524619     0.5987707     0.6342084     0.6667464     0.6947753     0.7165401     0.7305037     0.7360055
     0.7334308     0.7129236     0.6799152     0.6433961      0.609009     0.5789341     0.5526645     0.5070376     0.4398663     0.3835166             0
             0    -0.5683495    -0.6014839    -0.6258083    -0.6439344    -0.6634257    -0.6823223    -0.6940433     -0.695321    -0.6898265    -0.6760618    -0.6506423    -0.6048172    -0.5462588    -0.4864675     -0.427399    -0.3701848    -0.3145508    -0.2601885     -0.206819
    -0.1543061    -0.1032838 -4.873266E-02  1.148422E-02  7.099376E-02     0.1317408     0.1948487     0.2614994     0.3329819      0.410777     0.4858401     0.5554693     0.6307173     0.6974965     0.7518497     0.8051274      0.853806     0.8924243     0.9138675     0.9124147
     0.8897507     0.8313417     0.7634085     0.7020041     0.6509023     0.6100776     0.5766608     0.5214652     0.4460542     0.3859541             0
             0    -0.5755454    -0.6128658    -0.6419209    -0.6648823     -0.692026    -0.7234096     -0.752818    -0.7695034    -0.7719563    -0.7500622    -0.7090009    -0.6451318    -0.5736263    -0.5057041    -0.4412664    -0.3803667    -0.3220552    -0.2656405     -0.210614
    -0.1566943    -0.1044299 -4.860703E-02  1.304354E-02  7.409232E-02     0.1366468     0.2020289     0.2717253     0.3475281     0.4318033     0.5158603     0.5968831     0.6894041     0.7783824     0.8564581     0.9407504      1.027846      1.108137      1.158642      1.129427
      1.056369     0.9365675      0.827198     0.7423846     0.6777467     0.6291258     0.5909123     0.5296902     0.4494675     0.3872761             0
             0    -0.5792528    -0.6188954    -0.6507884    -0.6769469    -0.7099999    -0.7539651     -0.811152    -0.8712471    -0.9176584    -0.8517107    -0.7671167     -0.675279    -0.5909469     -0.516867    -0.4489476    -0.3858607    -0.3260418    -0.2685087    -0.2125981
    -0.1579378     -0.105025 -4.854034E-02  1.385693E-02  7.571186E-02     0.1392227     0.2058269     0.2771972     0.3554528     0.4435884     0.5334118     0.6224155      0.728616      0.838531     0.9432711      1.071165      1.231563      1.437979      1.708532      1.463484
      1.240727      1.024608     0.8711653     0.7672153     0.6931196     0.6395987     0.5985668     0.5339802     0.4512098     0.3879437             0
