 51            10 
             0    -0.2569933    -0.2479277    -0.2407549    -0.2351056    -0.2285969    -0.2212355    -0.2140573    -0.2085416    -0.2039252    -0.1991079    -0.1928398    -0.1835607    -0.1722244    -0.1602077    -0.1475695    -0.1343714    -0.1206745     -0.106549 -9.208439E-02
 -7.741754E-02 -6.274992E-02 -4.588639E-02 -2.893951E-02 -1.200175E-02   4.84356E-03  2.152492E-02  3.797878E-02  5.414546E-02  6.996693E-02  8.345892E-02  9.477042E-02     0.1058069     0.1147579     0.1217807     0.1286608      0.135394     0.1419769     0.1484071     0.1546831
     0.1623346     0.1726406     0.1837938     0.1943132     0.2041856     0.2133931     0.2219338     0.2376973     0.2646452     0.2873723             0
             0    -0.2621239    -0.2530081    -0.2457608    -0.2400583    -0.2334945    -0.2260587    -0.2187896    -0.2131921    -0.2085001     -0.203596    -0.1972043    -0.1877187    -0.1760987    -0.1637587    -0.1507789    -0.1372346    -0.1231618     -0.108619 -9.369731E-02
 -7.854474E-02 -6.339923E-02 -4.630692E-02 -2.887249E-02 -1.148645E-02  5.747346E-03  2.277589E-02  3.955686E-02  5.604246E-02     0.0721765  8.593198E-02  9.745854E-02     0.1086946      0.117794     0.1249233     0.1318952     0.1387035     0.1453424      0.151808     0.1580987
     0.1657511     0.1761004     0.1873045     0.1979041      0.207865      0.217077     0.2255703     0.2411769     0.2675392     0.2892795             0
             0    -0.3400238    -0.3304487    -0.3223027    -0.3156926    -0.3078563    -0.2987249    -0.2895583    -0.2823682     -0.276271    -0.2698283    -0.2613447    -0.2485756    -0.2326754    -0.2155617    -0.1973677    -0.1782268     -0.158219    -0.1374558    -0.1160939
 -9.437016E-02 -7.264917E-02 -4.815976E-02 -2.322634E-02  1.565882E-03  2.604011E-02  5.008832E-02  7.361266E-02  9.650213E-02     0.1186292     0.1372024     0.1525469     0.1672586     0.1789459     0.1879721     0.1966616     0.2050032     0.2129879     0.2206097      0.227867
     0.2364925     0.2477257     0.2592529     0.2695215     0.2785847     0.2864087     0.2931023     0.3044472     0.3188747     0.3230945             0
             0    -0.4169961    -0.4109912    -0.4043911    -0.3984888    -0.3908769    -0.3813244    -0.3710957    -0.3627293    -0.3554565    -0.3475978    -0.3370409    -0.3207377    -0.2998881    -0.2770237    -0.2524164    -0.2263463    -0.1989999    -0.1705843    -0.1413459
    -0.1116204 -8.190507E-02 -4.842003E-02 -1.431112E-02  1.964669E-02  5.322532E-02  8.627359E-02     0.1186312     0.1500909     0.1803894     0.2056115     0.2262326      0.245707      0.260859     0.2723566     0.2831947     0.2933435     0.3027802     0.3114901     0.3194689
     0.3285418     0.3394729     0.3494265     0.3570337     0.3626439     0.3664525     0.3687568     0.3709092     0.3656733     0.3493767             0
             0    -0.4794424    -0.4817177    -0.4800048    -0.4771829    -0.4721555    -0.4643251    -0.4545215    -0.4457564    -0.4377611    -0.4287648    -0.4162687    -0.3962094    -0.3696864    -0.3401059    -0.3080869    -0.2742268    -0.2389079    -0.2024627    -0.1652116
     -0.127539 -9.000118E-02 -4.775548E-02  -4.64762E-03  3.848136E-02  8.146873E-02     0.1242272     0.1666218     0.2083997     0.2491498     0.2833889     0.3114419     0.3378186     0.3580524      0.373149     0.3870346     0.3996021     0.4107668     0.4204736     0.4287032
     0.4371714     0.4454361     0.4502623     0.4512366     0.4495351     0.4458743     0.4408709     0.4291461     0.4008599     0.3666302             0
             0    -0.5269704    -0.5412705    -0.5480456    -0.5512197    -0.5520435    -0.5491762    -0.5420865    -0.5339929    -0.5257592    -0.5157162    -0.5009286    -0.4758246    -0.4415247    -0.4031123     -0.361949    -0.3191516     -0.275319    -0.2308416     -0.186006
    -0.1411233 -9.667854E-02 -4.677262E-02   4.26562E-03  5.570196E-02      0.107615     0.1601876      0.213554     0.2676883     0.3222944     0.3698663     0.4098595     0.4482595     0.4780118     0.5001017     0.5200346      0.537363     0.5516872     0.5627198     0.5703509
     0.5757656     0.5756046     0.5673583     0.5539585     0.5385311     0.5225964     0.5069739     0.4772395     0.4259159     0.3776757             0
             0    -0.5547661    -0.5803964    -0.5969976     -0.608119    -0.6180505    -0.6245672     -0.624197    -0.6187931    -0.6111038    -0.5998042    -0.5814248    -0.5482857    -0.5029793    -0.4537249    -0.4027731    -0.3515354    -0.3004991    -0.2498271     -0.199563
    -0.1497998     -0.100844 -4.600396E-02  1.018288E-02  6.718525E-02     0.1254127     0.1854766     0.2480681       0.31388     0.3835076     0.4480094     0.5053149      0.563821     0.6120647     0.6491367      0.683296     0.7127604     0.7355009      0.749653     0.7542904
      0.749281     0.7254975     0.6881068     0.6487728     0.6128167     0.5813936     0.5542791     0.5076554     0.4397667     0.3833157             0
             0    -0.5675417    -0.5996477    -0.6227888    -0.6399387    -0.6580544    -0.6751522     -0.685199    -0.6856875    -0.6800272     -0.666373    -0.6416871    -0.5975209    -0.5408722    -0.4826197    -0.4247627    -0.3682514    -0.3131035    -0.2591244    -0.2060999
    -0.1539375    -0.1028101 -4.561472E-02  1.303945E-02  7.275447E-02     0.1341528     0.1981466     0.2658743     0.3387217     0.4183907     0.4958628     0.5683243     0.6474736     0.7186765     0.7772686     0.8354186     0.8892388     0.9322963     0.9556006     0.9510134
     0.9201562     0.8527611     0.7761219     0.7096729     0.6560722     0.6132516     0.5786674      0.522194     0.4459639     0.3857515             0
             0    -0.5746859    -0.6108276    -0.6384417     -0.660135    -0.6853504    -0.7139155    -0.7403721    -0.7564565    -0.7612801    -0.7369587    -0.6964435    -0.6355213    -0.5669711    -0.5011562    -0.4382491    -0.3782107    -0.3204714    -0.2644903    -0.2098403
    -0.1562914    -0.1039231 -4.538788E-02  1.467251E-02  7.594715E-02     0.1391973     0.2055404     0.2764396     0.3538305     0.4404021     0.5276139     0.6126176     0.7111595     0.8079132      0.894434     0.9901193      1.092103       1.18992      1.254189      1.209369
      1.109862     0.9682023     0.8442771      0.751949     0.6839564     0.6328089     0.5931839     0.5304884     0.4493828     0.3870726             0
             0    -0.5783653    -0.6167415    -0.6470286    -0.6717091    -0.7023756    -0.7425535    -0.7964365    -0.8688235    -0.9923205    -0.8492305    -0.7522912     -0.663761    -0.5833701    -0.5118628    -0.4456991    -0.3835757    -0.3243812    -0.2673111    -0.2117948
    -0.1575165    -0.1045005 -4.526819E-02  1.552479E-02  7.761667E-02     0.1418475     0.2094549     0.2821009     0.3620799     0.4527854     0.5462937     0.6401913     0.7543696     0.8758696     0.9949671      1.146154      1.346604      1.626529      2.041529      1.650814
      1.332641      1.067106      0.891914     0.7781143     0.7000075     0.6435943     0.6009942     0.5348169     0.4511282     0.3877398             0
