 51            10 
             0    -0.2571408    -0.2480672    -0.2408879    -0.2352374    -0.2287319    -0.2213743    -0.2141988    -0.2086844    -0.2040685    -0.1992511    -0.1929817    -0.1836981    -0.1723532    -0.1603249    -0.1476763    -0.1344703    -0.1207562    -0.1065895 -9.202592E-02
 -7.709708E-02    -0.0617151    -0.0451957 -2.858676E-02 -1.195328E-02  4.628137E-03  2.109004E-02  3.738001E-02  5.344469E-02  6.922722E-02  8.273955E-02  9.410427E-02     0.1052318     0.1142929      0.121424     0.1284346     0.1353241     0.1420938     0.1487465     0.1552858
     0.1633231     0.1738168     0.1849786     0.1953221     0.2048076     0.2137666     0.2221604     0.2377748     0.2647571     0.2876556             0
             0    -0.2623959    -0.2532845    -0.2459975    -0.2402925    -0.2337808    -0.2263857    -0.2191467    -0.2135696    -0.2088923        -0.204    -0.1976163    -0.1881187    -0.1764655    -0.1640591    -0.1510332    -0.1375343    -0.1234663    -0.1088682 -9.380634E-02
 -7.834144E-02 -6.244608E-02    -0.0456857    -0.0287203 -1.166662E-02  5.285531E-03  2.203582E-02  3.861921E-02  5.499681E-02  7.109682E-02  8.486461E-02  9.642458E-02      0.107718     0.1168859     0.1240762     0.1311033     0.1379623     0.1446722     0.1512476     0.1577029
     0.1656463     0.1761266     0.1873869     0.1979514     0.2077143     0.2168834     0.2253912     0.2410975     0.2676305     0.2895443             0
             0    -0.3404068    -0.3308633    -0.3226903    -0.3160875    -0.3083241    -0.2992533    -0.2901334    -0.2829745    -0.2768998     -0.270475    -0.2620034    -0.2492169    -0.2332639    -0.2160469    -0.1977747    -0.1786861    -0.1586764    -0.1378303    -0.1162694
 -9.410712E-02 -7.133139E-02 -4.735208E-02 -2.311616E-02  1.181793E-03  2.524053E-02  4.888194E-02      0.072117  9.484618E-02     0.1169188     0.1355043      0.150891     0.1656775     0.1774545     0.1865608     0.1953231     0.2037309     0.2118054     0.2195624     0.2270184
     0.2359907     0.2474184     0.2590509     0.2693574     0.2782866     0.2861182     0.2928683     0.3043806     0.3190885     0.3234226             0
             0    -0.4176369    -0.4118038    -0.4052813    -0.3994377    -0.3919585    -0.3825279    -0.3723918    -0.3640816    -0.3568458    -0.3490125    -0.3384666     -0.322118    -0.3011433    -0.2780764    -0.2532819    -0.2272224    -0.1998273    -0.1712666    -0.1417399
    -0.1114201 -8.030014E-02 -4.758627E-02 -1.448944E-02  1.873453E-02  5.168133E-02  8.409576E-02     0.1159676     0.1471079     0.1772266     0.2023737     0.2229777     0.2424871     0.2577152     0.2692925     0.2802106     0.2904365     0.2999845     0.3088662     0.3170981
     0.3266092     0.3379212     0.3481621     0.3560638     0.3617714     0.3657463     0.3682211     0.3707036     0.3659562     0.3497585             0
             0    -0.4805028    -0.4833522    -0.4820604    -0.4794864    -0.4747965    -0.4672953    -0.4577289    -0.4490871    -0.4411586    -0.4321911    -0.4196754    -0.3994517    -0.3725628    -0.3425003    -0.3099839    -0.2759523    -0.2404288    -0.2036941    -0.1660083
    -0.1275569 -8.827284E-02 -4.709315E-02 -5.339614E-03  3.677035E-02  7.883396E-02     0.1206133     0.1621596     0.2032409     0.2434144     0.2772121     0.3049328     0.3310457     0.3511418     0.3661751     0.3800309     0.3925939     0.4038338     0.4137326     0.4222975
     0.4313861     0.4405503     0.4462462     0.4482507     0.4472788     0.4442022     0.4396494      0.428621     0.4011488     0.3670459             0
             0    -0.5285664     -0.544238    -0.5522485    -0.5562027    -0.5579906     -0.556123      -0.54975    -0.5419871    -0.5338929    -0.5238498    -0.5088816    -0.4831583    -0.4477431    -0.4080985    -0.3656946    -0.3222667    -0.2778825    -0.2328428    -0.1873465
    -0.1414653 -9.495299E-02 -4.639156E-02  2.966367E-03  5.307885E-02     0.1037082     0.1548196     0.2067381     0.2594222     0.3124914      0.358557     0.3971614     0.4341298     0.4627438     0.4840048     0.5032247     0.5199791      0.534005     0.5451151     0.5532546
     0.5598528     0.5622982      0.556887     0.5465891     0.5335022     0.5191466     0.5045805     0.4762458     0.4261733     0.3781118             0
             0    -0.5568218    -0.5848213    -0.6039498    -0.6168866    -0.6292066    -0.6384847     -0.640285    -0.6358654    -0.6285147    -0.6170523    -0.5978734    -0.5626577    -0.5143418    -0.4622905    -0.4088115    -0.3562019    -0.3041228    -0.2525515    -0.2013854
    -0.1504288 -9.917482E-02 -4.586413E-02  8.417287E-03  6.385792E-02     0.1204802      0.178599     0.2390415     0.3023589     0.3688557     0.4297131     0.4831451     0.5369622     0.5807089     0.6140295        0.6445     0.6706362     0.6910333     0.7044299     0.7102412
       0.70882     0.6936684     0.6652341     0.6339786     0.6036512        0.5756     0.5504954     0.5062113     0.4399873     0.3837614             0
             0     -0.569847    -0.6049823    -0.6316836    -0.6516404    -0.6737676    -0.6960664    -0.7108073     -0.713547    -0.7085619    -0.6944237    -0.6676821    -0.6188884     -0.556676    -0.4939244     -0.432386    -0.3739049    -0.3173595    -0.2622593    -0.2081861
    -0.1547215    -0.1011791    -0.0456016  1.103619E-02     0.0690648      0.128678     0.1904382     0.2555606     0.3251557     0.4003745     0.4721243     0.5378992     0.6079655     0.6691185     0.7183128     0.7659691     0.8089889     0.8430176      0.862247     0.8617092
      0.842379     0.7971713     0.7399986     0.6880256     0.6435505     0.6057569      0.573958     0.5204897     0.4461635     0.3862013             0
             0    -0.5771422    -0.6167561    -0.6487057    -0.6740448    -0.7048358    -0.7413685    -0.7759508    -0.7957185      -0.80031    -0.7764185    -0.7324162    -0.6634015    -0.5864291    -0.5145103    -0.4469768    -0.3845164    -0.3251297    -0.2678794    -0.2120867
    -0.1571686    -0.1023167 -4.544987E-02  1.253003E-02  7.204396E-02     0.1333983     0.1973242     0.2653144     0.3389179     0.4200335     0.4997708     0.5754436     0.6601738     0.7397586     0.8084015     0.8812649     0.9554376      1.023623      1.067311      1.042104
      0.979027     0.8854166     0.7954857     0.7245106     0.6688549     0.6240993     0.5878479     0.5286212     0.4495696     0.3875245             0
             0    -0.5809035    -0.6230103    -0.6581277    -0.6870508    -0.7245526    -0.7752786    -0.8404547    -0.9112589    -0.9965785    -0.8918653    -0.7967014    -0.6968821    -0.6054259    -0.5265414    -0.4550947    -0.3902587    -0.3292655      -0.27084    -0.2141281
    -0.1584439     -0.102908 -4.537023E-02  1.330855E-02  7.359987E-02     0.1358742     0.2009616     0.2705227     0.3463902     0.4309917      0.515793     0.5982995     0.6944531     0.7911572     0.8814344     0.9897362      1.124479      1.301003      1.547025       1.32164
      1.127126     0.9563669     0.8326637     0.7464997     0.6832111     0.6341376     0.5952896     0.5328593      0.451308     0.3881928             0
