 51            10 
             0     -0.256936    -0.2478744    -0.2407039    -0.2350554    -0.2285468    -0.2211854    -0.2140073    -0.2084918    -0.2038757    -0.1990589    -0.1927916    -0.1835141    -0.1721805     -0.160167    -0.1475318    -0.1343366    -0.1206441    -0.1065256 -9.206926E-02
    -0.0774097 -6.320552E-02 -5.109692E-02 -3.093325E-02 -1.252421E-02  5.006356E-03     0.0220137  3.862304E-02  5.485826E-02  7.069903E-02  8.418076E-02  9.547099E-02     0.1064767      0.115396     0.1223909     0.1292408     0.1359418     0.1424905     0.1488841     0.1551207
     0.1627183     0.1729359     0.1839665     0.1943436     0.2040596     0.2131081     0.2214924     0.2369518      0.263258     0.2820459             0
             0    -0.2620436    -0.2529308    -0.2456891    -0.2399867    -0.2334176    -0.2259764    -0.2187031    -0.2131032    -0.2084095    -0.2035045    -0.1971126    -0.1876296    -0.1760162    -0.1636857    -0.1507125    -0.1371674    -0.1230973    -0.1085648 -9.366057E-02
 -7.853238E-02    -0.0638817 -4.618859E-02 -2.832233E-02 -1.085023E-02  6.464637E-03  2.356852E-02  4.040805E-02  5.692801E-02  7.307009E-02  8.681145E-02  9.831469E-02     0.1095189     0.1185876     0.1256916     0.1326388      0.139424     0.1460427     0.1524913     0.1587681
     0.1664024     0.1766796      0.187765     0.1981971     0.2079585     0.2169981     0.2253354     0.2406504     0.2664939     0.2876793             0
             0    -0.3399143    -0.3303382    -0.3221954    -0.3155836     -0.307739     -0.298599    -0.2894258    -0.2822316    -0.2761319    -0.2696876    -0.2612036    -0.2484384    -0.2325486    -0.2154502    -0.1972677    -0.1781277    -0.1581251    -0.1373774    -0.1160401
 -9.434886E-02 -7.333044E-02 -4.795008E-02    -0.0223675  2.581523E-03  2.720725E-02  5.139884E-02  7.504103E-02  9.801079E-02     0.1201763     0.1387479     0.1540713     0.1687453      0.180391     0.1893805     0.1980312     0.2063335     0.2142797     0.2218647     0.2290868
     0.2376657     0.2487804     0.2601226     0.2701583     0.2789507     0.2865282     0.2929928     0.3039074     0.3175924     0.3212974             0
             0    -0.4168318    -0.4108014    -0.4041871    -0.3982729    -0.3906423    -0.3810709    -0.3708282    -0.3624539    -0.3551766    -0.3473156    -0.3367592    -0.3204654    -0.2996387    -0.2768061    -0.2522273    -0.2261692    -0.1988381    -0.1704491    -0.1412461
    -0.1115597 -8.278438E-02 -4.797741E-02 -1.288143E-02  2.138744E-02  5.527048E-02  8.861324E-02     0.1212307     0.1528968     0.1833385     0.2086287     0.2292727     0.2487373     0.2638571     0.2753183     0.2861112     0.2962078     0.3055867      0.314235     0.3221486
     0.3311321     0.3418795     0.3515371     0.3588027     0.3640073     0.3674153     0.3693328      0.370752     0.3643043     0.3473998             0
             0    -0.4791967    -0.4813752    -0.4795912     -0.476721    -0.4716376    -0.4637526    -0.4539105    -0.4451267    -0.4371224     -0.428124     -0.415635     -0.395607     -0.369148    -0.3396478    -0.3077067    -0.2738952    -0.2386213    -0.2022284    -0.1650328
      -0.12741 -9.103826E-02 -4.700986E-02 -2.546913E-03  4.108429E-02  8.457145E-02     0.1278247      0.170676     0.2128426     0.2538926     0.2883043     0.3164446     0.3428484     0.3630588     0.3781159     0.3919448     0.4044427     0.4155287     0.4251512     0.4332933
     0.4416479     0.4497189     0.4541713     0.4547298     0.4524726     0.4482018     0.4425834     0.4296807     0.3995521     0.3645458             0
             0    -0.5266246     -0.540687     -0.547255    -0.5502818    -0.5509369    -0.5478974    -0.5406851    -0.5325363    -0.5242817    -0.5142435    -0.4994942    -0.4745043    -0.4403973     -0.402197    -0.3612324    -0.3185705     -0.274847      -0.23047    -0.1857246
     -0.140911 -9.783328E-02 -4.573599E-02  6.986466E-03  5.910272E-02     0.1117003     0.1649573     0.2189599     0.2736291     0.3286159     0.3763405     0.4163288     0.4545824     0.4841078     0.5059777     0.5256729     0.5427719     0.5569027     0.5678023     0.5753745
     0.5808074     0.5808341     0.5725411     0.5590061     0.5430665     0.5263841     0.5099289     0.4785403      0.424724     0.3755299             0
             0    -0.5543361    -0.5795532    -0.5957311    -0.6065152    -0.6160195    -0.6220379    -0.6212493    -0.6156378    -0.6078774    -0.5966293    -0.5784379    -0.5457116    -0.5009418    -0.4521805    -0.4016418    -0.3506774    -0.2998396    -0.2493275    -0.1991927
    -0.1495204    -0.1020663 -4.477815E-02  1.329979E-02  7.109166E-02     0.1301145     0.1909655     0.2542599     0.3205867     0.3904007      0.454613     0.5112685     0.5686419     0.6155264     0.6513419     0.6841686     0.7123813     0.7341657     0.7478874      0.752758
     0.7487507     0.7273107     0.6918499     0.6538047      0.618018     0.5860378      0.558048     0.5094917     0.4386663     0.3811413             0
             0    -0.5670663    -0.5986433    -0.6211876    -0.6378155    -0.6551886    -0.6712461    -0.6800976    -0.6797187    -0.6736529    -0.6603836    -0.6365457    -0.5935741    -0.5380177    -0.4805874    -0.4233434    -0.3672171    -0.3123324    -0.2585524    -0.2056813
     -0.153623    -0.1040632 -4.429936E-02  1.634266E-02  7.689696E-02     0.1391386     0.2039565     0.2723884     0.3456643     0.4252397     0.5018237     0.5726995     0.6491081     0.7167856     0.7718536     0.8258827     0.8753623     0.9146757      0.936186     0.9331484
     0.9068142     0.8472686     0.7765371     0.7136186     0.6611935     0.6181694     0.5827811     0.5242869     0.4449094     0.3835654             0
             0    -0.5741831    -0.6097181    -0.6366038    -0.6576123    -0.6817402    -0.7084339    -0.7316927    -0.7436633    -0.7444374    -0.7241451    -0.6877251    -0.6300043     -0.563388    -0.4987485    -0.4366273    -0.3770595    -0.3196292    -0.2638735    -0.2093925
    -0.1559561    -0.1051932    -0.0440219  1.808072E-02  8.022203E-02     0.1443409     0.2115244      0.283116     0.3608522     0.4470785     0.5328397     0.6153019     0.7092587     0.7995706     0.8790126      0.965325      1.055638       1.14074      1.196208      1.159714
      1.075881     0.9530453     0.8408106     0.7545973     0.6888109      0.637812     0.5974712     0.5327262     0.4483548     0.3848802             0
             0    -0.5778477    -0.6155719    -0.6450451    -0.6689159    -0.6981546    -0.7352328    -0.7806007    -0.8293889    -0.8763974    -0.8097758    -0.7364175    -0.6564097    -0.5791875    -0.5092002    -0.4439527    -0.3823567    -0.3234992    -0.2666698    -0.2113312
    -0.1571701    -0.1057794     -0.043876  1.898725E-02  8.195972E-02     0.1470718     0.2155261     0.2888529     0.3691182     0.4593002     0.5509362     0.6415104     0.7493981     0.8612424     0.9685592      1.101629      1.273739      1.509133       1.86763      1.531948
      1.267599      1.041211     0.8848732     0.7796494     0.7045985     0.6486058     0.6053607     0.5371295     0.4501141     0.3855443             0
