 51            10 
             0    -0.2568597    -0.2478038     -0.240636    -0.2349888    -0.2284807    -0.2211197    -0.2139421    -0.2084271    -0.2038116    -0.1989955    -0.1927293     -0.183454    -0.1721238    -0.1601141    -0.1474828    -0.1342913    -0.1206039    -0.1064929 -9.204139E-02
    -0.0773312 -6.231374E-02 -4.510727E-02 -2.790875E-02 -1.078607E-02  6.194979E-03  2.297047E-02  3.947848E-02  5.565938E-02     0.0714563     0.0848958  9.614497E-02     0.1071044     0.1159811       0.12294     0.1297521     0.1364136     0.1429209     0.1492711     0.1554615
      0.162997     0.1731152     0.1840122      0.194237      0.203789     0.2126724      0.220896     0.2360496     0.2618665     0.2834473             0
             0    -0.2619442    -0.2528362    -0.2456003    -0.2398984    -0.2333249    -0.2258787    -0.2186017    -0.2129997    -0.2083048    -0.2033991    -0.1970075    -0.1875276    -0.1759213    -0.1636006    -0.1506345    -0.1370901    -0.1230238    -0.1085022 -9.361184E-02
 -7.844871E-02 -6.299316E-02 -4.537974E-02 -2.775367E-02 -1.020889E-02   7.18592E-03     0.0243643  4.126173E-02  5.781559E-02  7.396536E-02  8.769234E-02  9.917205E-02     0.1103443     0.1193821     0.1264608     0.1333832     0.1401452     0.1467433     0.1531746     0.1594366
     0.1670502     0.1772558     0.1882214     0.1984857     0.2080489      0.216915     0.2250952     0.2401172     0.2654394     0.2861694             0
             0      -0.33978     -0.330205    -0.3220659    -0.3154526    -0.3076007    -0.2984528    -0.2892736    -0.2820759    -0.2759741    -0.2695287    -0.2610449    -0.2482843    -0.2324057    -0.2153229    -0.1971526    -0.1780158    -0.1580201    -0.1372885    -0.1159707
 -9.422671E-02 -7.204554E-02 -4.675567E-02 -2.148515E-02  3.603027E-03  2.837943E-02  5.271364E-02  7.647307E-02  9.952271E-02     0.1217262     0.1402961     0.1555981     0.1702344     0.1818383     0.1907908     0.1994027     0.2076655      0.215573     0.2231208     0.2303066
     0.2388361     0.2498324     0.2609888      0.270791     0.2793136     0.2866433     0.2928777     0.3033599     0.3162993     0.3195982             0
             0     -0.416637     -0.410583     -0.403955    -0.3980289    -0.3903802    -0.3807907    -0.3705346    -0.3621531    -0.3548719    -0.3470092    -0.3364542    -0.3201709    -0.2993682     -0.276568    -0.2520184    -0.2259754    -0.1986621    -0.1703008    -0.1411258
    -0.1113608 -8.096343E-02 -4.618471E-02 -1.141964E-02     0.0231365  5.732318E-02  9.095975E-02     0.1238366     0.1557087     0.1862933     0.2116514     0.2323181     0.2517725     0.2668599     0.2782846     0.2890322     0.2990762     0.3083972     0.3169833     0.3248307
     0.3337222     0.3442851      0.353647     0.3605691      0.365369     0.3683751     0.3699045     0.3705879     0.3629238     0.3455286             0
             0    -0.4789153     -0.480998    -0.4791428    -0.4762235    -0.4710844     -0.463145    -0.4532651    -0.4444632    -0.4364506    -0.4274511    -0.4149703    -0.3949751    -0.3685817    -0.3391631    -0.3073008    -0.2735423     -0.238317    -0.2019777    -0.1648285
    -0.1271053    -0.0886552 -4.455699E-02 -4.058131E-04  4.369783E-02  8.768404E-02     0.1314313     0.1747384      0.217293     0.2586418      0.293225     0.3214514      0.347881     0.3680668     0.3830836     0.3968551     0.4092826     0.4202893     0.4298271     0.4378814
     0.4461211     0.4539958     0.4580788     0.4582183     0.4554077     0.4505272     0.4442931     0.4302097     0.3982327     0.3625725             0
             0    -0.5262389    -0.5400628    -0.5464229    -0.5492993    -0.5497841    -0.5465714    -0.5392357     -0.531032     -0.522757    -0.5127249    -0.4980161    -0.4731436    -0.4392324    -0.4012473    -0.3604826    -0.3179628    -0.2743532    -0.2300788    -0.1854129
    -0.1404899 -9.493821E-02      -0.04268  9.754556E-03  6.251552E-02     0.1157966     0.1697365      0.224373     0.2795742     0.3349369     0.3828084     0.4227855     0.4608851     0.4901766     0.5118212     0.5312735     0.5481389     0.5620738     0.5728397     0.5803546
     0.5858102     0.5860217     0.5777017     0.5640311     0.5475889     0.5301653     0.5128797     0.4798366     0.4235206     0.3734984             0
             0    -0.5538633    -0.5786643    -0.5944172    -0.6048576    -0.6139278    -0.6194375    -0.6182143    -0.6123822     -0.604546    -0.5933566    -0.5753692    -0.5430749    -0.4988531    -0.4505926    -0.4004695    -0.3497877    -0.2991551    -0.2488059    -0.1987888
     -0.149011 -9.883439E-02 -4.133251E-02  1.646803E-02  7.501052E-02     0.1348271     0.1964622      0.260455      0.327289     0.3972765     0.4611811     0.5171652     0.5733775     0.6188733     0.6534067     0.6848751     0.7118125     0.7326239     0.7459103     0.7510242
      0.748049     0.7289675     0.6955048      0.658767     0.6231792     0.5906627     0.5618069     0.5113232     0.4375546     0.3790831             0
             0    -0.5665469    -0.5975904     -0.619535    -0.6356302    -0.6522416    -0.6672094    -0.6747395    -0.6733379    -0.6667946    -0.6539851    -0.6311536    -0.5895057    -0.5350917     -0.478503    -0.4218777     -0.366148    -0.3115344    -0.2579572    -0.2052275
    -0.1530685    -0.1006694 -4.066861E-02  1.969908E-02  8.105193E-02     0.1441348     0.2097729     0.2789023     0.3525953     0.4320568     0.5077215     0.5769714     0.6505801     0.7146627     0.7661389      0.815969     0.8610252     0.8965212     0.9161958     0.9147604
     0.8930619     0.8414543     0.7767813     0.7174451     0.6662491     0.6230563       0.58688     0.5263746     0.4438436     0.3814962             0
             0    -0.5736355    -0.6085585    -0.6347118    -0.6550186    -0.6780162    -0.7026756    -0.7221553    -0.7290707    -0.7257891     -0.709535    -0.6781548    -0.6242201    -0.5597002    -0.4962795    -0.4349546    -0.3758715    -0.3187591    -0.2632329    -0.2089086
    -0.1553751    -0.1017071 -4.028623E-02  2.154317E-02  8.450939E-02     0.1494946     0.2175139     0.2897898     0.3678571     0.4537118     0.5379796     0.6178419     0.7071204     0.7908665     0.8630949     0.9398528      1.018254      1.090284      1.136101      1.108797
      1.041104     0.9373668     0.8370886     0.7570826     0.6935788     0.6427755     0.6017399     0.5349586     0.4473156     0.3828052             0
             0    -0.5772848    -0.6143513    -0.6430053    -0.6660427    -0.6937716     -0.727335      -0.76226    -0.7857012    -0.7925851     -0.766071    -0.7180453    -0.6484904    -0.5748514    -0.5064667    -0.4421524    -0.3810994    -0.3225884    -0.2660041     -0.210831
     -0.156575    -0.1022451 -4.008589E-02  2.250449E-02  8.631523E-02      0.152306     0.2216022     0.2956009     0.3761365     0.4657647     0.5554773     0.6426548     0.7441272      0.846131     0.9414389      1.056016      1.198994      1.385997      1.644895       1.40731
      1.201039      1.014576     0.8775038     0.7809893     0.7090886     0.6535718     0.6097062     0.5394364     0.4490889     0.3834664             0
