 51            10 
             0  3.815838E-02  3.834562E-02      0.038462  3.854694E-02  3.863906E-02  3.873818E-02  3.883082E-02  3.890007E-02  3.895707E-02  3.901562E-02  3.909073E-02  3.919977E-02  3.933002E-02  3.946559E-02  3.960612E-02  3.975123E-02  3.990053E-02  4.005363E-02     0.0402101
  4.036951E-02  4.053142E-02  4.069538E-02  4.086094E-02  4.102763E-02      0.041195  4.136257E-02  4.152989E-02  4.169649E-02  4.186193E-02  4.200527E-02      0.042127  4.224743E-02  4.234655E-02  4.242511E-02  4.250291E-02  4.257987E-02  4.265595E-02  4.273111E-02     0.0428053
  4.289676E-02  4.302197E-02  4.316044E-02  4.329396E-02  4.342221E-02  4.354487E-02  4.366167E-02  4.388299E-02  4.429144E-02  4.465706E-02             0
             0     0.0381547  3.834213E-02  3.845865E-02     0.0385437  3.863595E-02  3.873522E-02  3.882801E-02  3.889737E-02  3.895445E-02  3.901311E-02  3.908834E-02  3.919756E-02  3.932804E-02  3.946385E-02  3.960463E-02       0.03975  3.989958E-02  4.005296E-02  4.020971E-02
  4.036941E-02  4.053162E-02  4.069588E-02  4.086173E-02  4.102871E-02  4.119636E-02  4.136421E-02     0.0415318  4.169866E-02  4.186435E-02  4.200789E-02     0.0421298  4.225039E-02  4.234963E-02  4.242829E-02  4.250617E-02  4.258322E-02  4.265939E-02  4.273463E-02  4.280889E-02
  4.290043E-02  4.302575E-02  4.316434E-02  4.329795E-02  4.342626E-02  4.354898E-02  4.366582E-02     0.0438872  4.429563E-02  4.466094E-02             0
             0  3.809821E-02  3.828842E-02  3.840713E-02  3.849391E-02  3.858815E-02  3.868967E-02  3.878466E-02  3.885571E-02  3.891421E-02  3.897435E-02     0.0390515  3.916357E-02  3.929753E-02  3.943703E-02  3.958169E-02  3.973111E-02  3.988489E-02  4.004259E-02  4.020377E-02
  4.036797E-02  4.053472E-02  4.070354E-02  4.087393E-02  4.104541E-02  4.121749E-02  4.138966E-02  4.156143E-02  4.173231E-02  4.190183E-02  4.204855E-02  4.217304E-02  4.229608E-02  4.239725E-02  4.247738E-02  4.255667E-02  4.263506E-02     0.0427125  4.278894E-02  4.286433E-02
  4.295719E-02  4.308418E-02  4.322439E-02  4.335935E-02  4.348876E-02  4.361233E-02  4.372977E-02  4.395195E-02  4.435978E-02  4.472029E-02             0
             0  3.805767E-02  3.824974E-02  3.836993E-02  3.845789E-02  3.855352E-02  3.865661E-02  3.875316E-02  3.882541E-02  3.888493E-02  3.894612E-02  3.902465E-02  3.913877E-02  3.927526E-02  3.941744E-02  3.956494E-02  3.971734E-02  3.987422E-02  4.003513E-02     0.0401996
  4.036716E-02     0.0405373  4.070953E-02  4.088333E-02  4.105819E-02  4.123358E-02  4.140899E-02     0.0415839     0.0417578  4.193018E-02  4.207925E-02  4.220566E-02     0.0423305  4.243306E-02  4.251427E-02  4.259457E-02  4.267391E-02  4.275224E-02  4.282952E-02  4.290568E-02
  4.299945E-02  4.312754E-02  4.326879E-02  4.340457E-02  4.353458E-02  4.365856E-02  4.377624E-02  4.399855E-02  4.440501E-02     0.0447611             0
             0     0.0380325  3.822564E-02     0.0383467  3.843537E-02  3.853182E-02  3.863587E-02  3.873336E-02  3.880635E-02  3.886649E-02  3.892833E-02  3.900772E-02  3.912312E-02  3.926118E-02  3.940506E-02  3.955435E-02  3.970865E-02     0.0398675  4.003045E-02  4.019702E-02
  4.036672E-02  4.053904E-02  4.071346E-02  4.088945E-02  4.106649E-02  4.124403E-02  4.142154E-02  4.159848E-02  4.177433E-02  4.194855E-02  4.209914E-02  4.222678E-02  4.235277E-02  4.245623E-02     0.0425381  4.261904E-02  4.269897E-02  4.277786E-02  4.285564E-02  4.293228E-02
  4.302658E-02  4.315532E-02  4.329714E-02  4.343333E-02  4.356363E-02  4.368775E-02  4.380545E-02  4.402762E-02  4.443277E-02  4.478571E-02             0
             0  3.801698E-02  3.821073E-02  3.833231E-02  3.842138E-02  3.851833E-02  3.862295E-02  3.872102E-02  3.879446E-02  3.885498E-02  3.891722E-02  3.899714E-02  3.911333E-02  3.925238E-02  3.939731E-02  3.954773E-02  3.970321E-02  3.986329E-02  4.002753E-02  4.019542E-02
  4.036647E-02  4.054017E-02  4.071597E-02  4.089335E-02  4.107177E-02  4.125067E-02  4.142952E-02  4.160776E-02  4.178485E-02  4.196026E-02  4.211182E-02  4.224024E-02  4.236696E-02  4.247098E-02  4.255329E-02  4.263462E-02  4.271492E-02  4.279415E-02  4.287225E-02  4.294917E-02
  4.304379E-02     0.0431729  4.331503E-02  4.345144E-02  4.358184E-02      0.043706  4.382367E-02  4.404563E-02  4.444976E-02     0.0448006             0
             0  3.800926E-02  3.820328E-02     0.0383251  3.841438E-02  3.851157E-02  3.861647E-02  3.871482E-02  3.878848E-02  3.884919E-02  3.891163E-02  3.899181E-02     0.0391084  3.924794E-02     0.0393934  3.954438E-02  3.970046E-02  3.986118E-02  4.002606E-02  4.019462E-02
  4.036636E-02  4.054074E-02  4.071725E-02  4.089534E-02  4.107445E-02  4.125405E-02  4.143358E-02  4.161248E-02  4.179021E-02  4.196623E-02  4.211829E-02  4.224712E-02  4.237422E-02  4.247853E-02  4.256105E-02  4.264258E-02  4.272307E-02  4.280247E-02  4.288072E-02  4.295778E-02
  4.305255E-02  4.318184E-02  4.332411E-02     0.0434606  4.359104E-02  4.371519E-02  4.383282E-02  4.405464E-02  4.445818E-02  4.480793E-02             0
             0  3.800595E-02     0.0382001  3.832202E-02  3.841138E-02  3.850867E-02  3.861369E-02  3.871216E-02  3.878592E-02     0.0388467  3.890923E-02  3.898952E-02  3.910628E-02  3.924603E-02  3.939172E-02  3.954295E-02  3.969928E-02  3.986026E-02  4.002543E-02  4.019428E-02
  4.036631E-02  4.054099E-02     0.0407178  4.089619E-02  4.107561E-02  4.125551E-02  4.143533E-02  4.161452E-02  4.179253E-02  4.196882E-02  4.212109E-02  4.225009E-02  4.237736E-02  4.248179E-02     0.0425644  4.264602E-02     0.0427266  4.280607E-02  4.288439E-02     0.0429615
  4.305634E-02     0.0431857  4.332802E-02  4.346455E-02      0.043595  4.371914E-02  4.383674E-02  4.405849E-02  4.446178E-02  4.481104E-02             0
             0  3.800417E-02  3.819838E-02  3.832036E-02  3.840976E-02     0.0385071  3.861219E-02  3.871072E-02  3.878453E-02  3.884536E-02  3.890793E-02  3.898828E-02  3.910513E-02      0.039245  3.939081E-02  3.954217E-02  3.969864E-02  3.985977E-02  4.002509E-02  4.019409E-02
  4.036628E-02  4.054113E-02     0.0407181  4.089665E-02  4.107624E-02     0.0412563  4.143628E-02  4.161563E-02  4.179379E-02  4.197022E-02  4.212261E-02  4.225171E-02  4.237906E-02  4.248356E-02  4.256623E-02  4.264789E-02  4.272851E-02  4.280802E-02  4.288638E-02  4.296353E-02
     0.0430584  4.318779E-02  4.333015E-02  4.346669E-02  4.359714E-02  4.372128E-02  4.383887E-02  4.406058E-02  4.446372E-02  4.481272E-02             0
             0  3.800327E-02  3.819751E-02  3.831952E-02  3.840895E-02  3.850631E-02  3.861143E-02  3.870999E-02  3.878383E-02  3.884468E-02  3.890727E-02  3.898766E-02  3.910455E-02  3.924448E-02  3.939036E-02  3.954178E-02  3.969832E-02  3.985953E-02  4.002491E-02      0.040194
  4.036627E-02  4.054119E-02  4.071825E-02  4.089689E-02  4.107656E-02     0.0412567  4.143676E-02  4.161619E-02  4.179442E-02  4.197092E-02  4.212338E-02  4.225252E-02  4.237992E-02  4.248446E-02  4.256715E-02  4.264884E-02  4.272948E-02  4.280901E-02  4.288738E-02  4.296455E-02
  4.305944E-02  4.318885E-02  4.333122E-02  4.346776E-02  4.359822E-02  4.372235E-02  4.383994E-02  4.406162E-02  4.446469E-02  4.481357E-02             0
