 51            10 
             0    -0.2280694    -0.2213434    -0.2156662    -0.2111217     -0.205828     -0.199799    -0.1938941    -0.1893468    -0.1855365    -0.1815565    -0.1763732    -0.1686904    -0.1592869    -0.1505465    -0.1425729    -0.1341798    -0.1217287    -0.1079739 -9.410236E-02
 -7.938516E-02 -6.416267E-02 -4.847663E-02    -0.0324246 -1.620216E-02  2.750776E-04  1.702568E-02  3.402173E-02  5.027604E-02  6.546677E-02  7.862004E-02     0.0896719     0.1004501     0.1092078     0.1161215     0.1229834     0.1298172     0.1366185     0.1434165     0.1497886
     0.1571456     0.1675251     0.1787622     0.1891584     0.1992679     0.2089875     0.2181401     0.2353367     0.2633342     0.2869283             0
             0       -0.2312    -0.2244713    -0.2187743    -0.2142084    -0.2088835    -0.2028111    -0.1968553    -0.1922634    -0.1884123    -0.1843859    -0.1791368    -0.1713421    -0.1617734     -0.152844    -0.1446396    -0.1359204    -0.1231354    -0.1090395 -9.480032E-02
 -7.966563E-02 -6.399018E-02 -4.783421E-02 -3.131527E-02 -1.463441E-02   2.28289E-03  1.944543E-02  3.683811E-02  5.345081E-02  6.898262E-02  8.243997E-02  9.375285E-02      0.104788     0.1137507     0.1208203     0.1278284     0.1347952     0.1417172     0.1486247     0.1550903
     0.1625597     0.1730504     0.1843522     0.1947688     0.2048395     0.2144198     0.2233279     0.2399407      0.266993     0.2892386             0
             0    -0.2807286    -0.2742459    -0.2684583    -0.2637321    -0.2581264    -0.2516313    -0.2451625    -0.2401185    -0.2358566    -0.2313677    -0.2254723    -0.2166212    -0.2055952    -0.1951533    -0.1854043    -0.1748759    -0.1574751    -0.1376737    -0.1174355
 -9.581778E-02 -7.338635E-02 -5.026847E-02 -2.666516E-02 -2.895777E-03  2.111242E-02  4.533592E-02  6.970932E-02  9.278558E-02     0.1141016     0.1323027     0.1474012     0.1618985      0.173457     0.1824477      0.191226     0.1998122     0.2081963     0.2164106     0.2239548
     0.2324777     0.2440351     0.2558816     0.2661821     0.2755242     0.2838307     0.2910224     0.3034776     0.3190082     0.3232681             0
             0    -0.3232789    -0.3184356    -0.3135675    -0.3094462    -0.3044078    -0.2984132    -0.2923001    -0.2874563    -0.2833225    -0.2789271    -0.2731026     -0.264246    -0.2530365    -0.2422557    -0.2320461    -0.2208335    -0.1982821     -0.171586    -0.1439994
    -0.1144439 -8.376613E-02 -5.216258E-02 -1.990562E-02  1.258013E-02  4.540404E-02  7.853092E-02     0.1118495      0.143337      0.172295     0.1968183     0.2169615     0.2360341     0.2509526     0.2623726     0.2733154     0.2837889     0.2937658     0.3032726     0.3117426
     0.3209645     0.3326893     0.3435698     0.3518905     0.3583157     0.3629802      0.366062     0.3696735     0.3662945     0.3496838             0
             0    -0.3536035    -0.3511867    -0.3478761    -0.3448604    -0.3409589    -0.3360966    -0.3309454    -0.3267677    -0.3231562    -0.3192741    -0.3140835    -0.3061124    -0.2959487    -0.2861488    -0.2769763    -0.2669576    -0.2393989    -0.2054518     -0.170231
    -0.1326146 -9.373325E-02 -5.379352E-02    -0.0130492  2.807425E-02  6.982853E-02     0.1122659     0.1553189     0.1963638     0.2344498     0.2668752     0.2935041     0.3185757      0.337923     0.3525156     0.3662164       0.37898     0.3907264     0.4014509     0.4105321
      0.419789     0.4300693      0.437458     0.4409864     0.4415642     0.4398017     0.4363349      0.427014     0.4017188     0.3670149             0
             0    -0.3743121    -0.3745525    -0.3730927    -0.3714375    -0.3689752      -0.36557    -0.3616573    -0.3583314    -0.3553855    -0.3521591    -0.3477896     -0.341023    -0.3324679    -0.3244531    -0.3175686    -0.3106892    -0.2782155     -0.236831    -0.1941104
     -0.148922    -0.1026118 -5.529196E-02 -7.071402E-03  4.176519E-02  9.175151E-02     0.1431895     0.1962485     0.2478256     0.2968646     0.3396233     0.3752863     0.4092235     0.4354427     0.4550592      0.473148     0.4894659     0.5037471     0.5158609     0.5251244
     0.5332508     0.5389407     0.5381313     0.5322309     0.5228203     0.5113273      0.498954     0.4736254     0.4268241      0.378103             0
             0    -0.3854191    -0.3876866    -0.3877955    -0.3873579    -0.3862463    -0.3842427      -0.38149    -0.3789001    -0.3764824    -0.3737265    -0.3698947    -0.3638719    -0.3564326    -0.3499289    -0.3454567    -0.3424077    -0.3059536    -0.2586152    -0.2102894
    -0.1597717    -0.1084715 -5.633458E-02 -3.268189E-03  5.064709E-02     0.1062637     0.1642253      0.225115     0.2857151     0.3452955     0.3993382     0.4459376     0.4918327      0.528379     0.5560509     0.5815695     0.6040741     0.6226474     0.6366395     0.6452072
     0.6499333     0.6451144     0.6289162     0.6083449     0.5858017     0.5632777     0.5420523     0.5025553     0.4406318     0.3837613             0
             0     -0.390325    -0.3936433    -0.3946343     -0.394924     -0.394678    -0.3936403    -0.3917205    -0.3896247    -0.3875099    -0.3849518    -0.3812666     -0.375378    -0.3682798     -0.362462    -0.3593706    -0.3587517    -0.3200487    -0.2694668    -0.2182272
    -0.1650377    -0.1113013 -5.684975E-02 -1.464032E-03  5.490279E-02     0.1132948     0.1745808     0.2396494     0.3053582     0.3714299     0.4331799      0.488024      0.544049     0.5906093     0.6268901     0.6611893     0.6916962     0.7161704     0.7325453     0.7392989
      0.738575      0.719512     0.6865623     0.6528573     0.6202779     0.5903153     0.5636885     0.5162337     0.4467933     0.3862043             0
             0     -0.393015    -0.3969571    -0.3984986    -0.3992637    -0.3996203    -0.3993174    -0.3981074    -0.3964514    -0.3945714    -0.3920693    -0.3883165    -0.3822828    -0.3752194    -0.3697346    -0.3674898    -0.3684608    -0.3283457    -0.2757815    -0.2228075
    -0.1680586    -0.1129201 -5.714761E-02 -4.409985E-04  5.732824E-02     0.1173256     0.1805685     0.2481595     0.3170558     0.3873816     0.4545218     0.5155424     0.5798609     0.6356266     0.6806381     0.7249318     0.7657989     0.7990742     0.8194576     0.8222094
     0.8128587     0.7760659     0.7264807     0.6817075     0.6415992     0.6065013     0.5763668     0.5239911     0.4501879      0.387529             0
             0    -0.3943831    -0.3986592    -0.4005075    -0.4015494    -0.4022818    -0.4024942    -0.4018935    -0.4007181    -0.3991213    -0.3964889    -0.3924517    -0.3861068    -0.3789364    -0.3735802    -0.3717931    -0.3736732    -0.3327675    -0.2791184    -0.2252136
    -0.1696391    -0.1137655 -5.730417E-02  9.021616E-05  5.859185E-02     0.1194339     0.1837188     0.2526768     0.3233431     0.3961222     0.4665432     0.5315667     0.6017484     0.6648779     0.7177522      0.772505      0.826502     0.8742985     0.9050165     0.8965768
     0.8724889     0.8152873     0.7512411     0.6984235     0.6534361     0.6152491     0.5831083     0.5280226     0.4519193      0.388198             0
