 51            10 
             0    -0.1160468    -0.1198163    -0.1175861    -0.1151267    -0.1118678    -0.1079237    -0.1039411    -0.1008345 -9.821674E-02 -9.547155E-02 -9.188665E-02 -8.656006E-02 -8.003275E-02 -7.309792E-02    -0.0657874 -5.813218E-02 -5.016141E-02 -4.190093E-02 -3.337015E-02
 -2.457633E-02 -1.550633E-02 -6.127365E-03   3.42843E-03  1.306274E-02  2.269935E-02  3.227662E-02  4.174284E-02     0.0510533  6.016856E-02  6.794287E-02  7.446158E-02  8.082327E-02  8.598475E-02  9.003571E-02  9.400578E-02  9.789255E-02     0.1016938     0.1054077     0.1090323
     0.1134497     0.1193917      0.125806     0.1318388     0.1374873     0.1427511     0.1476313     0.1566285     0.1717626     0.1784836             0
             0    -0.1183872    -0.1223027    -0.1200714    -0.1175932    -0.1142991    -0.1103039    -0.1062619    -0.1031048    -0.1004421 -9.764741E-02 -9.399495E-02 -8.856186E-02 -8.189519E-02 -7.480483E-02 -6.732435E-02 -5.948617E-02 -5.132025E-02    -0.0428534 -3.410689E-02
 -2.509082E-02 -1.579533E-02 -6.189744E-03   3.59377E-03  1.345451E-02  2.331392E-02  3.310817E-02  4.278337E-02  5.229263E-02     0.0615943  6.951897E-02  7.615736E-02  8.262871E-02  8.787266E-02  9.198462E-02     0.0960106  9.994808E-02     0.1037948     0.1075489     0.1112085
     0.1156632     0.1216441     0.1280838     0.1341238     0.1397631     0.1450028     0.1498457     0.1587458     0.1735668     0.1797474             0
             0    -0.1550318    -0.1614386    -0.1592736    -0.1565279    -0.1526795    -0.1478501    -0.1428327     -0.138846    -0.1354485     -0.131848    -0.1270997    -0.1199487    -0.1110473    -0.1014661    -0.0912593 -8.048213E-02 -6.918834E-02 -5.742779E-02 -4.524215E-02
 -3.265662E-02 -1.966741E-02 -6.241228E-03  7.418683E-03  2.115336E-02  3.483418E-02  4.835156E-02  6.160782E-02  7.451292E-02  8.698243E-02  9.744281E-02     0.1060834     0.1143703     0.1209603     0.1260559     0.1309698     0.1356972     0.1402345     0.1445789      0.148729
     0.1536726     0.1600827     0.1666418     0.1724606     0.1775756     0.1820302     0.1858715     0.1924232     0.2007617     0.1971978             0
             0    -0.1907001    -0.2013175    -0.2002953    -0.1980026    -0.1942739    -0.1891911    -0.1835886    -0.1789757    -0.1749629    -0.1706313    -0.1648243    -0.1558912    -0.1445182    -0.1320727    -0.1186607    -0.1043913 -8.936737E-02 -7.367878E-02 -5.739491E-02
 -4.055325E-02 -2.314395E-02 -5.112951E-03  1.326361E-02  3.177271E-02       0.05024  6.850966E-02  8.643047E-02     0.1038468     0.1205941     0.1345107     0.1458779     0.1566103     0.1649676     0.1713184     0.1773184     0.1829549     0.1882182     0.1931023     0.1976051
     0.2027588     0.2089945      0.214702      0.219117     0.2223914     0.2246861     0.2261579     0.2277414     0.2254617     0.2106671             0
             0    -0.2191454    -0.2353036    -0.2366259    -0.2356727    -0.2329639     -0.228462    -0.2228796    -0.2179822     -0.213574    -0.2086761    -0.2019487    -0.1912959    -0.1773681      -0.16189    -0.1450874    -0.1271788    -0.1083513 -8.874951E-02 -6.846646E-02
 -4.753305E-02 -2.590286E-02 -3.462378E-03  1.948363E-02  4.271773E-02  6.606972E-02      0.089382      0.112482     0.1351598     0.1571505     0.1755023     0.1904666     0.2044847     0.2152233     0.2232455     0.2306514     0.2374004     0.2434615     0.2488157      0.253457
     0.2583773     0.2634836     0.2668671     0.2682101     0.2679553     0.2665167     0.2642472      0.258604     0.2440239     0.2194898             0
             0    -0.2403957    -0.2627799    -0.2674689    -0.2687073    -0.2679687    -0.2649812    -0.2600922    -0.2552585    -0.2506499    -0.2452935    -0.2376761    -0.2251607    -0.2083513    -0.1894964    -0.1690547    -0.1474181    -0.1248805    -0.1016326 -7.776593E-02
 -5.327004E-02 -2.802359E-02 -1.812174E-03  2.508952E-02  5.252405E-02  8.039698E-02     0.1086285     0.1371098     0.1656574     0.1939637     0.2180957     0.2380213     0.2568119     0.2711556     0.2817513     0.2913274     0.2997559     0.3069332     0.3127917     0.3173099
     0.3213173     0.3237242     0.3224564     0.3183331     0.3124156     0.3055399      0.298298     0.2838405     0.2572273     0.2251323             0
             0    -0.2525887    -0.2799313    -0.2879176    -0.2915597    -0.2932789    -0.2925072     -0.288951    -0.2845377    -0.2799278    -0.2742156    -0.2657295    -0.2512448    -0.2314705    -0.2093813    -0.1857303    -0.1610627    -0.1357244    -0.1098956 -8.362085E-02
 -5.682039E-02 -2.928597E-02 -7.013574E-04  2.871801E-02  5.890127E-02  8.986448E-02     0.1216608     0.1543335     0.1878597     0.2220713     0.2522303     0.2778018     0.3025382     0.3217937     0.3360873     0.3489243     0.3599468      0.368826     0.3753222     0.3793477
     0.3814178     0.3789307     0.3704168     0.3588769     0.3462001     0.3335542     0.3215753     0.2995228     0.2645091     0.2280118             0
             0    -0.2581362    -0.2880999    -0.2980514    -0.3032526    -0.3067432    -0.3077968    -0.3055527    -0.3016578    -0.2971441    -0.2911765    -0.2819721    -0.2658909    -0.2439552    -0.2197443    -0.1941672    -0.1678057    -0.1409869     -0.113851 -8.639503E-02
    -0.0584889 -2.987078E-02 -1.661188E-04  3.044769E-02  6.195318E-02  9.443659E-02      0.128042     0.1629303     0.1992295     0.2369582     0.2710286     0.3005741     0.3299178     0.3534314     0.3712004     0.3873716     0.4012734     0.4121738     0.4194224     0.4227103
     0.4222727     0.4143203     0.3991011     0.3816746     0.3642522     0.3479307     0.3331621     0.3069293     0.2677621     0.2292552             0
             0    -0.2612217    -0.2927551    -0.3039646    -0.3102204    -0.3150019    -0.3175358    -0.3165383    -0.3132271    -0.3088642    -0.3026581    -0.2927597    -0.2752749    -0.2516728    -0.2259761    -0.1991391    -0.1717214    -0.1440106    -0.1161065    -0.0879683
 -5.943125E-02 -3.019897E-02  1.391641E-04  3.143024E-02  6.369074E-02  9.705214E-02     0.1317194     0.1679365     0.2059473     0.2459325     0.2826506     0.3150422     0.3479392     0.3750766     0.3960627     0.4156478     0.4328717     0.4464508     0.4548751     0.4569769
     0.4531489     0.4392336     0.4180362     0.3960214     0.3752258     0.3564549     0.3399132     0.3111256     0.2695552     0.2299294             0
             0    -0.2628051    -0.2951837     -0.307105    -0.3139865    -0.3195903    -0.3231805    -0.3232571    -0.3205783    -0.3164291    -0.3099645    -0.2993774    -0.2807382    -0.2559845    -0.2293654    -0.2017964    -0.1737901    -0.1455957    -0.1172825 -8.878553E-02
 -5.991943E-02 -3.036834E-02  2.981672E-04     0.0319409  6.459519E-02  9.841803E-02     0.1336494     0.1705831     0.2095361     0.2508007     0.2890877     0.3232547     0.3585369     0.3883839     0.4120428      0.434884     0.4559206     0.4734876     0.4846614     0.4840437
     0.4752027     0.4551601     0.4292391     0.4041111     0.3812277     0.3610255     0.3434868     0.3133046     0.2704699     0.2302699             0
