 51            10 
             0    -0.2570972    -0.2473754    -0.2391077    -0.2334355    -0.2276154    -0.2205953    -0.2134499    -0.2078117    -0.2030108     -0.197912    -0.1911514    -0.1808226    -0.1685054    -0.1555493    -0.1431429    -0.1314363    -0.1184732    -0.1044385 -8.945002E-02
    -0.0735608 -5.675494E-02 -4.046793E-02 -2.476558E-02 -8.292784E-03  7.606473E-03     0.0227607  3.819826E-02  5.375118E-02  6.927919E-02  8.274522E-02  9.417561E-02     0.1054789     0.1147896      0.122181     0.1290566     0.1354114     0.1416957     0.1479007     0.1540176
     0.1615428     0.1717968     0.1830508     0.1938272     0.2041351     0.2134545     0.2217669     0.2373695     0.2644783     0.2874036             0
             0    -0.2626643    -0.2535976    -0.2461872    -0.2404692    -0.2342002    -0.2268847     -0.219706    -0.2141805    -0.2095491    -0.2047039    -0.1983668    -0.1888215    -0.1771981    -0.1645313    -0.1513178    -0.1383347     -0.124356    -0.1096746 -9.439385E-02
 -7.859042E-02 -6.202935E-02 -4.538466E-02 -2.899307E-02 -1.185465E-02  4.984562E-03  2.120777E-02  3.756836E-02  5.389209E-02  7.004291E-02     0.0838427     0.0954221     0.1067584     0.1160492     0.1234522      0.130435     0.1369638     0.1434438     0.1498425     0.1561497
     0.1639026     0.1743549     0.1856808     0.1964059     0.2065607     0.2159799       0.22458     0.2406287     0.2673745     0.2894782             0
             0    -0.3407879    -0.3313331    -0.3230512    -0.3164748    -0.3090173    -0.3000637    -0.2910371    -0.2839559     -0.277949    -0.2715926    -0.2631892    -0.2503416    -0.2344333     -0.216834    -0.1982898    -0.1798916    -0.1599858    -0.1390126     -0.117143
 -9.450769E-02 -7.079205E-02 -4.698231E-02 -2.356491E-02    8.5483E-04  2.475549E-02  4.766203E-02  7.059756E-02  9.326658E-02     0.1154267      0.134073     0.1495012     0.1643592     0.1763074     0.1856961     0.1944228     0.2024444     0.2102644     0.2178399     0.2251567
     0.2339596     0.2454197     0.2572055     0.2677406     0.2770963     0.2852081     0.2920937     0.3039974      0.319085     0.3234315             0
             0    -0.4183426    -0.4127926     -0.406349    -0.4007369    -0.3936743    -0.3844833    -0.3745356      -0.36636    -0.3592304    -0.3514948     -0.341037    -0.3245848    -0.3036316    -0.2799557    -0.2547119    -0.2294647    -0.2021048    -0.1732924    -0.1432839
    -0.1122761 -7.984091E-02 -4.731542E-02 -1.532233E-02  1.806183E-02  5.076483E-02  8.213764E-02     0.1135552     0.1445619     0.1747488     0.1999379     0.2205671     0.2401451     0.2555781     0.2675063     0.2783845     0.2881484     0.2974139       0.30612     0.3142446
     0.3236548     0.3351221     0.3457038      0.353982      0.360181     0.3645126     0.3672419     0.3702395     0.3661498     0.3498271             0
             0    -0.4817669    -0.4854517    -0.4848472    -0.4831234    -0.4791863    -0.4723242    -0.4632307    -0.4548641    -0.4471146    -0.4382748    -0.4258261     -0.405319    -0.3782438    -0.3470525    -0.3136385    -0.2802854    -0.2444726    -0.2071569    -0.1686572
    -0.1291934 -8.815183E-02 -4.711783E-02 -6.725057E-03  3.557475E-02  7.725861E-02     0.1176042     0.1584247     0.1991506      0.239198      0.272841     0.3004102     0.3264331     0.3466578     0.3620433     0.3757721     0.3877159      0.398607     0.4083374     0.4168649
     0.4260182     0.4356103     0.4420768     0.4448196     0.4445451     0.4420503     0.4380424     0.4278569     0.4014499     0.3671577             0
             0    -0.5305588    -0.5481663    -0.5582738    -0.5645559    -0.5681489    -0.5681819    -0.5631958    -0.5561184    -0.5483665    -0.5384365    -0.5232986    -0.4965329    -0.4600029    -0.4178835    -0.3734289    -0.3300183    -0.2845651    -0.2382921    -0.1914332
    -0.1440893 -9.533221E-02 -4.681643E-02  9.737265E-04  5.128694E-02     0.1013452      0.150543     0.2013019     0.2531619     0.3055649     0.3508739     0.3887438     0.4250227     0.4533367     0.4747116     0.4934163     0.5090798      0.522506     0.5334022     0.5416512
     0.5487378     0.5523377     0.5488023     0.5401856      0.528403     0.5152013     0.5017847     0.4749739     0.4265102     0.3782527             0
             0    -0.5594454     -0.590767     -0.614215    -0.6320302    -0.6486254    -0.6631012    -0.6690268    -0.6665382    -0.6599359    -0.6483379    -0.6279219    -0.5890359    -0.5367256    -0.4793444    -0.4216145    -0.3677767    -0.3134947    -0.2598653     -0.206731
    -0.1538766 -9.998534E-02    -0.0466143  5.975619E-03  6.161008E-02     0.1174775     0.1732504     0.2320534     0.2939213      0.358889     0.4178956       0.46941     0.5211431      0.563374      0.595939     0.6246318     0.6482234     0.6671011     0.6799919     0.6862924
      0.686593     0.6746724     0.6507038     0.6231238     0.5953198     0.5693938     0.5462968     0.5044294     0.4403197     0.3839175             0
             0    -0.5728141    -0.6121951    -0.6450102    -0.6721423    -0.7014249    -0.7334908    -0.7570369    -0.7639973     -0.760383     -0.745582    -0.7154116    -0.6582468    -0.5877585    -0.5165394    -0.4486576    -0.3879091    -0.3283389    -0.2706332    -0.2142194
    -0.1586067    -0.1022186 -4.652022E-02  8.369047E-03  6.658434E-02     0.1253382     0.1845088     0.2476935     0.3154103     0.3884381     0.4573911     0.5200969     0.5865037     0.6444601      0.691439     0.7349322     0.7723843     0.8025163     0.8202002     0.8212726
     0.8067151     0.7688558     0.7197133     0.6736619      0.632891     0.5980296     0.5688667     0.5184146     0.4464883      0.386364             0
             0    -0.5803177       -0.6248    -0.6642238    -0.6986241     -0.739372    -0.7907956    -0.8402603    -0.8664752     -0.871119    -0.8479422    -0.7983364    -0.7147778     -0.624597    -0.5412728    -0.4656398     -0.400123     -0.337133    -0.2769104    -0.2185375
    -0.1613154    -0.1034929 -4.646777E-02  9.731717E-03  6.942707E-02     0.1298573     0.1910433     0.2569026     0.3283353     0.4067792     0.4829767     0.5545922     0.6341337     0.7085669     0.7729461     0.8376473     0.9001821      0.957754     0.9947013     0.9763702
     0.9265307      0.847858     0.7703195      0.707485     0.6565435     0.6153395     0.5821709      0.526364     0.4498885     0.3876907             0
             0     -0.584192    -0.6315317    -0.6750019    -0.7142972     -0.764012    -0.8342713     -0.919342    -0.9878473     -1.027042    -0.9692516    -0.8772498    -0.7577453    -0.6485404    -0.5559683    -0.4751876    -0.4067894    -0.3418438    -0.2802328    -0.2208054
    -0.1627312    -0.1041574    -0.0464409  1.044106E-02  7.091067E-02     0.1322255     0.1944901     0.2618107     0.3353352     0.4169673     0.4977359     0.5754694     0.6651744     0.7547612     0.8382097     0.9320351      1.042425      1.184563      1.375078      1.205083
      1.052346     0.9103277     0.8038599     0.7277303     0.6698877     0.6247694     0.5892771     0.5305018     0.4516234     0.3883608             0
