 51            10 
             0    -0.2588105    -0.2499828    -0.2431659     -0.237666     -0.231229    -0.2240521    -0.2171479     -0.211896    -0.2075301    -0.2030057      -0.19716    -0.1885997    -0.1781196    -0.1665983    -0.1535099    -0.1393243    -0.1252711     -0.110638 -9.542181E-02
 -8.021902E-02 -6.507111E-02 -4.932508E-02    -0.0330785 -1.715092E-02 -7.970867E-04  1.587463E-02  3.192565E-02  4.813878E-02  6.443024E-02     0.0779751     0.0891213  9.978041E-02      0.108225     0.1147266     0.1213984     0.1282184     0.1347349     0.1409325     0.1472735
     0.1553622     0.1657044     0.1770289     0.1877833     0.1970278     0.2069989     0.2173611     0.2352469     0.2630943     0.2867647             0
             0    -0.2634049    -0.2544588    -0.2475124    -0.2419136    -0.2353653    -0.2280411    -0.2209674    -0.2155706    -0.2110758    -0.2064092      -0.20037    -0.1915091    -0.1806586    -0.1687574    -0.1553377    -0.1408846    -0.1265364    -0.1115562 -9.594806E-02
 -8.029694E-02 -6.465075E-02 -4.839805E-02 -3.166642E-02 -1.525765E-02  1.537113E-03  1.858937E-02  3.500751E-02  5.158953E-02  6.823234E-02     0.0820969  9.353188E-02     0.1044919     0.1131864     0.1198751     0.1267156     0.1336771     0.1403132     0.1466153     0.1530509
     0.1612263     0.1716749     0.1831135      0.193935     0.2032358     0.2130968     0.2230274       0.24005     0.2669026     0.2893465             0
             0    -0.3418199    -0.3325771    -0.3248873    -0.3184831    -0.3107596    -0.3018553    -0.2930022    -0.2861084    -0.2802923      -0.27418     -0.266178    -0.2542488    -0.2393653    -0.2227895    -0.2038776    -0.1833349    -0.1629144    -0.1415347     -0.119208
 -9.678943E-02 -7.437059E-02 -5.109974E-02 -2.718266E-02  -3.79228E-03  2.004978E-02  4.413176E-02  6.715541E-02  9.019139E-02     0.1130561     0.1318322     0.1471158       0.16154     0.1727773     0.1813044     0.1898917     0.1985002     0.2065701      0.214093      0.221618
     0.2309904     0.2425765     0.2546134     0.2654122     0.2741368     0.2826965     0.2907684     0.3035631     0.3189963     0.3233799             0
             0    -0.4202179     -0.415347    -0.4097967    -0.4045741    -0.3975891    -0.3887427    -0.3791878    -0.3713357     -0.364497    -0.3571008    -0.3471677    -0.3318668    -0.3121177    -0.2896042     -0.263555    -0.2350537    -0.2068268    -0.1773385    -0.1466126
    -0.1158308 -8.511142E-02 -5.327266E-02 -2.057439E-02     0.0114007  4.400504E-02  7.694945E-02     0.1084412      0.139902     0.1710048     0.1963449     0.2167763      0.235801     0.2503522     0.2612231      0.271966      0.282522      0.292185     0.3009446     0.3094222
     0.3196291     0.3315136     0.3426557     0.3515476     0.3577153     0.3625362     0.3660796     0.3698065     0.3664048     0.3498467             0
             0     -0.485085     -0.490805    -0.4920029    -0.4914177    -0.4887563    -0.4832258    -0.4751804    -0.4674641    -0.4601865    -0.4517895    -0.4399135    -0.4205369    -0.3943366    -0.3638372    -0.3284059    -0.2898261    -0.2522841    -0.2136532    -0.1739017
    -0.1344849 -9.544311E-02 -5.516141E-02 -1.384131E-02  2.664236E-02  6.812507E-02     0.1103326     0.1510451     0.1921376     0.2331184     0.2667116     0.2938176     0.3189446     0.3379306     0.3519179     0.3654639      0.378449     0.3899475     0.3999283      0.409059
     0.4193726     0.4299813     0.4376584     0.4416914     0.4425455     0.4407128     0.4369284     0.4272774      0.401953     0.3672346             0
             0     -0.535754    -0.5581175    -0.5723148    -0.5818303    -0.5899789     -0.594355    -0.5925081     -0.587029    -0.5801464    -0.5706803    -0.5557213    -0.5289479    -0.4912359    -0.4475971    -0.3981737    -0.3459051    -0.2969255    -0.2481068    -0.1990772
    -0.1513523    -0.1046843 -5.689174E-02 -7.962734E-03  4.012237E-02  8.979441E-02     0.1409551     0.1911649     0.2429886     0.2959253     0.3404725      0.377084     0.4115126     0.4376715     0.4568435     0.4751142     0.4921381     0.5064884         0.518     0.5273104
     0.5362081     0.5421148     0.5411901     0.5351551     0.5265352     0.5144736     0.5005165      0.474105     0.4271685     0.3783717             0
             0    -0.5662649     -0.605769    -0.6371253    -0.6623001    -0.6903706    -0.7170136    -0.7326782    -0.7349797     -0.730351    -0.7186019    -0.6958395    -0.6515855    -0.5914269    -0.5268021    -0.4587803    -0.3908916    -0.3305285    -0.2727906    -0.2164419
    -0.1626917    -0.1108225 -5.809624E-02 -4.223121E-03     0.0488712     0.1041515     0.1618084     0.2194901     0.2806783     0.3453448     0.4022784      0.451019     0.4989779     0.5371113     0.5657461     0.5933934     0.6189169     0.6393101     0.6534942     0.6615444
      0.664524     0.6571871     0.6382352     0.6151012      0.593137     0.5691357     0.5447578     0.5032612     0.4410483     0.3840601             0
             0     -0.580517    -0.6303544    -0.6742175    -0.7127734    -0.7613623    -0.8172038    -0.8642282    -0.8849791    -0.8868863    -0.8687361    -0.8277166    -0.7524868    -0.6634147    -0.5778344    -0.4946328    -0.4157458    -0.3482057    -0.2853377    -0.2250565
      -0.16823    -0.1137982 -5.869254E-02 -2.449638E-03  5.306408E-02     0.1111119     0.1720847     0.2337769     0.3003568     0.3724137     0.4381956     0.4967594     0.5574887     0.6092314     0.6502846     0.6923797     0.7332062     0.7663145     0.7866222     0.7897185
       0.77751     0.7458478     0.7037195     0.6634215     0.6304129     0.5980726     0.5671575     0.5170758     0.4472447     0.3865171             0
             0    -0.5885561    -0.6450232    -0.6978921    -0.7472645    -0.8151352    -0.9053246     -1.004338      -1.07218     -1.101147     -1.056074    -0.9681621    -0.8413537     -0.718268    -0.6131406     -0.517881    -0.4311372    -0.3588225    -0.2927229    -0.2300579
    -0.1714179    -0.1155041 -5.903775E-02 -1.444174E-03  5.545403E-02     0.1151038     0.1780309     0.2421532     0.3121346     0.3891182       0.46131     0.5276856     0.5999177     0.6661801     0.7226974     0.7865511     0.8560688     0.9212702     0.9659647     0.9471918
     0.8947664     0.8215196     0.7520774     0.6957128     0.6538595     0.6155977     0.5803553       0.52492     0.4506592     0.3878497             0
             0    -0.5927209     -0.652938    -0.7114096    -0.7683081    -0.8519166    -0.9784719     -1.161994     -1.374855     -1.627479      -1.35885     -1.126068     -0.915085       -0.7559    -0.6348565    -0.5312983    -0.4396704    -0.3645659    -0.2966578    -0.2326966
    -0.1730898    -0.1163962 -5.921938E-02 -9.221472E-04  5.669927E-02     0.1171923     0.1811612     0.2466049     0.3184923     0.3983621     0.4745907     0.5463466     0.6275777     0.7075035     0.7815784     0.8768597      1.002856      1.170347      1.409888      1.205753
      1.026407     0.8833099     0.7846195     0.7150846     0.6670914     0.6251644     0.5874041     0.5290004      0.452401     0.3885228             0
