 51            10 
             0    -0.2612496    -0.2548298    -0.2492869    -0.2448262    -0.2396107    -0.2336546     -0.227809    -0.2233017    -0.2195222    -0.2155718    -0.2104241     -0.202788    -0.1934333    -0.1847317    -0.1767868    -0.1684176    -0.1559945    -0.1422671    -0.1284201
    -0.1137262 -9.852525E-02 -8.285902E-02 -6.682505E-02 -5.061866E-02 -3.415552E-02 -1.741715E-02 -4.314463E-04  1.581484E-02  3.100038E-02  4.415112E-02  5.520213E-02  6.598082E-02  7.474015E-02  8.165573E-02  8.852016E-02  9.535718E-02     0.1021624      0.108965     0.1153422
     0.1227062     0.1330974     0.1443503     0.1547649     0.1648965     0.1746418     0.1838234     0.2010848      0.229263     0.2534159             0
             0      -0.26438    -0.2579576     -0.252395    -0.2479129    -0.2426662    -0.2366667    -0.2307704    -0.2262185    -0.2223983    -0.2184016     -0.213188    -0.2054403    -0.1959206    -0.1870303    -0.1788549    -0.1701604    -0.1574037    -0.1433351    -0.1291203
    -0.1140088 -9.835491E-02 -8.221874E-02 -6.571781E-02 -4.905294E-02 -3.214965E-02 -1.499922E-02  2.383293E-03  1.898818E-02  3.451502E-02  4.797003E-02  5.928226E-02  7.031809E-02  7.928252E-02  8.635424E-02  9.336502E-02     0.1003353     0.1072613     0.1141737     0.1206446
     0.1281213     0.1386242     0.1499423     0.1603778     0.1704711     0.1800774     0.1890148     0.2056925     0.2329272     0.2557226             0
             0    -0.3139085    -0.3077322     -0.302079    -0.2974367    -0.2919092    -0.2854871    -0.2790777    -0.2740738    -0.2698428    -0.2653836    -0.2595238    -0.2507196    -0.2397427    -0.2293399      -0.21962    -0.2091163    -0.1917437    -0.1719696    -0.1517558
    -0.1301613    -0.1077513 -8.465324E-02 -6.106791E-02    -0.0373145 -1.332029E-02  1.089114E-02  3.525441E-02     0.0583229  7.963403E-02  9.783285E-02     0.1129306     0.1274287      0.138989     0.1479818     0.1567629     0.1653525     0.1737407       0.18196     0.1895095
     0.1980397     0.2096093     0.2214722     0.2317918     0.2411565     0.2494891       0.25671     0.2692301     0.2849434     0.2897514             0
             0    -0.3564588    -0.3519219    -0.3471882    -0.3431507    -0.3381906     -0.332269    -0.3262154    -0.3214116    -0.3173087     -0.312943    -0.3071541    -0.2983445     -0.287184    -0.2764424    -0.2662619    -0.2550739    -0.2325507     -0.205882    -0.1783197
    -0.1487874    -0.1181311 -8.654736E-02 -5.430838E-02 -2.183858E-02  1.097135E-02  4.408616E-02  7.739466E-02     0.1088743     0.1378275     0.1623484     0.1824911     0.2015644     0.2164847     0.2279068     0.2388523     0.2493292     0.2593103      0.268822     0.2772974
     0.2865265     0.2982637     0.3091605     0.3175003     0.3239481     0.3286386     0.3317497     0.3354262     0.3322298     0.3161671             0
             0    -0.3867835     -0.384673    -0.3814968    -0.3785649    -0.3747417    -0.3699524    -0.3648606    -0.3607231    -0.3571424      -0.35329    -0.3481351    -0.3402109    -0.3300962    -0.3203354    -0.3111921     -0.301198    -0.2736675    -0.2397477    -0.2045513
    -0.1669581    -0.1280983 -8.817829E-02 -4.745195E-02  -6.34445E-03  3.539586E-02  7.782114E-02      0.120864     0.1619012     0.1999822     0.2324054     0.2590337      0.284106     0.3034551     0.3180498     0.3317533     0.3445204     0.3562709     0.3670004     0.3760869
     0.3853511     0.3956437     0.4030488     0.4065962     0.4071967     0.4054602     0.4020226     0.3927667     0.3676541     0.3334982             0
             0     -0.407492    -0.4080388    -0.4067134    -0.4051421    -0.4027581    -0.3994258    -0.3955725    -0.3922867    -0.3893717     -0.386175    -0.3818412    -0.3751214    -0.3666155    -0.3586397    -0.3517843    -0.3449296    -0.3124841     -0.271127    -0.2284307
    -0.1832655    -0.1369767 -8.967673E-02 -4.147414E-02  7.346503E-03  5.731885E-02     0.1087447     0.1617937      0.213363     0.2623971     0.3051535      0.340816     0.3747539     0.4009749     0.4205934      0.438685     0.4550063     0.4692917     0.4814105     0.4906792
      0.498813     0.5045152     0.5037221     0.4978408     0.4884528     0.4769858     0.4646418     0.4393781     0.3927594     0.3445863             0
             0    -0.4185991    -0.4211729    -0.4214162    -0.4210624    -0.4200291    -0.4180986    -0.4154052    -0.4128555    -0.4104687    -0.4077424    -0.4039463    -0.3979704    -0.3905801    -0.3841156    -0.3796725    -0.3766481    -0.3402222    -0.2929112    -0.2446097
    -0.1941152    -0.1428365 -9.071934E-02 -3.767093E-02     0.0162284  7.183103E-02     0.1297806     0.1906602     0.2512525     0.3108281     0.3648685     0.4114673     0.4573631     0.4939112     0.5215852     0.5471066     0.5696146      0.588192     0.6021891     0.6107621
     0.6154955     0.6106889      0.594507     0.5739548     0.5514342     0.5289363     0.5077401      0.468308     0.4065671     0.3502445             0
             0    -0.4235049    -0.4271297    -0.4282551    -0.4286286    -0.4284608    -0.4274961    -0.4256358      -0.42358    -0.4214961    -0.4189678    -0.4153182    -0.4094765    -0.4024273    -0.3966487    -0.3935864    -0.3929922    -0.3543172    -0.3037628    -0.2525475
    -0.1993812    -0.1456663 -9.123451E-02 -3.586676E-02  2.048411E-02     0.0788622      0.140136     0.2051946     0.2708956     0.3369625     0.3987102     0.4535536     0.5095795     0.5561415     0.5924244     0.6267264     0.6572368     0.6817151     0.6980949     0.7048539
     0.7041373     0.6850865     0.6521532     0.6184672     0.5859104     0.5559739     0.5293763     0.4819865     0.4127287     0.3526875             0
             0    -0.4261949    -0.4304434    -0.4321193    -0.4329682    -0.4334031    -0.4331733    -0.4320227    -0.4304068    -0.4285576    -0.4260852    -0.4223681    -0.4163812     -0.409367    -0.4039212    -0.4017055    -0.4027013    -0.3626143    -0.3100774    -0.2571279
    -0.2024021    -0.1472851 -9.153237E-02 -3.484373E-02  2.290956E-02  8.289299E-02     0.1461238     0.2137047     0.2825933     0.3529142     0.4200521     0.4810721     0.5453914     0.6011588     0.6461725      0.690469     0.7313395     0.7646189     0.7850072     0.7877643
      0.778421     0.7416404     0.6920716     0.6473174     0.6072317     0.5721599     0.5420546     0.4897438     0.4161232     0.3540122             0
             0     -0.427563    -0.4321455    -0.4341282    -0.4352539    -0.4360647      -0.43635    -0.4358088    -0.4346735    -0.4331075    -0.4305049    -0.4265033    -0.4202052    -0.4130839    -0.4077669    -0.4060089    -0.4079136    -0.3670361    -0.3134143     -0.259534
    -0.2039826    -0.1481305 -9.168893E-02 -3.431251E-02  2.417318E-02  8.500125E-02     0.1492741     0.2182221     0.2888806     0.3616548     0.4320735     0.4970964     0.5672789     0.6304101     0.6832866     0.7380421     0.7920426     0.8398432     0.8705661     0.8621318
     0.8380511     0.7808618      0.716832     0.6640334     0.6190686     0.5809077     0.5487961     0.4937753     0.4178546     0.3546813             0
