 51            10 
             0    -0.2924217    -0.2837295    -0.2769778    -0.2715216    -0.2651284    -0.2579937    -0.2511248    -0.2458974    -0.2415506    -0.2370448    -0.2312218    -0.2226919     -0.212245    -0.2007565    -0.1877017    -0.1735496    -0.1595266     -0.144922    -0.1297326
    -0.1145541 -9.942783E-02 -8.370189E-02 -6.747381E-02 -5.156219E-02 -3.522254E-02 -1.856319E-02 -2.521995E-03     0.0136834  2.996924E-02  4.351135E-02  5.465654E-02  6.531595E-02  7.376183E-02  8.026502E-02  8.693915E-02  9.376211E-02      0.100282     0.1064836     0.1128294
      0.120925     0.1312781     0.1426181     0.1533906     0.1626544     0.1726513     0.1830455     0.2009976     0.2290202     0.2532388             0
             0    -0.2970085    -0.2882024    -0.2813232    -0.2757693    -0.2692654    -0.2619839    -0.2549461    -0.2495741    -0.2450985    -0.2404509    -0.2344346    -0.2256045    -0.2147877    -0.2029197    -0.1895336    -0.1751136    -0.1607954    -0.1458434    -0.1302619
    -0.1146349 -9.901039E-02 -8.277778E-02 -6.606457E-02    -0.0496717 -3.289102E-02 -1.585094E-02  5.575691E-04  1.713208E-02  3.376955E-02  4.763164E-02  5.906587E-02  7.002651E-02  7.872249E-02  8.541306E-02      0.092256  9.922068E-02     0.1058605     0.1121668     0.1186075
     0.1267903     0.1372504     0.1487053     0.1595459     0.1688668     0.1787543     0.1887169     0.2058056     0.2328368     0.2558059             0
             0    -0.3754227    -0.3663204    -0.3586979    -0.3523386    -0.3446596    -0.3357981     -0.326981    -0.3201119    -0.3143153    -0.3082218    -0.3002429    -0.2883446    -0.2734948     -0.256952    -0.2380738    -0.2175642    -0.1971737    -0.1758222    -0.1535222
    -0.1311277    -0.1087304 -8.547965E-02 -6.158097E-02 -3.820647E-02 -1.437847E-02  9.691371E-03  3.270542E-02  5.573392E-02  7.859337E-02  9.736706E-02     0.1126499     0.1270747     0.1383136     0.1468425     0.1554323     0.1640441     0.1721178     0.1796449      0.187175
     0.1965548     0.2081524     0.2202057     0.2310236     0.2397683     0.2483546     0.2564585     0.2693194     0.2849312     0.2898391             0
             0    -0.4538207    -0.4490902    -0.4436074    -0.4384295    -0.4314891    -0.4226855    -0.4131666    -0.4053393    -0.3985199    -0.3911426    -0.3812326    -0.3659626    -0.3462472    -0.3237668    -0.2977513    -0.2692831    -0.2410861     -0.211626    -0.1809268
    -0.1501691    -0.1194713 -8.765258E-02    -0.0549727 -2.301349E-02  9.576807E-03  4.250908E-02  7.399125E-02     0.1054446     0.1365421     0.1618797     0.1823105     0.2013358     0.2158885     0.2267613     0.2375067     0.2480659     0.2577327     0.2664965     0.2749793
     0.2851936     0.2970897     0.3082481     0.3171591      0.323347     0.3281945     0.3317698     0.3355629     0.3323398      0.316306             0
             0    -0.5186877    -0.5245482    -0.5258135    -0.5252732    -0.5226563    -0.5171686    -0.5091592    -0.5014676    -0.4942094    -0.4858314    -0.4739784    -0.4546326    -0.4284661    -0.3979998    -0.3626022    -0.3240555    -0.2865434    -0.2479407    -0.2082159
    -0.1688231     -0.129803 -8.954132E-02 -4.823961E-02 -7.771814E-03  3.369685E-02  7.589222E-02     0.1165951     0.1576802     0.1986557     0.2322465     0.2593518     0.2844794      0.303467     0.3174562     0.3310047      0.343993     0.3554952     0.3654803     0.3746161
     0.3849371     0.3955574     0.4032508     0.4073029     0.4081772     0.4063711     0.4026187     0.3930338     0.3678881     0.3336938             0
             0    -0.5693567    -0.5918607    -0.6061254    -0.6156858    -0.6238789    -0.6282979    -0.6264868    -0.6210326    -0.6141694    -0.6047221    -0.5897862    -0.5630437    -0.5253654    -0.4817597      -0.43237    -0.3801344    -0.3311848    -0.2823943    -0.2333914
    -0.1856906    -0.1390442 -9.127165E-02 -4.236103E-02  5.708212E-03  5.536621E-02     0.1065148      0.156715     0.2085312     0.2614627     0.3060075     0.3426182     0.3770474      0.403208     0.4223818      0.440655     0.4576821     0.4720363      0.483552     0.4928675
     0.5017726      0.507691     0.5067827     0.5007667      0.492167     0.4801319     0.4662068     0.4398614     0.3931036      0.344831             0
             0    -0.5998676    -0.6395121    -0.6709359    -0.6961555    -0.7242706    -0.7509564     -0.766657    -0.7689833     -0.764374    -0.7526438    -0.7299044    -0.6856813    -0.6255564    -0.5609647    -0.4929766    -0.4251209    -0.3647878    -0.3070781    -0.2507561
    -0.1970299    -0.1451823 -9.247614E-02 -3.862141E-02  1.445705E-02  6.972326E-02     0.1273681     0.1850402      0.246221     0.3108822     0.3678134     0.4165533     0.4645128     0.5026479     0.5312844     0.5589342      0.584461     0.6048579     0.6190463     0.6271016
     0.6300886     0.6227633     0.6038277     0.5807129     0.5587689     0.5347941     0.5104481     0.4690177     0.4069834     0.3505193             0
             0    -0.6141197    -0.6640976    -0.7080281    -0.7466289    -0.7952623    -0.8511466    -0.8982069    -0.9189826    -0.9209092     -0.902778    -0.8617815    -0.7865826    -0.6975441    -0.6119969     -0.528829    -0.4499751    -0.3824649    -0.3196252    -0.2593706
    -0.2025682    -0.1481581 -9.307244E-02 -3.684792E-02  1.864993E-02  7.668376E-02     0.1376444      0.199327     0.2658994     0.3379511     0.4037306     0.4622937     0.5230237     0.5747679      0.615823     0.6579206     0.6987503     0.7318624     0.7521743     0.7552757
     0.7430746     0.7114241      0.669312     0.6290331     0.5960447      0.563731     0.5328478     0.4828323     0.4131798     0.3529764             0
             0    -0.6221588    -0.6787664    -0.7317026    -0.7811199    -0.8490353    -0.9392675     -1.038317     -1.106183      -1.13517     -1.090116     -1.002227    -0.8754494    -0.7523975    -0.6473032    -0.5520774    -0.4653666    -0.3930818    -0.3270104    -0.2643721
    -0.2057561     -0.149864 -9.341764E-02 -3.584246E-02  2.103988E-02     0.0806756     0.1435906     0.2077033     0.2776772     0.3546556      0.426845     0.4932199     0.5654526     0.6317166     0.6882358     0.7520921      0.821613     0.8868182     0.9315169     0.9127491
     0.8603311     0.7870958       0.71767     0.6613244     0.6194913      0.581256     0.5460457     0.4906765     0.4165942      0.354309             0
             0    -0.6263236    -0.6866812    -0.7452201    -0.8021636    -0.8858166     -1.012415     -1.195973     -1.408858     -1.661502     -1.392892     -1.160133    -0.9491807    -0.7900294    -0.6690191    -0.5654945    -0.4738998    -0.3988251    -0.3309453    -0.2670107
     -0.207428     -0.150756 -9.359927E-02 -3.532043E-02  2.228512E-02     0.0827641     0.1467209      0.212155     0.2840349     0.3638995     0.4401257     0.5118809     0.5931126       0.67304     0.7471169     0.8424007     0.9684006      1.135895       1.37544       1.17131
     0.9919717     0.8488862     0.7502121     0.6806962     0.6327233     0.5908228     0.5530944     0.4947568      0.418336      0.354982             0
