 51            10 
             0 -3.342368E-02     -0.032086 -3.099958E-02    -0.0301365 -2.913613E-02 -2.800101E-02 -2.689279E-02 -2.604126E-02 -2.532878E-02 -2.458564E-02    -0.0236192 -2.218961E-02    -0.0204442 -1.859352E-02 -1.664435E-02 -1.460391E-02    -0.0124798 -1.027996E-02  -8.01266E-03
 -5.686459E-03 -3.310177E-03 -8.929196E-04  1.555891E-03  4.026695E-03  6.509927E-03  8.996123E-03  1.147601E-02  1.394059E-02  1.638118E-02  1.848846E-02     0.0202727  2.203179E-02  2.347424E-02  2.461464E-02  2.574069E-02  2.685162E-02     0.0279467  2.902523E-02  3.008657E-02
  3.139097E-02  3.316844E-02  3.512196E-02  3.699395E-02  3.878133E-02  4.048156E-02     0.0420926  4.513315E-02  5.071877E-02     0.0561803             0
             0    -0.0336916 -3.234593E-02 -3.125207E-02 -3.038276E-02 -2.937485E-02 -2.823083E-02 -2.711359E-02 -2.625497E-02 -2.553646E-02 -2.478694E-02 -2.381209E-02 -2.236984E-02 -2.060862E-02 -1.874086E-02 -1.677344E-02 -1.471367E-02 -1.256925E-02 -1.034828E-02 -8.059174E-03
 -5.710637E-03 -3.311668E-03 -8.715545E-04  1.600094E-03  4.093522E-03  6.598964E-03  9.106756E-03  1.160743E-02  1.409179E-02  1.655098E-02  1.867337E-02  2.046972E-02  2.224003E-02  2.369106E-02     0.0248379  2.596995E-02  2.708643E-02  2.818662E-02  2.926981E-02  3.033535E-02
  3.164443E-02  3.342729E-02  3.538521E-02  3.725992E-02  3.904846E-02  4.074839E-02  4.235782E-02  4.539286E-02     0.0509548  5.636777E-02             0
             0 -3.786459E-02 -3.640183E-02 -3.519606E-02 -3.423238E-02 -3.310926E-02 -3.182837E-02 -3.057192E-02 -2.960332E-02 -2.879121E-02 -2.794248E-02 -2.683665E-02 -2.519655E-02 -2.318781E-02 -2.105213E-02    -0.0187977 -1.643346E-02 -1.396898E-02 -1.141445E-02 -8.780552E-03
 -6.078497E-03 -3.319934E-03 -5.169983E-04  2.317642E-03  5.171036E-03  8.030148E-03  1.088202E-02     0.0137139  1.651343E-02     0.0192687      0.021631  2.361944E-02  2.556734E-02  2.715362E-02  2.840162E-02  2.962762E-02  3.083074E-02  3.201015E-02  3.316509E-02     0.0342949
  3.567499E-02  3.753785E-02  3.955843E-02  4.146842E-02     0.0432667  4.495306E-02  4.652809E-02  4.945793E-02  5.461145E-02  5.923525E-02             0
             0 -4.120295E-02 -3.969661E-02 -3.843006E-02 -3.740964E-02    -0.0362116 -3.483592E-02 -3.347799E-02 -3.242658E-02 -3.154263E-02 -3.061642E-02    -0.0294067 -2.760643E-02 -2.539271E-02 -2.303112E-02 -2.053128E-02 -1.790379E-02 -1.516012E-02 -1.231247E-02 -9.373649E-03
 -6.357064E-03 -3.276667E-03 -1.470491E-04  3.016426E-03  6.197907E-03  9.381264E-03  1.255024E-02  1.568862E-02  1.878036E-02  2.180985E-02  2.439304E-02  2.655683E-02  2.866469E-02  3.037039E-02  3.170615E-02  3.301187E-02  3.428646E-02  3.552895E-02     0.0367385  3.791444E-02
  3.934165E-02  4.124873E-02  4.328814E-02  4.518779E-02     0.0469497  4.857721E-02  5.007463E-02  5.281915E-02     0.0574483  6.129776E-02             0
             0 -4.345158E-02    -0.0419579 -4.067535E-02 -3.963312E-02 -3.839977E-02 -3.697304E-02 -3.555505E-02 -3.445195E-02 -3.352183E-02 -3.254458E-02 -3.126493E-02 -2.935402E-02 -2.699506E-02 -2.447072E-02 -2.179222E-02 -1.897194E-02 -1.602315E-02 -1.295973E-02 -9.796061E-03
 -6.546974E-03 -3.227777E-03  1.455671E-04  3.556172E-03  6.986485E-03  1.041843E-02  1.383347E-02  1.721268E-02  2.053684E-02  2.378663E-02  2.654838E-02  2.885388E-02  3.109024E-02  3.289053E-02  3.429471E-02  3.566119E-02  3.698855E-02  3.827557E-02  3.952127E-02  4.072495E-02
  4.217642E-02     0.0440962  4.612004E-02  4.797791E-02  4.967632E-02  5.122329E-02  5.262757E-02  5.516863E-02  5.931659E-02  6.257924E-02             0
             0 -4.492063E-02 -4.346457E-02 -4.219035E-02 -4.114664E-02 -3.990228E-02 -3.845248E-02 -3.700173E-02 -3.586781E-02 -3.490891E-02    -0.0338987    -0.0325726 -3.058587E-02 -2.812481E-02 -2.548467E-02 -2.267862E-02 -1.972093E-02 -1.662653E-02 -1.341062E-02 -1.008862E-02
 -6.676079E-03 -3.188831E-03  3.567132E-04  3.943177E-03  7.552425E-03  1.116561E-02     0.0147631  1.832442E-02  2.182814E-02     0.0252519  2.815748E-02  3.057847E-02  3.292019E-02     0.0347978  3.625736E-02  3.767211E-02  3.904007E-02  4.035959E-02  4.162945E-02  4.284886E-02
     0.0443096  4.622157E-02  4.820859E-02  5.000747E-02  5.163076E-02  5.309197E-02  5.440444E-02     0.0567569  6.051734E-02  6.336921E-02             0
             0 -4.568204E-02 -4.426017E-02    -0.0430009 -4.196414E-02 -4.072183E-02     -0.039267 -3.780371E-02 -3.665571E-02 -3.568262E-02 -3.465524E-02 -3.330401E-02 -3.127465E-02    -0.0287549 -2.604798E-02 -2.316888E-02 -2.013337E-02 -1.695744E-02 -1.365703E-02 -1.024796E-02
  -6.74595E-03 -3.166833E-03  4.730737E-04  4.156502E-03  7.865421E-03  1.158102E-02  1.528361E-02  1.895233E-02  2.256502E-02  2.609788E-02  2.909696E-02  3.159501E-02  3.400873E-02  3.594005E-02  3.743819E-02     0.0388863     0.0402816  4.162179E-02  4.290522E-02  4.413095E-02
  4.559079E-02  4.748454E-02     0.0494303  5.117441E-02  5.273536E-02  5.413116E-02     0.0553782  5.760362E-02  6.113247E-02  6.376261E-02             0
             0 -4.601309E-02 -4.460936E-02 -4.335929E-02 -4.232768E-02 -4.108861E-02 -3.963393E-02 -3.816681E-02 -3.701337E-02 -3.603436E-02 -3.499941E-02    -0.0336367    -0.0315874 -2.904001E-02 -2.630189E-02 -2.338905E-02 -2.031798E-02 -1.710517E-02 -1.376681E-02 -1.031884E-02
  -6.77698E-03 -3.156992E-03  5.249315E-04  4.251659E-03  8.005307E-03  1.176722E-02  1.551779E-02  1.923624E-02  2.290025E-02  2.648566E-02  2.953106E-02  3.206829E-02  3.451964E-02  3.647987E-02  3.799913E-02     0.0394657  4.087609E-02  4.222737E-02  4.351737E-02  4.474497E-02
  4.620155E-02  4.808068E-02  4.999944E-02  5.171114E-02  5.323769E-02  5.459919E-02  5.581325E-02  5.797658E-02  6.139853E-02  6.393071E-02             0
             0    -0.0461932 -4.480027E-02 -4.355602E-02    -0.0425279 -4.129141E-02 -3.983771E-02 -3.836921E-02 -3.721313E-02 -3.623099E-02 -3.519185E-02 -3.382263E-02 -3.176183E-02 -2.919856E-02 -2.644269E-02 -2.351085E-02 -2.041992E-02 -1.718661E-02 -1.382726E-02 -1.035784E-02
 -6.794043E-03 -3.151573E-03  5.534704E-04  4.304057E-03  8.082414E-03       0.01187  1.564733E-02     0.0193937  2.308681E-02     0.0267024     0.0297749  3.233545E-02  3.480972E-02  3.678806E-02  3.832083E-02  3.979944E-02  4.121985E-02  4.257847E-02  4.387252E-02  4.510059E-02
  4.655365E-02  4.842133E-02  5.032143E-02  5.201221E-02  5.351752E-02  5.485848E-02  5.605323E-02  5.818081E-02  6.154293E-02  6.402142E-02             0
             0 -4.628435E-02 -4.489719E-02 -4.365618E-02 -4.263008E-02 -4.139522E-02 -3.994242E-02 -3.847358E-02 -3.731636E-02 -3.633269E-02 -3.529138E-02 -3.391869E-02 -3.185172E-02 -2.928003E-02 -2.651487E-02 -2.357317E-02 -2.047199E-02 -1.722817E-02 -1.385809E-02 -1.037772E-02
 -6.802737E-03 -3.148812E-03  5.680143E-04  4.330771E-03  8.121753E-03  1.192249E-02  1.571357E-02  1.947436E-02     0.0231826  2.681405E-02  2.990097E-02  3.247413E-02  3.496107E-02  3.694975E-02  3.849044E-02  3.997638E-02  4.140313E-02  4.276654E-02  4.406315E-02  4.529092E-02
     0.0467408  4.860044E-02  5.048906E-02  5.216783E-02  5.366139E-02  5.499127E-02  5.617576E-02     0.0582846     0.0616159  6.406709E-02             0
