 51            10 
             0 -1.278618E-02 -1.230819E-02 -1.174231E-02 -1.128269E-02    -0.0107475 -1.014008E-02 -9.547529E-03 -9.092534E-03 -8.711996E-03 -8.315243E-03 -7.799457E-03 -7.036856E-03 -6.106279E-03  -5.11999E-03 -4.081553E-03 -2.994759E-03 -1.863601E-03 -6.922595E-04  5.149181E-04
  1.753429E-03  3.018624E-03  4.305717E-03  5.609791E-03  6.925861E-03  8.248932E-03  9.574053E-03  1.089637E-02  1.221115E-02  1.351383E-02  1.463928E-02  1.559266E-02  1.653307E-02  1.730463E-02  1.791486E-02  1.851764E-02  1.911256E-02  1.969924E-02  2.027731E-02  2.084641E-02
  2.154615E-02  2.250034E-02  2.355006E-02  2.455699E-02  2.551942E-02  2.643593E-02  2.730533E-02  2.894801E-02  3.197404E-02  3.473509E-02             0
             0 -1.291846E-02 -1.243892E-02 -1.186945E-02    -0.0114067 -1.086769E-02 -1.025576E-02 -9.658647E-03 -9.200061E-03 -8.816474E-03 -8.416495E-03  -7.89646E-03  -7.12746E-03 -6.188902E-03 -5.193997E-03 -4.146353E-03  -3.04981E-03 -1.908421E-03 -7.264327E-04  4.917333E-04
  1.741494E-03  3.018115E-03  4.316717E-03  5.632291E-03  6.959752E-03  8.294006E-03  9.630002E-03  1.096278E-02  1.228753E-02  1.359958E-02  1.473264E-02  1.569212E-02     0.0166382  1.741409E-02  1.802756E-02  1.863337E-02  1.923111E-02  1.982037E-02  2.040079E-02  2.097202E-02
  2.167414E-02  2.263107E-02  2.368304E-02  2.469138E-02  2.565444E-02  2.657084E-02  2.743947E-02  2.907946E-02  3.209374E-02     0.0348299             0
             0 -1.497833E-02 -1.447829E-02 -1.385478E-02 -1.334466E-02 -1.274733E-02 -1.206605E-02 -1.139844E-02 -1.088422E-02 -1.045329E-02 -1.000316E-02 -9.416948E-03 -8.548049E-03 -7.484588E-03  -6.35456E-03 -5.162238E-03  -3.91227E-03 -2.609646E-03 -1.259662E-03  1.321057E-04
  1.559823E-03  3.017412E-03   4.49856E-03  5.996728E-03  7.505243E-03  9.017374E-03  1.052643E-02  1.202581E-02     0.0135091  1.497015E-02  1.622399E-02  1.728021E-02  1.831577E-02  1.915985E-02  1.982436E-02  2.047761E-02  2.111911E-02  2.174844E-02  2.236519E-02  2.296901E-02
     0.0237072  2.470492E-02     0.0257891  2.681594E-02     0.0277847     0.0286951  2.954727E-02  3.113601E-02  3.394803E-02  3.628085E-02             0
             0 -1.662092E-02 -1.612856E-02 -1.547584E-02 -1.493699E-02 -1.430149E-02 -1.357202E-02 -1.285299E-02 -1.229691E-02 -1.182972E-02 -1.134053E-02 -1.070199E-02  -9.75253E-03 -8.586115E-03 -7.342746E-03 -6.027378E-03 -4.645486E-03 -3.202992E-03 -1.706197E-03 -1.617386E-04
  1.423443E-03  3.042105E-03   4.68669E-03  6.349318E-03   8.02187E-03  9.696073E-03  1.136359E-02  1.301609E-02  1.464536E-02  1.624338E-02  1.760758E-02  1.875143E-02  1.986699E-02  2.077085E-02  2.147933E-02  2.217256E-02  2.284998E-02  2.351107E-02  2.415539E-02  2.478258E-02
  2.554477E-02  2.656533E-02  2.765991E-02  2.868266E-02  2.963438E-02  3.051652E-02  3.133102E-02  3.282927E-02  3.538253E-02     0.0373231             0
             0 -1.772418E-02 -1.725679E-02 -1.659619E-02 -1.604578E-02 -1.539178E-02 -1.463597E-02 -1.388633E-02 -1.330407E-02 -1.281359E-02 -1.229872E-02    -0.0116251    -0.0106203 -9.381426E-03 -8.056982E-03 -6.652684E-03  -5.17485E-03 -3.630264E-03 -2.026059E-03 -3.696495E-04
  1.331296E-03  3.068835E-03  4.834698E-03  6.620232E-03  8.416455E-03  1.021411E-02     0.0120037  1.377556E-02  1.551988E-02  1.722684E-02  1.867924E-02  1.989308E-02  2.107211E-02  2.202274E-02  2.276508E-02  2.348845E-02  2.419211E-02  2.487543E-02  2.553793E-02  2.617921E-02
  2.695396E-02  2.798176E-02  2.906995E-02  3.007345E-02  3.099516E-02  3.183879E-02     0.0326084      0.034008  3.632511E-02  3.797008E-02             0
             0 -1.844326E-02 -1.800565E-02    -0.0173485 -1.679637E-02 -1.613575E-02    -0.0153674 -1.460073E-02 -1.400276E-02 -1.349775E-02 -1.296635E-02 -1.226958E-02 -1.122719E-02 -9.937938E-03 -8.556439E-03 -7.089288E-03  -5.54368E-03 -3.927179E-03 -2.247568E-03 -5.127735E-04
  1.269147E-03  3.089949E-03  4.941096E-03  6.813659E-03  8.698327E-03  1.058541E-02  1.246484E-02  1.432612E-02  1.615833E-02  1.795012E-02  1.947242E-02  2.074224E-02  2.197224E-02  2.296025E-02  2.372939E-02  2.447617E-02     0.0251996  2.589889E-02  2.657343E-02  2.722279E-02
  2.800278E-02     0.0290281  3.010015E-02  3.107674E-02  3.196353E-02  3.276676E-02     0.0334927  3.480186E-02  3.692984E-02  3.836868E-02             0
             0 -1.881527E-02 -1.839965E-02 -1.774894E-02 -1.719923E-02 -1.653848E-02 -1.576654E-02 -1.499289E-02 -1.438757E-02 -1.387536E-02 -1.333541E-02 -1.262626E-02 -1.156314E-02 -1.024549E-02 -8.831664E-03 -7.329045E-03 -5.745493E-03  -4.08909E-03 -2.367981E-03 -5.903161E-04
  1.235729E-03  3.101869E-03  4.999574E-03  6.919929E-03  8.853629E-03  1.079096E-02  1.272174E-02  1.463523E-02  1.652005E-02  1.836409E-02  1.993074E-02  2.123684E-02  2.250047E-02  2.351341E-02  2.430041E-02  2.506262E-02  2.579877E-02     0.0265078  2.718895E-02  2.784177E-02
  2.862217E-02     0.0296405  3.069509E-02  3.164758E-02  3.250622E-02  3.327933E-02  3.397467E-02  3.522367E-02  3.723924E-02     0.0385671             0
             0 -1.897686E-02 -1.857225E-02 -1.792547E-02 -1.737768E-02 -1.671778E-02 -1.594514E-02 -1.516904E-02 -1.456078E-02 -1.404552E-02 -1.350183E-02 -1.278714E-02 -1.171453E-02 -1.038378E-02 -8.955088E-03 -7.436269E-03 -5.835522E-03 -4.161164E-03 -2.421489E-03 -6.247237E-04
  1.220932E-03  3.107206E-03  5.025605E-03  6.967261E-03  8.922919E-03     0.0108829  1.283703E-02  1.477455E-02  1.668395E-02  1.855286E-02  2.014109E-02  2.146519E-02  2.274583E-02     0.0237716  2.456789E-02  2.533815E-02  2.608087E-02  2.679481E-02  2.747905E-02  2.813306E-02
  2.891271E-02  2.992574E-02  3.096947E-02  3.190821E-02     0.0327517  3.350928E-02  3.418937E-02  3.540918E-02  3.737299E-02  3.865187E-02             0
             0 -1.906475E-02 -1.866652E-02 -1.802221E-02 -1.747572E-02 -1.681659E-02 -1.604388E-02 -1.526665E-02 -1.465688E-02      -0.01414 -1.359427E-02 -1.287648E-02 -1.179853E-02 -1.046038E-02 -9.023326E-03 -7.495448E-03 -5.885136E-03 -4.200835E-03 -2.450913E-03 -6.436313E-04
  1.212807E-03  3.110146E-03  5.039923E-03  6.993307E-03   8.96108E-03     0.0109336  1.290073E-02     0.0148517  1.677497E-02  1.865807E-02  2.025878E-02     0.0215934  2.288415E-02  2.391769E-02  2.471964E-02  2.549486E-02  2.624165E-02  2.695857E-02  2.764459E-02  2.829912E-02
  2.907792E-02  3.008708E-02  3.112363E-02  3.205374E-02  3.288802E-02  3.363639E-02  3.430761E-02  3.551068E-02  3.744556E-02  3.869761E-02             0
             0 -1.910921E-02 -1.871434E-02    -0.0180714 -1.752567E-02 -1.686704E-02 -1.609441E-02 -1.531671E-02 -1.470622E-02 -1.418853E-02 -1.364175E-02 -1.292236E-02 -1.184162E-02 -1.049961E-02 -9.058228E-03 -7.525677E-03 -5.910452E-03 -4.221061E-03 -2.465905E-03 -6.532603E-04
  1.208671E-03  3.111645E-03  5.047217E-03   7.00658E-03  8.980538E-03  1.095948E-02  1.293328E-02  1.489118E-02  1.682164E-02  1.871214E-02  2.031944E-02  2.165968E-02  2.295589E-02     0.0239937     0.0247988  2.557682E-02  2.632593E-02  2.704456E-02  2.773155E-02  2.838627E-02
  2.916437E-02  3.017107E-02  3.120342E-02  3.212868E-02  3.295795E-02  3.370139E-02  3.436792E-02  3.556223E-02  3.748222E-02  3.872064E-02             0
