 51            10 
             0    -0.2906958    -0.2817937    -0.2746928    -0.2690923    -0.2626344    -0.2553222    -0.2481847    -0.2426966    -0.2381012    -0.2333038    -0.2270589    -0.2178083    -0.2064993    -0.1945052    -0.1818887     -0.168713    -0.1550274    -0.1408872    -0.1263483
    -0.1114423 -9.608159E-02 -7.958256E-02 -6.299177E-02 -4.637419E-02 -2.980637E-02 -1.335571E-02   2.92537E-03  1.898357E-02  3.476203E-02  4.827298E-02  5.963794E-02  7.076712E-02  7.983087E-02  8.696475E-02  9.397884E-02     0.1008724      0.107647     0.1143053      0.120851
      0.128897     0.1394045     0.1505847      0.160949     0.1704577     0.1794432     0.1878663     0.2035457     0.2307151     0.2540918             0
             0    -0.2959622    -0.2870172    -0.2798068    -0.2741504    -0.2676847    -0.2603338    -0.2531321    -0.2475807    -0.2429236    -0.2380511    -0.2316916    -0.2222269    -0.2106096    -0.1982376    -0.1852441    -0.1717755     -0.157736    -0.1431647    -0.1281278
     -0.112686 -9.681215E-02 -8.007224E-02 -6.312519E-02 -4.608765E-02    -0.0291493    -0.0124104  4.163952E-03  2.053487E-02  3.663057E-02  5.039673E-02  6.195668E-02  7.325152E-02  8.242176E-02  8.961457E-02  9.664485E-02     0.1035077     0.1102222     0.1168027      0.123264
     0.1312158     0.1417096      0.152988     0.1635734     0.1733598     0.1825555     0.1910929     0.2068643     0.2335843      0.255989             0
             0    -0.3739741    -0.3645966       -0.3565    -0.3499455    -0.3422281    -0.3332014    -0.3241187    -0.3169855     -0.310931    -0.3045259    -0.2960784    -0.2833248    -0.2674077     -0.250225    -0.2319852    -0.2129269    -0.1929457    -0.1721264    -0.1505905
    -0.1284514    -0.1056972 -8.173832E-02 -5.752075E-02 -3.323894E-02 -9.194003E-03  1.443601E-02  3.766202E-02     0.0603845  8.245284E-02     0.1010366     0.1164233     0.1312112     0.1429905     0.1520993     0.1608648     0.1692764     0.1773554     0.1851176     0.1925796
     0.2015602     0.2130013     0.2246519     0.2349793     0.2439319     0.2517902     0.2585698     0.2701473     0.2850422     0.2898681             0
             0    -0.4512043    -0.4455372     -0.439091    -0.4332958    -0.4258626     -0.416476    -0.4063771    -0.3980926    -0.3908769    -0.3830633    -0.3725417    -0.3562258    -0.3352871    -0.3122545    -0.2874924    -0.2614632    -0.2340966    -0.2055627     -0.176061
    -0.1457643    -0.1146659 -8.197246E-02 -4.889398E-02 -1.568615E-02  1.724685E-02  4.964988E-02  8.151267E-02     0.1126463     0.1427606      0.167906     0.1885101     0.2080208     0.2232513     0.2348311     0.2457524      0.255982     0.2655345     0.2744215     0.2826593
     0.2921788     0.3035041     0.3137631     0.3216857     0.3274168     0.3314183     0.3339227     0.3364703       0.33191     0.3162041             0
             0    -0.5140703    -0.5170856    -0.5158702    -0.5133445    -0.5087005    -0.5012435    -0.4917142    -0.4830981    -0.4751897     -0.466242    -0.4537505    -0.4335595    -0.4067066    -0.3766783    -0.3441944    -0.3101931    -0.2746981    -0.2379902    -0.2003293
    -0.1619011    -0.1226386 -8.147933E-02 -3.974414E-02  2.349681E-03  4.439949E-02  8.616745E-02     0.1277047     0.1687793     0.2089485     0.2427445     0.2704652     0.2965795     0.3166778     0.3317137     0.3455727     0.3581395     0.3693839     0.3792879     0.3878587
     0.3969557     0.4061333     0.4118473     0.4138726     0.4129242     0.4098742      0.405351     0.3943877     0.3671026     0.3334915             0
             0    -0.5621338    -0.5779714    -0.5860582    -0.5900608    -0.5918946    -0.5900711    -0.5837352     -0.575998     -0.567924    -0.5579007    -0.5429566    -0.5172662    -0.4818868    -0.4422765     -0.399905    -0.3565074    -0.3121517    -0.2671388    -0.2216675
    -0.1758095    -0.1293187 -8.077773E-02 -3.143815E-02  1.865819E-02  6.927372E-02     0.1203737     0.1722832     0.2249606     0.2780255     0.3240895     0.3626938     0.3996636     0.4282799     0.4495434     0.4687665     0.4855247     0.4995552     0.5106704     0.5188159
     0.5254225     0.5278813     0.5224881     0.5122111     0.4991476     0.4848187     0.4702821     0.4420125      0.392127     0.3445574             0
             0    -0.5903893    -0.6185547    -0.6377595    -0.6507446    -0.6631106    -0.6724328    -0.6742702    -0.6698763    -0.6625458    -0.6511031    -0.6319484    -0.5967655    -0.5484856    -0.4964685     -0.443022    -0.3904427    -0.3383921    -0.2868476    -0.2357064
     -0.184773    -0.1335405 -8.025029E-02 -2.598723E-02  2.943727E-02  8.604574E-02     0.1441531     0.2045867     0.2678973     0.3343898     0.3952456     0.4486776      0.502496     0.5462452     0.5795682     0.6100419      0.636182     0.6565835     0.6699854     0.6758026
     0.6743897     0.6592515     0.6308353     0.5996006     0.5692966      0.541272     0.5161971      0.471978      0.405941      0.350207             0
             0    -0.6034144    -0.6387156    -0.6654933    -0.6854985    -0.7076716    -0.7300146    -0.7447925    -0.7475579     -0.742593    -0.7284745    -0.7017571    -0.6529963    -0.5908197    -0.5281024    -0.4665965    -0.4081456    -0.3516288    -0.2965554    -0.2425071
    -0.1890657    -0.1355448 -7.998777E-02 -2.336832E-02  3.464416E-02  9.424356E-02     0.1559924     0.2211057     0.2906941     0.3659086     0.4376568     0.5034317     0.5734994     0.6346548     0.6838516     0.7315111     0.7745348     0.8085679     0.8278026     0.8272707
     0.8079488     0.7627545     0.7055998     0.6536477      0.609196      0.571429     0.5396596     0.4862564     0.4121173     0.3526469             0
             0    -0.6107096    -0.6504895    -0.6825154    -0.7079029    -0.7387398    -0.7753167     -0.809936    -0.8297294     -0.834341    -0.8104693    -0.7664911    -0.6975093    -0.6205729    -0.5486884    -0.4811872    -0.4187572     -0.359399    -0.3021754    -0.2464078
    -0.1915128    -0.1366824 -7.983603E-02 -2.187448E-02  3.762331E-02  9.896383E-02     0.1628784     0.2308595     0.3044564     0.3855677     0.4653033      0.540976     0.6257078     0.7052949     0.7739404      0.846807     0.9209836     0.9891737      1.032867      1.007666
     0.9445969     0.8509998     0.7610869     0.6901326     0.6345004     0.5897714     0.5535495     0.4943879     0.4155234       0.35397             0
             0    -0.6144709    -0.6567436    -0.6919373    -0.7209089    -0.7584566    -0.8092268    -0.8744399    -0.9452698     -1.030609     -0.925916    -0.8307763    -0.7309899    -0.6395696    -0.5607194    -0.4893052    -0.4244995    -0.3635348     -0.305136    -0.2484492
    -0.1927881    -0.1372737 -7.975639E-02 -2.109596E-02  3.917922E-02     0.1014398     0.1665158     0.2360678     0.3119286     0.3965258     0.4813255      0.563832      0.659987     0.7566936     0.8469733     0.9552783      1.090025      1.266553       1.51258      1.287201
      1.092696     0.9219502      0.798265     0.7121218     0.6488566     0.5998096     0.5609912      0.498626     0.4172618     0.3546383             0
