 51            10 
             0    -0.2906372    -0.2811157    -0.2729396    -0.2673184    -0.2615396    -0.2545609    -0.2474514    -0.2418387    -0.2370581    -0.2319795    -0.2252441    -0.2149506    -0.2026712    -0.1897508    -0.1773754    -0.1656949    -0.1527578    -0.1387485    -0.1237846
     -0.107919    -0.0911357 -7.486839E-02 -5.918277E-02 -4.272535E-02 -2.683894E-02 -1.169486E-02  3.734479E-03  1.928125E-02  3.480531E-02  4.826992E-02  5.970046E-02  7.100528E-02  8.031845E-02  8.771259E-02  9.459129E-02     0.1009496     0.1072383     0.1134483     0.1195709
     0.1271041     0.1373713     0.1486435     0.1594411     0.1697736     0.1791195     0.1874604     0.2031268     0.2304229     0.2538606             0
             0     -0.296239    -0.2873339    -0.2799995    -0.2743299    -0.2681044    -0.2608321    -0.2536901      -0.24819    -0.2435786    -0.2387529    -0.2324399    -0.2229275    -0.2113401    -0.1987081    -0.1855278    -0.1725739    -0.1586236    -0.1439693    -0.1287141
    -0.1129344 -9.639587E-02 -7.977161E-02 -6.339774E-02 -4.627557E-02 -2.945029E-02 -1.323825E-02  3.113247E-03  1.943011E-02  3.557633E-02     0.0493742  6.095332E-02  7.229074E-02  8.158366E-02  8.898906E-02  9.597465E-02     0.1025069      0.108991     0.1153945     0.1217072
     0.1294679     0.1399329     0.1512762     0.1620216        0.1722     0.1816456     0.1902747     0.2063882     0.2333184      0.255932             0
             0    -0.3743632    -0.3650697    -0.3568636    -0.3503354    -0.3429213     -0.334011    -0.3250211    -0.3179653    -0.3119783    -0.3056414     -0.297262    -0.2844474     -0.268575    -0.2510105    -0.2324993    -0.2141304     -0.194253     -0.173307    -0.1514629
    -0.1288514    -0.1051583 -8.136892E-02 -5.796923E-02 -3.356575E-02  -9.67901E-03  1.321635E-02  3.614278E-02  5.880493E-02  8.096043E-02  9.960482E-02     0.1150327     0.1298918     0.1418422     0.1512333     0.1599627     0.1679878     0.1758119     0.1833921     0.1907145
     0.1995251      0.210998     0.2228011     0.2333566     0.2427358     0.2508741     0.2577887     0.2697572     0.2850293     0.2898853             0
             0    -0.4519179    -0.4465292    -0.4401614    -0.4345975    -0.4275784    -0.4184306    -0.4085195    -0.4003694    -0.3932597    -0.3855437    -0.3751098    -0.3586906    -0.3377732    -0.3141321    -0.2889215    -0.2637035    -0.2363721    -0.2075868    -0.1776038
    -0.1466198    -0.1142071 -8.170201E-02 -4.972663E-02 -1.635871E-02  1.633037E-02      0.047692  7.910049E-02     0.1101002     0.1402826     0.1654698     0.1860987     0.2056778     0.2211129     0.2330434     0.2439245     0.2536918     0.2629615     0.2716724     0.2798025
     0.2892205     0.3007005     0.3112995      0.319598     0.3258207     0.3301786      0.332937     0.3359993     0.3320942      0.316281             0
             0    -0.5153422    -0.5191883    -0.5186597     -0.516984    -0.5130904    -0.5062715    -0.4972146    -0.4888735     -0.481144    -0.4723237    -0.4598989    -0.4394248    -0.4123854    -0.3812289    -0.3478481    -0.3145242    -0.2787399    -0.2414512    -0.2029771
    -0.1635371     -0.122518    -0.0815044 -4.112934E-02  1.154223E-03  4.282417E-02  8.315857E-02       0.12397      0.164689     0.2047319     0.2383729     0.2659418     0.2919658     0.3121926     0.3275805     0.3413122     0.3532594     0.3641546     0.3738897     0.3824228
     0.3915839     0.4011886     0.4076726     0.4104357     0.4101848     0.4077164     0.4037375     0.3936168     0.3673942     0.3336116             0
             0    -0.5641342    -0.5819029    -0.5920861    -0.5984166    -0.6020529    -0.6021292    -0.5971797    -0.5901277    -0.5823957    -0.5724853    -0.5573714    -0.5306387    -0.4941445    -0.4520599    -0.4076385    -0.3642571    -0.3188323    -0.2725865    -0.2257531
     -0.178433    -0.1296984     -0.081203 -3.343054E-02  1.686642E-02  6.691077E-02     0.1160974     0.1668472     0.2187004     0.2710987     0.3164058     0.3542755     0.3905555     0.4188716     0.4402489     0.4589565     0.4746234     0.4880536     0.4989547     0.5072091
     0.5143036     0.5179161     0.5143981     0.5058018     0.4940427     0.4808673     0.4674798     0.4407338     0.3924546     0.3447066             0
             0    -0.5930208    -0.6245036    -0.6480274    -0.6658908    -0.6825294    -0.6970485    -0.7030107    -0.7005476    -0.6939652    -0.6823867    -0.6619947    -0.6231417    -0.5708672    -0.5135208    -0.4558241    -0.4020154    -0.3477619    -0.2941597    -0.2410508
    -0.1882203    -0.1343515 -8.100086E-02 -2.842865E-02  2.718958E-02  8.304312E-02     0.1388049     0.1975987     0.2594597     0.3244229     0.3834275     0.4349417      0.486676      0.528909     0.5614763     0.5901721      0.613767     0.6326489     0.6455445     0.6518504
     0.6521588      0.640251     0.6162997       0.58874     0.5609596     0.5350599     0.5119919     0.4701893     0.4062641     0.3503714             0
             0    -0.6063895    -0.6459317    -0.6788225    -0.7060029     -0.735329    -0.7674381    -0.7910208    -0.7980067    -0.7944123    -0.7796308    -0.7494844    -0.6923526    -0.6219001    -0.5507158    -0.4828671    -0.4221478    -0.3626061    -0.3049276    -0.2485393
    -0.1929504    -0.1365848 -8.090678E-02 -2.603522E-02  3.216384E-02  9.090375E-02     0.1500633     0.2132389     0.2809488      0.353972     0.4229231     0.4856286     0.5520365     0.6099952     0.6569764     0.7004725      0.737928     0.7680641     0.7857528     0.7868307
     0.7722809     0.7344344     0.6853092     0.6392782     0.5985308     0.5636957     0.5345618     0.4841745     0.4124326     0.3528178             0
             0     -0.613893    -0.6585366    -0.6980362    -0.7324848     -0.773276     -0.824743    -0.8742442    -0.9004845    -0.9051483     -0.881991    -0.8324092    -0.7488836    -0.6587386    -0.5754492    -0.4998494    -0.4343618    -0.3714003    -0.3112047    -0.2528573
     -0.195659    -0.1378591 -8.085433E-02 -2.467254E-02  3.500657E-02  9.542294E-02     0.1565977     0.2224479     0.2938738     0.3723131     0.4485087      0.520124     0.5996666      0.674102     0.7384835     0.8031877     0.8657259     0.9233019     0.9602541     0.9419284
     0.8920966     0.8134366     0.7359154     0.6731012     0.6221833     0.5810056     0.5478661     0.4921239     0.4158328     0.3541446             0
             0    -0.6177674    -0.6652683    -0.7088143    -0.7481578    -0.7979161    -0.8682185    -0.9533259     -1.021857     -1.061071       -1.0033    -0.9113226    -0.7918511    -0.6826819    -0.5901448    -0.5093971    -0.4410281     -0.376111    -0.3145272    -0.2551252
    -0.1970748    -0.1385235 -8.082746E-02    -0.0239632  3.649017E-02  9.779108E-02     0.1600445     0.2273561     0.3008737     0.3825012     0.4632679     0.5410011     0.6307073     0.7202963     0.8037472     0.8975756      1.007969      1.150111      1.340631      1.170642
      1.017912     0.8759063     0.7694559     0.6933466     0.6355275     0.5904356     0.5549723     0.4962618     0.4175677     0.3548147             0
