 51            10 
             0    -0.2905443    -0.2816522    -0.2745586    -0.2689596    -0.2624987     -0.255183    -0.2480429    -0.2425535    -0.2379576    -0.2331604    -0.2269168    -0.2176707    -0.2063704    -0.1943878    -0.1817818     -0.168614    -0.1549455    -0.1408464    -0.1264063
    -0.1117618 -9.711449E-02 -8.027219E-02 -6.334422E-02 -4.642292E-02 -2.959157E-02 -1.292166E-02  3.523243E-03  1.968348E-02      0.035501  4.899174E-02     0.0603036  7.134189E-02  8.029556E-02  8.732118E-02  9.420469E-02      0.100942     0.1075297     0.1139653     0.1202474
     0.1279073      0.138227     0.1493987     0.1599393     0.1698359     0.1790706     0.1876412     0.2034706     0.2306066       0.25381             0
             0    -0.2956826    -0.2867372    -0.2795676    -0.2739143    -0.2673975    -0.2600066     -0.252775    -0.2472036    -0.2425318    -0.2376476    -0.2312803    -0.2218276    -0.2102435    -0.1979376    -0.1849901    -0.1714761    -0.1574319    -0.1429157    -0.1280186
    -0.1128886 -9.776349E-02 -8.069248E-02 -6.327708E-02 -4.590749E-02 -2.868759E-02 -1.167043E-02  5.101628E-03  2.158076E-02  3.771081E-02  5.146496E-02  6.299178E-02     0.0742295  8.333147E-02  9.046348E-02     0.0974388      0.104251     0.1108946     0.1173654     0.1236621
     0.1313228     0.1416855     0.1529077     0.1635285     0.1735136     0.1827525     0.1912757     0.2069479     0.2334982     0.2557245             0
             0    -0.3735837    -0.3641785    -0.3561099     -0.349549    -0.3417594    -0.3326728    -0.3235437    -0.3163795    -0.3103026    -0.3038797    -0.2954204    -0.2826841    -0.2668199    -0.2497403    -0.2315785     -0.212468    -0.1924887    -0.1717521    -0.1504149
    -0.1287137    -0.1070132 -8.254506E-02 -5.763067E-02    -0.0328549 -8.394564E-03  1.564225E-02  3.915766E-02  6.204064E-02  8.416371E-02     0.1027355     0.1180803     0.1327937     0.1444835     0.1535124     0.1622052     0.1705507     0.1785401     0.1861672     0.1934304
     0.2020641     0.2133107      0.224856     0.2351456      0.244233     0.2520839     0.2588074     0.2702179     0.2848334     0.2895402             0
             0    -0.4505561     -0.444721    -0.4381983    -0.4323452    -0.4247801    -0.4152724    -0.4050811    -0.3967406    -0.3894881    -0.3816492    -0.3711166    -0.3548463    -0.3340325    -0.3112022    -0.2866272    -0.2605875    -0.2332695    -0.2048806    -0.1756669
    -0.1459639     -0.116269 -8.280528E-02    -0.0487154 -1.477405E-02  1.879068E-02  5.182755E-02  8.417623E-02     0.1156294      0.145924     0.1711447     0.1917659      0.211242     0.2263965     0.2378968     0.2487383      0.258891     0.2683323     0.2770476     0.2850323
     0.2941134     0.3050579     0.3150295     0.3226578     0.3282921     0.3321277     0.3344619     0.3366798      0.331632     0.3158224             0
             0    -0.5130025    -0.5154475    -0.5138121    -0.5110393    -0.5060587     -0.498273    -0.4885069    -0.4797677    -0.4717927    -0.4628162    -0.4503444    -0.4303179    -0.4038308    -0.3742844    -0.3422977     -0.308468    -0.2731775     -0.236759    -0.1995325
    -0.1618825    -0.1243651 -8.214073E-02 -3.905189E-02  4.060631E-03     0.0470341  8.978118E-02     0.1321669     0.1739382     0.2146844      0.248922     0.2769753     0.3033536       0.32359     0.3386893     0.3525782     0.3651496      0.376319     0.3860311     0.3942666
      0.402743     0.4110211     0.4158654     0.4168608     0.4151834     0.4115495     0.4065759     0.3949167     0.3668186     0.3330759             0
             0    -0.5605304    -0.5750003    -0.5818529    -0.5850762    -0.5859467     -0.583124    -0.5760719    -0.5680041    -0.5597908    -0.5497676    -0.5350043    -0.5099331    -0.4756691    -0.4372908    -0.3961597    -0.3533927    -0.3095886    -0.2651379    -0.2203269
    -0.1754669    -0.1310425 -8.115786E-02 -3.013865E-02  2.128124E-02  7.318041E-02     0.1257416     0.1790991     0.2332269      0.287829     0.3353994     0.3753929     0.4137945     0.4435494      0.465642     0.4855783     0.5029106     0.5172394     0.5282773     0.5359143
     0.5413372     0.5411896     0.5329613     0.5195827     0.5041794     0.4882717     0.4726789     0.4430101     0.3918746     0.3441214             0
             0    -0.5883261    -0.6141263    -0.6308048    -0.6419753    -0.6519537    -0.6585152    -0.6581824    -0.6528044    -0.6451353    -0.6338555    -0.6155005    -0.5823942    -0.5371236    -0.4879034    -0.4369838    -0.3857765    -0.3347687    -0.2841233    -0.2338839
    -0.1841433    -0.1352079 -8.038919E-02 -2.422139E-02  3.276452E-02  9.097806E-02     0.1510306     0.2136131     0.2794186     0.3490421     0.4135426     0.4708484     0.5293561     0.5776024     0.6146771     0.6488397     0.6783082     0.7010533     0.7152106     0.7198539
     0.7148527     0.6910826       0.65371      0.614397      0.578465     0.5470688     0.5199842      0.473426     0.4057254     0.3497614             0
             0    -0.6011018    -0.6333776    -0.6565961    -0.6737951    -0.6919576    -0.7091001    -0.7191844    -0.7196988    -0.7140587    -0.7004243    -0.6757628    -0.6316295    -0.5750166    -0.5167982    -0.4589734    -0.4024925    -0.3473732    -0.2934206    -0.2404208
    -0.1882811    -0.1371741 -7.999997E-02 -2.136482E-02  3.833375E-02  9.971812E-02     0.1637006     0.2314194     0.3042603     0.3839253      0.461396     0.5338578     0.6130088     0.6842143     0.7428092     0.8009625     0.8547868     0.8978489     0.9211585     0.9165772
     0.8857281     0.8183463      0.741725     0.6752971     0.6217205     0.5789269     0.5443724     0.4879647     0.4119226     0.3521972             0
             0    -0.6082459    -0.6445574     -0.672249    -0.6939914    -0.7192536    -0.7478634    -0.7743574    -0.7904677    -0.7953117    -0.7710101    -0.7305192    -0.6696298    -0.6011155    -0.5353347    -0.4724599    -0.4124518     -0.354741    -0.2987865    -0.2441612
    -0.1906349    -0.1382871 -7.977312E-02 -1.973176E-02  4.152643E-02     0.1047626     0.1710944     0.2419847      0.319369     0.4059367     0.4931471     0.5781511     0.6766947     0.7734511     0.8599747     0.9556634      1.057651      1.155473      1.219748      1.174933
      1.075435     0.9337876     0.8098803     0.7175732     0.6496047     0.5984841      0.558889      0.496259     0.4153415     0.3535182             0
             0    -0.6119253    -0.6504713    -0.6808358    -0.7055655    -0.7362788    -0.7765014    -0.8304219    -0.9028347     -1.026352    -0.8832819    -0.7863668    -0.6978694    -0.6175144    -0.5460413    -0.4799098    -0.4178168    -0.3586509    -0.3016073    -0.2461157
      -0.19186    -0.1388645 -7.965343E-02 -1.887948E-02  4.319594E-02     0.1074129     0.1750089      0.247646     0.3276184     0.4183199      0.511827     0.6057249     0.7199048     0.8414076     0.9605079      1.111699      1.312153      1.592083      2.007089      1.616379
      1.298214      1.032691     0.8575173     0.7437386     0.6656559     0.6092696     0.5666993     0.5005875     0.4170869     0.3541855             0
