 51            10 
             0    -0.1457058    -0.1520038    -0.1503694    -0.1481847    -0.1451211    -0.1413205    -0.1374335    -0.1343841    -0.1318072     -0.129099    -0.1255563    -0.1202819    -0.1138066    -0.1069179 -9.964889E-02    -0.0920314 -8.409507E-02 -7.586607E-02 -6.736401E-02
 -5.859631E-02 -4.954989E-02 -4.019208E-02 -3.065503E-02 -2.103706E-02 -1.141436E-02 -1.848557E-03  7.608668E-03  1.691262E-02  2.602388E-02     0.0337969  4.031595E-02  4.667943E-02  5.184363E-02  5.589742E-02  5.987098E-02  6.376191E-02  6.756803E-02  7.128736E-02     0.0749182
  7.934423E-02  8.530013E-02  9.173337E-02  9.778809E-02     0.1034619     0.1087547      0.113668     0.1227413     0.1381455     0.1465273             0
             0    -0.1480476    -0.1544911    -0.1528554    -0.1506517    -0.1475528    -0.1437009    -0.1397545    -0.1366543    -0.1340325    -0.1312748    -0.1276645    -0.1222836    -0.1156688    -0.1086246    -0.1011856    -0.0933852 -8.525375E-02 -7.681841E-02 -6.810068E-02
 -5.911076E-02 -4.983895E-02 -4.025462E-02 -3.048997E-02 -2.064567E-02 -1.080026E-02 -1.017551E-03  8.648578E-03  1.815126E-02  2.744886E-02     0.0353722  4.201089E-02  4.848399E-02  5.373062E-02  5.784538E-02  6.187481E-02  6.581643E-02  6.966798E-02     0.0734275  7.709328E-02
  8.155656E-02  8.755138E-02  9.400986E-02     0.1000719     0.1057364      0.111005     0.1158809     0.1248571      0.139948     0.1477896             0
             0    -0.1846928    -0.1936274    -0.1920578    -0.1895866    -0.1859332    -0.1812471    -0.1763252    -0.1723955    -0.1690388    -0.1654753    -0.1607691    -0.1536703    -0.1448207    -0.1352857    -0.1251204     -0.114381    -0.1031217 -9.139267E-02 -7.923584E-02
 -6.667651E-02     -0.053711 -4.030614E-02 -2.666515E-02 -1.294697E-02   7.19781E-04  1.422555E-02  2.747268E-02  4.037115E-02  5.283654E-02  6.329555E-02  7.193638E-02  8.022495E-02     0.0868176  9.191606E-02  9.683335E-02     0.1015648     0.1061069     0.1104568      0.114613
     0.1195653     0.1259892      0.132567     0.1384077      0.143548     0.1480314     0.1519058     0.1585335     0.1671419     0.1652392             0
             0    -0.2203611    -0.2335063    -0.2330795    -0.2310613    -0.2275276    -0.2225881    -0.2170811    -0.2125251    -0.2085532    -0.2042585    -0.1984937    -0.1896127    -0.1782916    -0.1658923    -0.1525218    -0.1382901    -0.1233007    -0.1076436 -9.138858E-02
 -7.457314E-02 -5.718756E-02    -0.0391779 -2.082028E-02 -2.327704E-03     0.0161255  3.438353E-02  5.229519E-02  6.970485E-02  8.644798E-02     0.1003632     0.1117306     0.1224647     0.1308247     0.1371782     0.1431817     0.1488222     0.1540903     0.1589799     0.1634888
     0.1686511     0.1749007      0.180627     0.1850638     0.1883634      0.190687     0.1921918     0.1938514     0.1918415     0.1787083             0
             0    -0.2488064    -0.2674923    -0.2694101    -0.2687314    -0.2662176     -0.261859    -0.2563721    -0.2515316    -0.2471642    -0.2423033     -0.235618    -0.2250174    -0.2111416    -0.1957095    -0.1789485    -0.1610776    -0.1422846    -0.1227144    -0.1024601
 -8.155295E-02 -5.994649E-02 -3.752736E-02 -1.460031E-02  8.617258E-03  3.195515E-02  5.525578E-02  7.834664E-02     0.1010178     0.1230043     0.1413546     0.1563192     0.1703389     0.1810801     0.1891052     0.1965145     0.2032675     0.2093334     0.2146931     0.2193405
     0.2242694     0.2293895     0.2327918     0.2341567     0.2339271     0.2325174     0.2302809     0.2247138     0.2104036     0.1875308             0
             0    -0.2700567    -0.2949687    -0.3002531     -0.301766    -0.3012224    -0.2983781    -0.2935846    -0.2888079    -0.2842402    -0.2789207    -0.2713454    -0.2588822    -0.2421247    -0.2233159    -0.2029157    -0.1813169    -0.1588138    -0.1355975    -0.1117596
 -8.728994E-02 -6.206724E-02 -3.587718E-02 -8.994452E-03  1.842353E-02  4.628235E-02  7.450223E-02     0.1029743     0.1315152     0.1598174     0.1839479     0.2038737     0.2226659     0.2370123     0.2476107     0.2571902     0.2656228     0.2728049     0.2786688     0.2831932
     0.2872091     0.2896299     0.2883809     0.2842795     0.2783873     0.2715404     0.2643316     0.2499502     0.2236069     0.1931733             0
             0    -0.2822497    -0.3121201    -0.3207018    -0.3246183    -0.3265326    -0.3259041    -0.3224434    -0.3180871     -0.313518    -0.3078428    -0.2993987    -0.2849663    -0.2652438    -0.2432008    -0.2195913    -0.1949615    -0.1696576    -0.1438605    -0.1176145
 -9.084029E-02 -6.332962E-02 -3.476638E-02 -5.365977E-03  2.480073E-02  5.574982E-02  8.753448E-02      0.120198     0.1537174     0.1879249     0.2180824     0.2436541      0.268392     0.2876502     0.3019465     0.3147869     0.3258135     0.3346975      0.341199     0.3452307
     0.3473094     0.3448361     0.3363411     0.3248232     0.3121716     0.2995546     0.2876088     0.2656324     0.2308887     0.1960528             0
             0    -0.2877972    -0.3202886    -0.3308356    -0.3363113    -0.3399969    -0.3411937    -0.3390451    -0.3352072    -0.3307344    -0.3248037    -0.3156414    -0.2996124    -0.2777286    -0.2535637    -0.2280282    -0.2017045    -0.1749202    -0.1478159    -0.1203887
 -9.250882E-02 -6.391443E-02 -3.423114E-02 -3.636307E-03  2.785262E-02     0.0603219  9.391562E-02     0.1287947     0.1650872     0.2028116     0.2368806     0.2664262     0.2957715     0.3192877     0.3370595     0.3532341     0.3671399     0.3780451     0.3852991     0.3885931
     0.3881641     0.3802257     0.3650253     0.3476208     0.3302237     0.3139311     0.2991956     0.2730389     0.2341417     0.1972962             0
             0    -0.2908827    -0.3249438    -0.3367488    -0.3432791    -0.3482556    -0.3509327    -0.3500307    -0.3467765    -0.3424544    -0.3362852    -0.3264289    -0.3089963    -0.2854462    -0.2597956    -0.2330001    -0.2056202    -0.1779439    -0.1500714     -0.121962
 -9.345116E-02 -6.424263E-02 -3.392586E-02 -2.653756E-03  2.959017E-02  6.293745E-02      0.097593      0.133801      0.171805      0.211786     0.2485026     0.2808943     0.3137929     0.3409328     0.3619217     0.3815101      0.398738     0.4123219     0.4207516     0.4228596
     0.4190401     0.4051388     0.3839603     0.3619675     0.3411972     0.3224552     0.3059466     0.2772352     0.2359347     0.1979704             0
             0     -0.292466    -0.3273725    -0.3398891    -0.3470452     -0.352844    -0.3565774    -0.3567496    -0.3541277    -0.3500193    -0.3435916    -0.3330467    -0.3144597    -0.2897578    -0.2631848    -0.2356574    -0.2076889     -0.179529    -0.1512473    -0.1227792
 -9.393935E-02 -6.441201E-02 -3.376686E-02 -2.143105E-03  3.049462E-02  6.430334E-02  9.952301E-02     0.1364475     0.1753938     0.2166542     0.2549396     0.2891068     0.3243906     0.3542401     0.3779017     0.4007462     0.4217869     0.4393586     0.4505378     0.4499263
     0.4410939     0.4210652     0.3951631     0.3700571     0.3471991     0.3270259     0.3095203     0.2794142     0.2368495     0.1983109             0
