 51            10 
             0  7.507777E-03  7.627315E-03  7.711996E-03  7.776558E-03  7.849068E-03  7.929341E-03  8.006185E-03  8.064514E-03  8.112974E-03  8.163194E-03  8.228129E-03  8.323451E-03  8.438845E-03  8.560368E-03  8.687668E-03   8.82038E-03  8.958117E-03   9.10048E-03  9.247054E-03
  9.397414E-03  9.551119E-03  9.707726E-03  9.866781E-03  1.002782E-02     0.0101904  1.035404E-02  1.051828E-02  1.068268E-02  1.084676E-02  1.098968E-02  1.111154E-02  1.123257E-02     0.0113326  1.141211E-02  1.149106E-02     0.0115694  1.164707E-02  1.172404E-02  1.180024E-02
     0.0118945  1.202418E-02  1.216863E-02  1.230898E-02  1.244491E-02     0.0125761  1.270228E-02  1.294405E-02     0.0134098  1.391639E-02             0
             0     0.0075041   7.62382E-03  7.708644E-03  7.773319E-03   7.84596E-03  7.926379E-03  8.003367E-03  8.061807E-03  8.110358E-03  8.160675E-03  8.225735E-03  8.321241E-03  8.436863E-03  8.558625E-03  8.686177E-03  8.819152E-03  8.957162E-03  9.099805E-03  9.246666E-03
  9.397317E-03  9.551316E-03  9.708218E-03  9.867567E-03     0.0100289  1.019176E-02  1.035568E-02     0.0105202  1.068485E-02  1.084919E-02  1.099231E-02  1.111433E-02  1.123553E-02  1.133568E-02  1.141529E-02  1.149433E-02  1.157275E-02  1.165051E-02  1.172755E-02  1.180383E-02
  1.189817E-02  1.202797E-02  1.217253E-02  1.231297E-02  1.244896E-02  1.258022E-02  1.270643E-02  1.294826E-02  1.341399E-02  1.392027E-02             0
             0   7.44761E-03  7.570115E-03  7.657124E-03  7.723523E-03  7.798154E-03  7.880829E-03   7.96002E-03  8.020152E-03  8.070121E-03  8.121916E-03     0.0081889  8.287255E-03  8.406355E-03  8.531804E-03  8.663235E-03   8.80026E-03  8.942469E-03  9.089438E-03  9.240725E-03
  9.395874E-03  9.554418E-03  9.715877E-03   9.87977E-03     0.0100456  1.021289E-02  1.038112E-02  1.054982E-02     0.0107185  1.088667E-02  1.103296E-02  1.115757E-02  1.128122E-02     0.0113833  1.146438E-02  1.154483E-02  1.162459E-02  1.170362E-02  1.178186E-02  1.185927E-02
  1.195493E-02  1.208639E-02  1.223258E-02  1.237437E-02  1.251146E-02  1.264356E-02  1.277038E-02      0.013013  1.347814E-02  1.397961E-02             0
             0  7.407072E-03  7.531432E-03  7.619929E-03  7.687512E-03  7.763525E-03  7.847778E-03   7.92852E-03  7.989855E-03  8.040831E-03  8.093685E-03  8.162049E-03  8.262455E-03  8.384079E-03  8.512217E-03  8.646489E-03  8.786494E-03  8.931805E-03   9.08198E-03  9.236556E-03
  9.395058E-03  9.556996E-03  9.721868E-03  9.889166E-03  1.005838E-02  1.022898E-02  1.040046E-02     0.0105723  1.074398E-02  1.091502E-02  1.106366E-02  1.119019E-02  1.131564E-02  1.141911E-02  1.150126E-02  1.158272E-02  1.166344E-02  1.174336E-02  1.182244E-02  1.190063E-02
  1.199719E-02  1.212976E-02  1.227698E-02  1.241959E-02  1.255728E-02  1.268979E-02  1.281685E-02     0.0130596  1.352336E-02  1.402042E-02             0
             0  7.381902E-03  7.507327E-03  7.596697E-03  7.664984E-03  7.741822E-03   7.82703E-03   7.90872E-03   7.97079E-03  8.022389E-03  8.075896E-03  8.145115E-03  8.246802E-03  8.370005E-03  8.499835E-03  8.635904E-03  8.777797E-03   8.92508E-03  9.077298E-03  9.233976E-03
  9.394622E-03  9.558735E-03     0.0097258   9.89529E-03  1.006668E-02  1.023943E-02      0.010413  1.058687E-02  1.076051E-02  1.093339E-02  1.108355E-02  1.121131E-02  1.133791E-02  1.144227E-02     0.0115251  1.160719E-02     0.0116885  1.176897E-02  1.184857E-02  1.192722E-02
  1.202432E-02  1.215753E-02  1.230533E-02  1.244835E-02  1.258632E-02  1.271897E-02  1.284606E-02  1.308868E-02  1.355113E-02  1.404503E-02             0
             0  7.366386E-03   7.49242E-03  7.582301E-03  7.651003E-03  7.728335E-03  7.814116E-03   7.89638E-03  7.958901E-03  8.010881E-03  8.064788E-03  8.134536E-03  8.237014E-03  8.361199E-03  8.492084E-03  8.629275E-03  8.772354E-03  8.920875E-03  9.074377E-03  9.232377E-03
  9.394376E-03  9.559862E-03  9.728312E-03  9.899191E-03  1.007196E-02  1.024607E-02  1.042098E-02  1.059615E-02  1.077103E-02     0.0109451  1.109623E-02  1.122477E-02     0.0113521  1.145703E-02  1.154028E-02  1.162277E-02  1.170445E-02  1.178527E-02  1.186517E-02  1.194411E-02
  1.204153E-02  1.217511E-02  1.232321E-02  1.246645E-02  1.260454E-02  1.273723E-02  1.286428E-02  1.310669E-02  1.356812E-02  1.405992E-02             0
             0  7.358657E-03  7.484976E-03  7.575101E-03  7.644001E-03  7.721572E-03  7.807633E-03  7.890181E-03  7.952923E-03  8.005091E-03  8.059198E-03  8.129207E-03  8.232081E-03   8.35676E-03  8.488176E-03  8.625935E-03   8.76961E-03  8.918757E-03  9.072906E-03  9.231575E-03
  9.394257E-03  9.560439E-03   9.72959E-03  9.901173E-03  1.007464E-02  1.024945E-02  1.042505E-02  1.060088E-02     0.0107764  1.095107E-02     0.0111027  1.123165E-02  1.135936E-02  1.146458E-02  1.154804E-02  1.163073E-02     0.0117126  1.179359E-02  1.187364E-02  1.195273E-02
  1.205029E-02  1.218405E-02     0.0123323  1.247562E-02  1.261374E-02  1.274642E-02  1.287343E-02  1.311569E-02  1.357654E-02  1.406725E-02             0
             0  7.355354E-03  7.481791E-03  7.572017E-03  7.641002E-03  7.718673E-03  7.804852E-03  7.887519E-03  7.950356E-03  8.002605E-03  8.056797E-03  8.126919E-03  8.229963E-03  8.354853E-03  8.486497E-03  8.624499E-03  8.768431E-03  8.917846E-03  9.072276E-03  9.231231E-03
  9.394208E-03  9.560688E-03  9.730143E-03  9.902029E-03     0.0100758  1.025091E-02     0.0104268  1.060292E-02  1.077871E-02  1.095365E-02     0.0111055  1.123462E-02  1.136249E-02  1.146784E-02     0.0115514  1.163418E-02  1.171612E-02  1.179719E-02  1.187731E-02  1.195645E-02
  1.205408E-02  1.218791E-02  1.233621E-02  1.247956E-02     0.0126177  1.275037E-02  1.287735E-02  1.311955E-02  1.358013E-02  1.407037E-02             0
             0  7.353572E-03  7.480071E-03  7.570352E-03  7.639381E-03  7.717106E-03  7.803349E-03   7.88608E-03  7.948969E-03   8.00126E-03  8.055498E-03  8.125681E-03  8.228816E-03   8.35382E-03  8.485589E-03  8.623721E-03  8.767793E-03  8.917354E-03  9.071934E-03  9.231045E-03
  9.394181E-03  9.560823E-03  9.730441E-03  9.902492E-03  1.007643E-02     0.0102517  1.042775E-02  1.060402E-02  1.077997E-02  1.095505E-02  1.110702E-02  1.123624E-02     0.0113642  1.146961E-02  1.155322E-02  1.163605E-02  1.171804E-02  1.179914E-02     0.0118793  1.195847E-02
  1.205614E-02       0.01219  1.233833E-02     0.0124817  1.261984E-02  1.275251E-02  1.287948E-02  1.312163E-02  1.358207E-02  1.407204E-02             0
             0  7.352674E-03  7.479205E-03  7.569513E-03  7.638564E-03  7.716316E-03  7.802591E-03  7.885355E-03  7.948268E-03  8.000582E-03  8.054843E-03  8.125057E-03  8.228238E-03  8.353299E-03   8.48513E-03   8.62333E-03  8.767471E-03  8.917105E-03  9.071762E-03  9.230951E-03
  9.394168E-03  9.560892E-03  9.730592E-03  9.902726E-03  1.007675E-02     0.0102521  1.042823E-02  1.060458E-02  1.078061E-02  1.095576E-02  1.110779E-02  1.123705E-02  1.136506E-02  1.147051E-02  1.155414E-02  1.163699E-02  1.171901E-02  1.180013E-02  1.188031E-02  1.195949E-02
  1.205718E-02  1.219106E-02     0.0123394  1.248278E-02  1.262092E-02  1.275358E-02  1.288055E-02  1.312268E-02  1.358305E-02  1.407289E-02             0
