 51            10 
             0    -0.2906134    -0.2817165    -0.2746198    -0.2690199      -0.26256    -0.2552454    -0.2481061    -0.2426171    -0.2380212    -0.2332238    -0.2269795    -0.2177314    -0.2064274      -0.19444    -0.1818296     -0.168658    -0.1549824    -0.1408676    -0.1263951
    -0.1116974 -9.721068E-02 -8.266497E-02 -6.499743E-02 -4.761416E-02 -3.051498E-02 -1.370622E-02   2.79251E-03  1.894561E-02  3.470207E-02  4.808506E-02  5.925809E-02  7.009533E-02  7.881033E-02  8.559495E-02  9.217535E-02  9.853254E-02     0.1046449     0.1104877     0.1160326
     0.1225518      0.132261     0.1430276     0.1543071     0.1661525     0.1766386     0.1860051     0.2028198      0.230547     0.2537969             0
             0    -0.2957888    -0.2868417    -0.2796599    -0.2740063    -0.2675038    -0.2601257    -0.2529038    -0.2473385    -0.2426712    -0.2377903    -0.2314249    -0.2219682    -0.2103726    -0.1980466    -0.1850856    -0.1715813    -0.1575365    -0.1430009    -0.1280584
    -0.1128467 -9.773669E-02 -8.139113E-02 -6.343924E-02 -4.604825E-02 -2.890864E-02 -1.198842E-02  4.707939E-03  2.114227E-02  3.725543E-02  5.101277E-02  6.255189E-02  7.381056E-02  8.293559E-02  9.008683E-02  9.707952E-02     0.1039052     0.1105551     0.1170121     0.1232383
     0.1306287     0.1412545     0.1524604     0.1632773     0.1734244     0.1826692     0.1912025     0.2069187      0.233545     0.2558465             0
             0     -0.373731    -0.3643331    -0.3562567     -0.349699    -0.3419304    -0.3328632    -0.3237492    -0.3165947    -0.3105245    -0.3041067    -0.2956504    -0.2829083    -0.2670256    -0.2499143    -0.2317292    -0.2126283    -0.1926455    -0.1718797    -0.1504781
    -0.1286631    -0.1069909 -8.356725E-02 -5.789524E-02 -3.310062E-02 -8.764998E-03  1.512555E-02     0.0385269  6.134136E-02  8.343687E-02      0.102011     0.1173718      0.132114     0.1438365     0.1528934     0.1616128     0.1699814     0.1779873     0.1856107     0.1928103
     0.2011681     0.2127262     0.2243133     0.2348219     0.2440881     0.2519633     0.2587131      0.270195     0.2849325       0.28969             0
             0    -0.4507944    -0.4450142    -0.4385183     -0.432687    -0.4251631    -0.4156953    -0.4055343    -0.3972116    -0.3899705    -0.3821388    -0.3716083    -0.3553222    -0.3344659     -0.311571    -0.2869381    -0.2608908    -0.2335522    -0.2051126    -0.1758059
     -0.145951    -0.1163122 -8.431172E-02 -4.921656E-02 -1.527795E-02  1.808575E-02  5.088725E-02  8.303961E-02     0.1143547      0.144565     0.1697486     0.1903591     0.2098453     0.2250247     0.2365509      0.247421     0.2576028      0.267072     0.2758022     0.2837514
     0.2926071     0.3039501     0.3141219     0.3220474     0.3279031     0.3318256     0.3342348     0.3365951     0.3317595     0.3159957             0
             0    -0.5133861    -0.5160231    -0.5145282    -0.5118443    -0.5069753    -0.4992993    -0.4896118    -0.4809126    -0.4729584    -0.4639897    -0.4515088    -0.4314256    -0.4048154    -0.3751097    -0.3429649    -0.3090616     -0.273696    -0.2371776    -0.1998104
     -0.161961    -0.1245284 -8.419443E-02 -3.987888E-02  3.185494E-03  4.584788E-02  8.822041E-02     0.1302579     0.1717303     0.2122221     0.2462666     0.2741753     0.3004369     0.3206061     0.3356691     0.3495387     0.3621089        0.3733     0.3830533     0.3913246
     0.3997496     0.4086051     0.4140353     0.4155442     0.4142146      0.410832     0.4060516     0.3946924     0.3669472     0.3332639             0
             0    -0.5610981    -0.5760316    -0.5832948    -0.5867928    -0.5879896    -0.5855035    -0.5786918    -0.5707338    -0.5625653    -0.5525389    -0.5377102    -0.5124263     -0.477788     -0.438995    -0.3974628    -0.3544605    -0.3104614    -0.2658177    -0.2207914
    -0.1756709    -0.1313492 -8.373857E-02 -3.131368E-02     0.0199935     0.0714411     0.1234317     0.1761914     0.2297044     0.2836494     0.3305813     0.3699882     0.4077829     0.4370475      0.458778     0.4784033     0.4955038     0.5097213     0.5208061     0.5286677
     0.5345815     0.5355629     0.5289649     0.5167444     0.5020636     0.4867987      0.471653     0.4425834     0.3919884     0.3443182             0
             0    -0.5890513    -0.6156542    -0.6331726    -0.6449761    -0.6557683     -0.663268    -0.6636796    -0.6586403    -0.6510841    -0.6397431    -0.6211028    -0.5872768    -0.5409901    -0.4908205    -0.4390747    -0.3873732    -0.3360014    -0.2850484    -0.2345131
    -0.1844548    -0.1356254 -8.333059E-02 -2.565004E-02  3.116355E-02  8.879779E-02     0.1480822     0.2097767     0.2745327     0.3428343     0.4058021     0.4614769     0.5179959     0.5643072     0.5997475     0.6322888     0.6603217     0.6820909     0.6960597     0.7015674
     0.6990004     0.6785069     0.6455163     0.6090187     0.5746559     0.5446078     0.5183679     0.4728064     0.4058227     0.3499623             0
             0    -0.6019124    -0.6352151    -0.6596164    -0.6777914    -0.6973293    -0.7162704    -0.7280287    -0.7293321    -0.7238579     -0.710113    -0.6847178    -0.6389256     -0.580403    -0.5206459    -0.4616097    -0.4044258    -0.3488204    -0.2944848      -0.24114
    -0.1886499    -0.1376481    -0.0831175 -2.292037E-02  3.657262E-02  9.730575E-02     0.1604022     0.2270439     0.2985199     0.3763108     0.4513724     0.5210018     0.5962514     0.6630331     0.7173889       0.77067     0.8193525     0.8579754     0.8794237     0.8779767
     0.8553204     0.7969251     0.7290097     0.6676267     0.6165493     0.5757514     0.5423642      0.487234     0.4120106     0.3523999             0
             0    -0.6091082     -0.646597    -0.6757291    -0.6987393    -0.7259296    -0.7573576    -0.7868034    -0.8035146    -0.8059877    -0.7841135    -0.7430764      -0.67924    -0.6077705    -0.5398824    -0.4754771    -0.4146078    -0.3563248    -0.2999367     -0.244935
     -0.191038    -0.1387943 -8.299187E-02 -2.136105E-02  3.967119E-02     0.1022118     0.1675824     0.2372698     0.3130661     0.3973371     0.4813926     0.5624157     0.6549382      0.743919     0.8219975     0.9062931     0.9933923      1.073688      1.124198      1.094989
      1.021939      0.902151     0.7927992     0.7080072     0.6433936     0.5947995     0.5566158      0.495459     0.4154238     0.3537218             0
             0    -0.6128156    -0.6526266    -0.6845965     -0.710804    -0.7439034    -0.7879132    -0.8451374    -0.9052582    -0.9516898    -0.8857619    -0.8011922    -0.7093874    -0.6250911    -0.5510454    -0.4831583    -0.4201017    -0.3603113    -0.3028049    -0.2469191
    -0.1922816    -0.1393893 -8.292518E-02 -2.054765E-02  4.129072E-02     0.1047876     0.1713804     0.2427417     0.3209908     0.4091222     0.4989442     0.5879481     0.6941501     0.8040677     0.9088106      1.036708       1.19711      1.403531       1.67409      1.429047
      1.206298     0.9901913     0.8367665     0.7328379     0.6587666     0.6052724     0.5642703      0.499749     0.4171662     0.3543895             0
