 51            10 
             0    -0.2904855    -0.2815982     -0.274507    -0.2689089    -0.2624483    -0.2551326    -0.2479927    -0.2425035    -0.2379079    -0.2331112    -0.2268684     -0.217624    -0.2063264    -0.1943469     -0.181744    -0.1685791     -0.154915    -0.1408229     -0.126391
    -0.1117537 -9.756901E-02 -8.557577E-02 -6.552272E-02 -4.717062E-02 -2.967173E-02 -1.268344E-02  3.913842E-03     0.0201415  3.597809E-02  4.945872E-02  6.074954E-02  7.175737E-02  8.067967E-02  8.767762E-02  9.453123E-02     0.1012366     0.1077903     0.1141897     0.1204326
      0.128039     0.1382709     0.1493206     0.1597196     0.1694604     0.1785367     0.1869518     0.2024791     0.2289874      0.248661             0
             0    -0.2956001    -0.2866589    -0.2794951    -0.2738422    -0.2673203    -0.2599241    -0.2526884    -0.2471145    -0.2424412    -0.2375561    -0.2311885    -0.2217384    -0.2101609    -0.1978646    -0.1849236    -0.1714089    -0.1573673    -0.1428614    -0.1279818
     -0.112876 -9.824487E-02 -8.057583E-02    -0.0627282    -0.0452718 -2.797019E-02 -1.087714E-02  5.953975E-03  2.246795E-02  3.860651E-02  5.234696E-02  6.385081E-02  7.505709E-02  8.412866E-02  9.123565E-02  9.818649E-02     0.1049759     0.1115995     0.1180537     0.1243367
     0.1319797     0.1422708     0.1533749     0.1638286     0.1736146     0.1826816     0.1910492     0.2064307     0.2324643     0.2541411             0
             0     -0.373472    -0.3640669    -0.3560019    -0.3494394    -0.3416418    -0.3325467     -0.323411    -0.3162428    -0.3101634     -0.303739    -0.2952794     -0.282547    -0.2666931    -0.2496287    -0.2314785    -0.2123689    -0.1923948    -0.1716737    -0.1503609
    -0.1286922    -0.1076934    -0.0823371 -5.677316E-02 -3.183987E-02 -7.227437E-03  1.695327E-02  4.058699E-02  6.355072E-02     0.0857126     0.1042833     0.1196072     0.1342833     0.1459319     0.1549242     0.1635785      0.171885     0.1798362     0.1874267      0.194655
     0.2032425      0.214371      0.225732     0.2357892     0.2446061      0.252211     0.2587059     0.2696869     0.2835619     0.2877588             0
             0    -0.4503897    -0.4445302    -0.4379937    -0.4321288    -0.4245451    -0.4150186    -0.4048134    -0.3964651    -0.3892081     -0.381367    -0.3708349     -0.354574    -0.3337831    -0.3109846     -0.286438    -0.2604103    -0.2331077    -0.2047453    -0.1755669
    -0.1459031    -0.1171473    -0.0823644 -4.728707E-02 -1.303395E-02  2.083578E-02  5.416764E-02  8.677667E-02     0.1184367     0.1488748      0.174164     0.1948086     0.2142752     0.2293978      0.240862     0.2516584     0.2617592     0.2711431     0.2797968     0.2877166
     0.2967088     0.3074701     0.3171463     0.3244334     0.3296625     0.3330979     0.3350457     0.3365313     0.3302736      0.313861             0
             0    -0.5127546     -0.515104    -0.5133978    -0.5105769    -0.5055405    -0.4977003    -0.4878958    -0.4791379    -0.4711539    -0.4621754    -0.4497107    -0.4297155    -0.4032924    -0.3738263    -0.3419174    -0.3081363    -0.2728909    -0.2365246    -0.1993536
    -0.1617533    -0.1254011 -8.139685E-02 -3.695256E-02  6.662895E-03  5.013673E-02  9.337911E-02     0.1362219     0.1783824     0.2194288     0.2538395     0.2819804     0.3083862     0.3285994     0.3436595     0.3574919      0.369994     0.3810849     0.3907129     0.3988613
     0.4072245     0.4153093     0.4197804     0.4203604     0.4181277     0.4138843     0.4082962     0.3954599     0.3655214      0.331007             0
             0    -0.5601825    -0.5744159    -0.5810616    -0.5841377    -0.5848398    -0.5818452    -0.5746704    -0.5665476    -0.5583133    -0.5482948    -0.5335699    -0.5086128    -0.4745416    -0.4363755    -0.3954431    -0.3528116    -0.3091166    -0.2647662    -0.2200454
    -0.1752543    -0.1321962 -8.012298E-02 -2.741919E-02     0.0246813  7.726556E-02     0.1305116     0.1845057     0.2391689      0.294152     0.3418756     0.3818645     0.4201201     0.4496483     0.4715211     0.4912199     0.5083231     0.5224588     0.5333639     0.5409423
     0.5463838     0.5464244       0.53815     0.5246366     0.5087216     0.4920666     0.4756416     0.4443195     0.3906932     0.3419911             0
             0     -0.587894    -0.6132821    -0.6295378    -0.6403711    -0.6499224    -0.6559856    -0.6552345     -0.649649    -0.6419089    -0.6306807    -0.6125135    -0.5798201    -0.5350862     -0.486359    -0.4358526    -0.3849185    -0.3341092    -0.2836236    -0.2335135
    -0.1838637    -0.1364291 -7.916515E-02 -2.110588E-02  3.667023E-02  9.567976E-02     0.1565198     0.2198057     0.2861265     0.3559367      0.420148     0.4768041     0.5341794     0.5810667     0.6168851     0.6497154     0.6779323     0.6997215     0.7134488     0.7183256
      0.714327     0.6929007     0.6574587     0.6194351     0.5836729     0.5517201     0.5237606     0.4752708     0.4046355     0.3476025             0
             0    -0.6006242    -0.6323721    -0.6549941    -0.6716715    -0.6890915    -0.7051939    -0.7140828    -0.7137299    -0.7076845     -0.694435    -0.6706213    -0.6276826    -0.5721621    -0.5147659    -0.4575541    -0.4014582     -0.346602    -0.2928486    -0.2400021
    -0.1879663     -0.138426 -7.868636E-02 -1.806301E-02  4.247553E-02     0.1047038     0.1695108     0.2379342      0.311204     0.3907757     0.4673587     0.5382349     0.6146455     0.6823258     0.7373967     0.7914293     0.8409131     0.8802313     0.9017472     0.8987158
     0.8723902     0.8128585     0.7421458      0.679249     0.6268485     0.5838517     0.5484937     0.4900661     0.4108786     0.3500266             0
             0     -0.607741    -0.6434469    -0.6704105    -0.6914682    -0.7156431    -0.7423816     -0.765678    -0.7776745    -0.7784688    -0.7581965    -0.7218007    -0.6641129    -0.5975324    -0.5329269     -0.470838    -0.4113007    -0.3538988    -0.2981697    -0.2437133
    -0.1902994    -0.1395561 -7.840889E-02 -1.632495E-02     0.0458006     0.1099062     0.1770787     0.2486617     0.3263919     0.4126146     0.4983746     0.5808374      0.674796     0.7651107     0.8445556     0.9308715      1.021189      1.106295      1.161769      1.125281
      1.041457     0.9186351     0.8064192     0.7202276     0.6544658     0.6034943     0.5631839     0.4985054      0.414324     0.3513414             0
             0    -0.6114056    -0.6493008    -0.6788517    -0.7027718    -0.7320575    -0.7691805     -0.814586       -0.8634    -0.9104289    -0.8438271    -0.7704931    -0.6905182    -0.6133319    -0.5433786    -0.4781634    -0.4165978    -0.3577687    -0.3009659     -0.245652
    -0.1915134    -0.1401423     -0.078263 -1.541842E-02  4.753829E-02     0.1126371     0.1810804     0.2543986     0.3346578     0.4248362     0.5164711     0.6070458     0.7149354     0.8267825     0.9341021      1.067175       1.23929      1.474689      1.833193      1.497515
      1.233175      1.006801     0.8504817     0.7452796     0.6702534     0.6142881     0.5710734     0.5029086     0.4160833     0.3520055             0
