 51            10 
             0    -0.2904071    -0.2815267    -0.2744386    -0.2688419    -0.2623819    -0.2550666    -0.2479272    -0.2424386    -0.2378436    -0.2330476     -0.226806    -0.2175637    -0.2062695    -0.1942939    -0.1816948    -0.1685336    -0.1548747    -0.1407901    -0.1263629
     -0.111675 -9.667739E-02 -7.948948E-02 -6.230757E-02 -4.519939E-02 -2.823064E-02 -1.146516E-02  5.035174E-03     0.0212108  3.700487E-02  5.044407E-02  6.169438E-02  7.265637E-02     0.0815364  8.849861E-02  9.531472E-02     0.1019808     0.1084935     0.1148497     0.1210468
     0.1285914     0.1387242     0.1496406     0.1598877     0.1694649     0.1783763     0.1866308     0.2018521     0.2278617     0.2499266             0
             0    -0.2954981     -0.286563    -0.2794055    -0.2737533    -0.2672271    -0.2598261    -0.2525869    -0.2470109    -0.2423363    -0.2374506    -0.2310834    -0.2216364     -0.210066    -0.1977794    -0.1848456    -0.1713316    -0.1572937    -0.1427987    -0.1279329
    -0.1127921 -9.735669E-02 -7.976247E-02    -0.0621535 -4.462361E-02 -2.724141E-02    -0.0100733  6.816224E-03  2.336458E-02  3.951131E-02  5.323779E-02  6.471848E-02  7.589313E-02  8.493419E-02  9.201606E-02  9.894232E-02     0.1057089     0.1123122     0.1187494     0.1250179
     0.1326405     0.1428606     0.1538454     0.1641318       0.17372      0.182614      0.190825     0.2059143     0.2314285     0.2526433             0
             0    -0.3733351    -0.3639325    -0.3558716    -0.3493079    -0.3415032    -0.3324003    -0.3232587     -0.316087    -0.3100055      -0.30358    -0.2951206    -0.2823929    -0.2665501    -0.2495014    -0.2313634    -0.2122569    -0.1922897    -0.1715847    -0.1502914
    -0.1285699    -0.1064088 -8.113828E-02 -5.588497E-02 -3.081177E-02 -6.048071E-03  1.827577E-02  4.202721E-02  6.507127E-02  8.727166E-02      0.105841     0.1211439     0.1357825     0.1473897     0.1563453      0.164961     0.1732284      0.181141     0.1886946     0.1958869
     0.2044253     0.2154361     0.2266117     0.2364359     0.2449834     0.2523409      0.258606     0.2691556     0.2822868     0.2860709             0
             0    -0.4501922    -0.4443106    -0.4377608    -0.4318842    -0.4242827    -0.4147381    -0.4045196    -0.3961642    -0.3889033    -0.3810605    -0.3705299    -0.3542794    -0.3335125    -0.3107464    -0.2862291    -0.2602165    -0.2329316    -0.2045969    -0.1754465
    -0.1457039    -0.1153267 -8.056731E-02 -4.581946E-02 -1.127833E-02  2.289563E-02     0.0565218  8.939063E-02     0.1212571     0.1518386      0.177196     0.1978636     0.2173204      0.232411     0.2438389     0.2545902     0.2646388     0.2739649     0.2825568     0.2904107
     0.2993112     0.3098885     0.3192696     0.3262137     0.3310384     0.3340724     0.3356324     0.3363831     0.3289109      0.312001             0
             0    -0.5124705    -0.5147256    -0.5129486    -0.5100788    -0.5049869    -0.4970925    -0.4872502    -0.4784743    -0.4704821    -0.4615024    -0.4490459    -0.4290836    -0.4027261    -0.3733416    -0.3415115    -0.3077834    -0.2725865    -0.2362738    -0.1991491
    -0.1614484    -0.1230185    -0.0789396 -3.480566E-02  9.282965E-03  5.325644E-02  9.699333E-02     0.1402923     0.1828413     0.2241869     0.2587695     0.2869968     0.3134287     0.3336177     0.3486376     0.3624129     0.3748449     0.3858568     0.3954004     0.4034612
     0.4117098     0.4195988     0.4237011     0.4238627      0.421077     0.4162243     0.4100209     0.3960048     0.3642198     0.3290448             0
             0    -0.5597941    -0.5737904    -0.5802287    -0.5831546    -0.5836866    -0.5805188    -0.5732208     -0.565043    -0.5567884    -0.5467762    -0.5320917    -0.5072521    -0.4733768    -0.4354257    -0.3946933    -0.3522038    -0.3086227    -0.2643749    -0.2197335
    -0.1748329    -0.1293015 -7.706262E-02 -2.464531E-02  2.810062E-02  8.136891E-02     0.1352984     0.1899269     0.2451224     0.3004819     0.3483528     0.3883307     0.4264325     0.4557272     0.4773749     0.4968311     0.5137009     0.5276409     0.5384126     0.5459341
     0.5513987     0.5516245     0.5433238     0.5296752     0.5132579     0.4958622     0.4786074     0.4456317     0.3895076     0.3399707             0
             0    -0.5874186    -0.6123919    -0.6282229    -0.6387129    -0.6478302     -0.653385    -0.6521994    -0.6463933    -0.6385774    -0.6274079    -0.6094447    -0.5771834    -0.5329975     -0.484771    -0.4346802    -0.3840287    -0.3334246     -0.283102    -0.2331094
    -0.1833541    -0.1331977 -7.571513E-02 -1.793185E-02  4.059559E-02     0.1003994     0.1620241     0.2260088     0.2928371     0.3628213     0.4267253     0.4827102     0.5389246     0.5844235       0.61896     0.6504322      0.677374     0.6981905     0.7114828     0.7166032
     0.7136368     0.6945699     0.6611265     0.6244109     0.5888481     0.5563594     0.5275345     0.4771182     0.4035415     0.3455554             0
             0    -0.6001022    -0.6313181    -0.6533408    -0.6694855    -0.6861441    -0.7011569    -0.7087246    -0.7073489     -0.700826    -0.6880364    -0.6652292    -0.6236142     -0.569236    -0.5126814    -0.4560883     -0.400389    -0.3458039    -0.2922533    -0.2395481
    -0.1874116    -0.1350327 -7.505125E-02 -1.470081E-02  4.663698E-02     0.1097071     0.1753347     0.2444561     0.3181433     0.3976015     0.4732655     0.5425161      0.616127     0.6802126     0.7316918     0.7815256     0.8265861     0.8620871     0.8817675     0.8803387
     0.8586493     0.8070563     0.7424027     0.6830888     0.6319179      0.588753     0.5526074     0.4921696     0.4098305     0.3479685             0
             0    -0.6071907    -0.6422861    -0.6685176    -0.6888739    -0.7119187    -0.7366231    -0.7561404    -0.7630817    -0.7598205    -0.7435862    -0.7122304    -0.6583286    -0.5938445    -0.5304579    -0.4691653    -0.4101125    -0.3530286    -0.2975289    -0.2432293
    -0.1897182    -0.1360703 -7.466886E-02 -1.285673E-02  5.009444E-02     0.1150669     0.1830757     0.2553435     0.3334051     0.4192565     0.5035235     0.5833865     0.6726671     0.7564161     0.8286474      0.905409     0.9838147      1.055849      1.101672      1.074374
      1.006691     0.9029684     0.8027098     0.7227262     0.6592475     0.6084722     0.5674673     0.5007535     0.4133025     0.3492775             0
             0    -0.6108401    -0.6480789     -0.676811    -0.6998981    -0.7276741    -0.7612825     -0.796245    -0.8197122    -0.8266165    -0.8001223    -0.7521209    -0.6825989    -0.6089957    -0.5406452    -0.4763631    -0.4153405     -0.356858    -0.3003002    -0.2451517
    -0.1909181    -0.1366084 -7.446852E-02 -1.189541E-02  5.190028E-02     0.1178783      0.187164     0.2611546     0.3416844     0.4313093     0.5210211     0.6081994     0.7096738     0.8116804     0.9069911      1.021572      1.164553      1.351561      1.610464      1.372886
      1.166625     0.9801773     0.8431248     0.7466328     0.6747572     0.6192684     0.5754336     0.5052313     0.4150758     0.3499387             0
