 51            10 
             0    -0.1152366     -0.118937    -0.1166906    -0.1142236    -0.1109594    -0.1070113    -0.1030261 -9.991802E-02 -9.729914E-02 -9.455293E-02 -9.096687E-02 -8.563887E-02 -7.911014E-02 -7.217406E-02 -6.486242E-02 -5.720616E-02 -4.923444E-02    -0.0409731 -3.244152E-02
 -2.364697E-02    -0.0145763 -5.196703E-03  4.359653E-03  1.399446E-02  2.363149E-02     0.0332091     0.0426756  5.198627E-02  6.110165E-02      0.068876     0.0753947  8.175635E-02  8.691776E-02  9.096864E-02  9.493861E-02  9.882528E-02     0.1026264     0.1063401     0.1099646
     0.1143817     0.1203233     0.1267371     0.1327693     0.1384171     0.1436801     0.1485594     0.1575545     0.1726812     0.1793568             0
             0     -0.117577    -0.1214234    -0.1191759    -0.1166901    -0.1133907    -0.1093915     -0.105347    -0.1021883 -9.952448E-02    -0.0967288    -0.0930752 -8.764067E-02    -0.0809726 -7.388098E-02 -6.639937E-02 -5.856016E-02 -5.039329E-02 -4.192559E-02 -3.317828E-02
 -2.416147E-02 -1.486531E-02 -5.259099E-03  4.524973E-03     0.0143862  2.424603E-02  3.404063E-02     0.0437161  5.322555E-02  6.252735E-02  7.045206E-02  7.709045E-02  8.356176E-02  8.880564E-02  9.291752E-02     0.0969434     0.1008808     0.1047274     0.1084813     0.1121407
     0.1165951     0.1225757     0.1290148     0.1350543     0.1406929     0.1459317     0.1507737     0.1596718     0.1744853     0.1806206             0
             0    -0.1542216    -0.1605593     -0.158378    -0.1556248    -0.1517711    -0.1469378    -0.1419178    -0.1379295    -0.1345309    -0.1309294      -0.12618    -0.1190276    -0.1101247    -0.1005423 -9.033433E-02 -7.955613E-02    -0.0682614 -5.649998E-02 -4.431355E-02
 -3.172728E-02    -0.0187374 -5.310595E-03  8.349874E-03  2.208504E-02  3.576627E-02      0.049284  6.254052E-02  7.544583E-02  8.791547E-02  9.837589E-02     0.1070165     0.1153033     0.1218932     0.1269888     0.1319026     0.1366298      0.141167     0.1455113     0.1496612
     0.1546046     0.1610143     0.1675728      0.173391     0.1785053     0.1829591     0.1867995     0.1933492     0.2016803      0.198071             0
             0    -0.1898899    -0.2004382    -0.1993998    -0.1970995    -0.1933655    -0.1882788    -0.1826737    -0.1780592    -0.1740453    -0.1697127    -0.1639046      -0.15497    -0.1435956    -0.1311489    -0.1177357    -0.1034653 -8.844043E-02 -7.275098E-02    -0.0564663
 -3.962392E-02 -2.221394E-02  -4.18232E-03     0.0141948  3.270438E-02  5.117209E-02  6.944209E-02  8.736318E-02     0.1047797     0.1215271     0.1354437     0.1468109     0.1575433     0.1659006     0.1722513     0.1782512     0.1838875     0.1891507     0.1940347     0.1985373
     0.2036907     0.2099261     0.2156331     0.2200474     0.2233211      0.225615     0.2270859     0.2286674     0.2263802     0.2115403             0
             0    -0.2183352    -0.2344242    -0.2357303    -0.2347697    -0.2320555    -0.2275497    -0.2219647    -0.2170657    -0.2126564    -0.2077575    -0.2010289    -0.1903747    -0.1764456    -0.1609661    -0.1441624    -0.1262528    -0.1074244 -8.782171E-02 -6.753786E-02
 -4.660372E-02 -2.497285E-02 -2.531749E-03  2.041481E-02     0.0436494  6.700181E-02  9.031443E-02     0.1134147     0.1360927     0.1580835     0.1764353     0.1913996     0.2054177     0.2161562     0.2241784     0.2315842      0.238333      0.244394     0.2497481     0.2543892
     0.2593093     0.2644151     0.2677981     0.2691406      0.268885     0.2674457     0.2651752       0.25953     0.2449424     0.2203629             0
             0    -0.2395855    -0.2619006    -0.2665734    -0.2678042    -0.2670603    -0.2640688    -0.2591772     -0.254342    -0.2497323    -0.2443749    -0.2367564    -0.2242395    -0.2074287    -0.1885725    -0.1681297    -0.1464921    -0.1239535    -0.1007048 -7.683733E-02
 -5.234071E-02 -2.709359E-02  -8.81545E-04     0.0260207  5.345572E-02  8.132907E-02      0.109561     0.1380425     0.1665903     0.1948968     0.2190288     0.2389543     0.2577449     0.2720886     0.2826841     0.2922601     0.3006886     0.3078657     0.3137241     0.3182421
     0.3222492     0.3246558     0.3233874     0.3192636     0.3133454     0.3064688      0.299226     0.2847665     0.2581458     0.2260054             0
             0    -0.2517785     -0.279052    -0.2870221    -0.2906566    -0.2923705    -0.2915949     -0.288036    -0.2836213    -0.2790101     -0.273297    -0.2648097    -0.2503236    -0.2305479    -0.2084574    -0.1848053    -0.1601367    -0.1347974    -0.1089678 -8.269224E-02
 -5.589105E-02 -2.835596E-02  2.292711E-04     0.0296492  5.983294E-02  9.079657E-02     0.1225933     0.1552662     0.1887926     0.2230044     0.2531634     0.2787349     0.3034711     0.3227266     0.3370201     0.3498571     0.3608794     0.3697585     0.3762545     0.3802798
     0.3823498     0.3798622     0.3713478     0.3598074     0.3471299     0.3344831     0.3225034     0.3004487     0.2654277      0.228885             0
             0    -0.2573259    -0.2872205    -0.2971559    -0.3023496    -0.3058348    -0.3068845    -0.3046378    -0.3007413    -0.2962265    -0.2902579    -0.2810524    -0.2649697    -0.2430326    -0.2188204    -0.1932422    -0.1668797    -0.1400599    -0.1129232 -8.546642E-02
 -5.755957E-02 -2.894077E-02  7.645097E-04  3.137888E-02  6.288485E-02  9.536868E-02     0.1289744      0.163863     0.2001624     0.2378912     0.2719617     0.3015071     0.3308508     0.3543643     0.3721332     0.3883044     0.4022061     0.4131063     0.4203547     0.4236425
     0.4232047     0.4152519     0.4000322      0.382605      0.365182     0.3488597     0.3340901     0.3078553     0.2686807     0.2301283             0
             0    -0.2604115    -0.2918758    -0.3030691    -0.3093174    -0.3140935    -0.3166234    -0.3156234    -0.3123106    -0.3079466    -0.3017395    -0.2918399    -0.2743537    -0.2507502    -0.2250523    -0.1982141    -0.1707954    -0.1430837    -0.1151787 -8.703969E-02
 -5.850191E-02 -2.926896E-02  1.069793E-03  3.236143E-02  6.462241E-02  9.798423E-02     0.1326518     0.1688692     0.2068802     0.2468655     0.2835837     0.3159752     0.3488722     0.3760095     0.3969956     0.4165805     0.4338043     0.4473833     0.4558074     0.4579091
     0.4540808     0.4401652     0.4189672     0.3969519     0.3761555     0.3573838     0.3408412     0.3120516     0.2704737     0.2308026             0
             0    -0.2619948    -0.2943044    -0.3062094    -0.3130834    -0.3186819    -0.3222682    -0.3223422    -0.3196619    -0.3155115    -0.3090459    -0.2984577     -0.279817    -0.2550619    -0.2284415    -0.2008714    -0.1728641    -0.1446688    -0.1163546 -8.785693E-02
    -0.0589901 -2.943833E-02  1.228796E-03  3.287208E-02  6.552687E-02  9.935012E-02     0.1345818     0.1715158      0.210469     0.2517338     0.2900207     0.3241877     0.3594699     0.3893168     0.4129757     0.4358167     0.4568532     0.4744201     0.4855937     0.4849759
     0.4761346     0.4560916     0.4301701     0.4050415     0.3821574     0.3619545     0.3444149     0.3142306     0.2713885     0.2311431             0
