 51            10 
             0    -0.2561096    -0.2470394    -0.2398646     -0.234214     -0.227704    -0.2203414    -0.2131622    -0.2076458    -0.2030288     -0.198211    -0.1919423    -0.1826623    -0.1713251    -0.1593075    -0.1466684    -0.1334695    -0.1197719    -0.1056456 -9.118039E-02
 -7.651295E-02 -6.184479E-02 -4.498075E-02 -2.803341E-02 -1.109525E-02  5.750408E-03  2.243205E-02  3.888613E-02  5.505298E-02  7.087454E-02  8.436656E-02  9.567805E-02     0.1067145     0.1156654     0.1226882     0.1295681     0.1363012      0.142884     0.1493141     0.1555899
     0.1632411     0.1735468     0.1846995     0.1952183       0.20509     0.2142969     0.2228367     0.2385985     0.2655414      0.288256             0
             0      -0.26124    -0.2521198    -0.2448705    -0.2391666    -0.2326016    -0.2251647    -0.2178945    -0.2122964    -0.2076038    -0.2026992    -0.1963069    -0.1868204    -0.1751995    -0.1628586    -0.1498778    -0.1363327    -0.1222592    -0.1077158 -9.279338E-02
 -7.764021E-02 -6.249414E-02 -4.540132E-02 -2.796641E-02 -1.057996E-02   6.65419E-03  2.368303E-02  4.046423E-02  5.694999E-02  7.308414E-02  8.683965E-02     0.0983662     0.1096022     0.1187015     0.1258307     0.1328026     0.1396107     0.1462496      0.152715     0.1590056
     0.1666577     0.1770067     0.1882102     0.1988093     0.2087696     0.2179808     0.2264733     0.2420782     0.2684355      0.290163             0
             0      -0.33914    -0.3295604    -0.3214124    -0.3148009    -0.3069634    -0.2978308    -0.2886632    -0.2814724    -0.2753747    -0.2689315    -0.2604472    -0.2476773    -0.2317762    -0.2146616    -0.1964667     -0.177325    -0.1573165    -0.1365525      -0.11519
 -9.346564E-02 -7.174411E-02 -4.725417E-02 -2.232028E-02   2.47236E-03  2.694695E-02  5.099545E-02  7.452002E-02  9.740965E-02     0.1195368     0.1381101     0.1534545     0.1681662     0.1798535     0.1888796      0.197569     0.2059104      0.213895     0.2215167     0.2287739
     0.2373991     0.2486319     0.2601586     0.2704267     0.2794893     0.2873125     0.2940053     0.3053485      0.319771      0.323978             0
             0    -0.4161123    -0.4101029    -0.4035007    -0.3975971     -0.389984    -0.3804303    -0.3702007    -0.3618335    -0.3545603     -0.346701    -0.3361435    -0.3198394    -0.2989889    -0.2761236    -0.2515154    -0.2254445    -0.1980973     -0.169681     -0.140442
    -0.1107159 -8.100001E-02 -4.751445E-02 -1.340505E-02  2.055316E-02  5.413216E-02  8.718071E-02     0.1195386     0.1509984     0.1812971     0.2065192     0.2271402     0.2466146     0.2617665      0.273264     0.2841021     0.2942508     0.3036873     0.3123971     0.3203758
     0.3294484     0.3403791     0.3503322     0.3579389     0.3635484     0.3673563     0.3696598     0.3718105     0.3665696     0.3502602             0
             0    -0.4785586    -0.4808294    -0.4791144    -0.4762913    -0.4712626     -0.463431    -0.4536265    -0.4448607    -0.4368648     -0.427868    -0.4153713    -0.3953111    -0.3687872    -0.3392057    -0.3071859     -0.273325    -0.2380053    -0.2015595    -0.1643077
    -0.1266344 -8.909611E-02    -0.0468499 -3.741559E-03  3.938784E-02  8.237556E-02     0.1251343     0.1675292     0.2093072     0.2500575     0.2842965     0.3123496     0.3387262     0.3589599     0.3740565     0.3879419     0.4005093     0.4116739     0.4213806     0.4296101
      0.438078     0.4463424     0.4511681     0.4521418     0.4504397     0.4467781     0.4417739     0.4300474     0.4017562     0.3675137             0
             0    -0.5260865    -0.5403821    -0.5471552    -0.5503281    -0.5511506     -0.548282    -0.5411915    -0.5330971    -0.5248629    -0.5148194    -0.5000312    -0.4749263    -0.4406255    -0.4022121     -0.361048    -0.3182498    -0.2744165    -0.2299384    -0.1851021
    -0.1402188 -9.577348E-02 -4.586704E-02  5.171682E-03  5.660844E-02     0.1085219     0.1610947     0.2144614     0.2685958     0.3232021     0.3707739     0.4107671     0.4491671     0.4789193     0.5010092      0.520942     0.5382702     0.5525943     0.5636268     0.5712577
     0.5766722     0.5765108      0.568264     0.5548638     0.5394356     0.5235003     0.5078769     0.4781408     0.4268122     0.3785592             0
             0    -0.5538822    -0.5795081    -0.5961072    -0.6072273    -0.6171576    -0.6236731    -0.6233019    -0.6178973    -0.6102075    -0.5989074    -0.5805273    -0.5473874      -0.50208    -0.4528247    -0.4018721    -0.3506336    -0.2995965    -0.2489238    -0.1986591
    -0.1488953    -0.0999389 -4.509837E-02  1.108894E-02  6.809173E-02     0.1263195     0.1863837     0.2489755     0.3147876     0.3844152     0.4489171     0.5062226     0.5647286     0.6129723     0.6500442     0.6842033     0.7136677     0.7364081       0.75056     0.7551973
     0.7501876     0.7264038     0.6890126     0.6496781     0.6137213     0.5822974     0.5551822     0.5085567      0.440663     0.3841991             0
             0    -0.5666578    -0.5987594    -0.6218984     -0.639047    -0.6571615    -0.6742581    -0.6843039    -0.6847918    -0.6791309    -0.6654761    -0.6407896    -0.5966226    -0.5399729    -0.4817196    -0.4238617    -0.3673496     -0.312201    -0.2582211    -0.2051959
     -0.153033    -0.1019051 -4.470914E-02  1.394551E-02  7.366095E-02     0.1350596     0.1990538     0.2667817     0.3396293     0.4192984     0.4967705     0.5692319     0.6483812      0.719584     0.7781761     0.8363259     0.8901461     0.9332035     0.9565077     0.9519203
     0.9210628     0.8536674     0.7770276     0.7105781     0.6569768     0.6141555     0.5795704     0.5230953     0.4468602      0.386635             0
             0     -0.573802    -0.6099392    -0.6375513    -0.6592433    -0.6844575    -0.7130214     -0.739477    -0.7555607    -0.7603838    -0.7360619     -0.695546     -0.634623    -0.5660718    -0.5002561    -0.4373481    -0.3773089    -0.3195688     -0.263587    -0.2089364
    -0.1553869     -0.103018 -4.448229E-02  1.557858E-02  7.685363E-02     0.1401041     0.2064475      0.277347      0.354738     0.4413097     0.5285215     0.6135253     0.7120671     0.8088208     0.8953415     0.9910266       1.09301      1.190827      1.255097      1.210276
      1.110769     0.9691086     0.8451828     0.7528542     0.6848609     0.6337127     0.5940869     0.5313897     0.4502791      0.387956             0
             0    -0.5774814    -0.6158531    -0.6461381    -0.6708174    -0.7014827    -0.7416593    -0.7955415    -0.8679277    -0.9914243    -0.8483337    -0.7513937    -0.6628626    -0.5824708    -0.5109627    -0.4447981    -0.3826739    -0.3234787    -0.2664078    -0.2108909
     -0.156612    -0.1035955 -4.436261E-02  1.643085E-02  7.852314E-02     0.1427543      0.210362     0.2830083     0.3629874      0.453693     0.5472014      0.641099     0.7552772     0.8767772     0.9958746      1.147062      1.347512      1.627436      2.042436      1.651721
      1.333548      1.068012     0.8928198     0.7790195     0.7009121     0.6444981     0.6018972     0.5357181     0.4520245     0.3886232             0
