 51            10 
             0    -0.2271965    -0.2204624    -0.2147817    -0.2102349    -0.2049392    -0.1989082    -0.1930017    -0.1884533    -0.1846421    -0.1806613    -0.1754771     -0.167793    -0.1583881    -0.1496466    -0.1416722    -0.1332784    -0.1208266     -0.107071 -9.319883E-02
 -7.848103E-02 -6.325798E-02 -4.757142E-02 -3.151893E-02 -1.529609E-02  1.181509E-03  1.793242E-02  3.492872E-02  5.118323E-02  6.637409E-02  7.952741E-02  9.057929E-02     0.1013575     0.1101152     0.1170288     0.1238906     0.1307243     0.1375255     0.1443233     0.1506953
     0.1580522     0.1684313      0.179668     0.1900637     0.2001726     0.2098915     0.2190434     0.2362382      0.264231     0.2878102             0
             0    -0.2303272    -0.2235903    -0.2178898    -0.2133217    -0.2079946    -0.2019203    -0.1959629    -0.1913699     -0.187518    -0.1834908    -0.1782406    -0.1704447    -0.1608746    -0.1519441    -0.1437388    -0.1350189    -0.1222332    -0.1081365    -0.0938967
 -7.876141E-02    -0.0630854 -4.692893E-02 -3.040953E-02 -1.372826E-02  3.189392E-03  2.035224E-02  3.774516E-02  5.435806E-02  6.988999E-02  8.334738E-02  9.466027E-02     0.1056954      0.114658     0.1217276     0.1287356     0.1357024     0.1426242     0.1495315      0.155997
     0.1634662     0.1739566     0.1852579      0.195674     0.2057441     0.2153237     0.2242311     0.2408422     0.2678896     0.2901207             0
             0    -0.2798557    -0.2733649    -0.2675738    -0.2628454    -0.2572375    -0.2507405    -0.2442701     -0.239225    -0.2349623    -0.2304725    -0.2245761    -0.2157238    -0.2046964    -0.1942534    -0.1845035    -0.1739744    -0.1565729    -0.1367707    -0.1165319
 -9.491354E-02 -7.248155E-02 -4.936317E-02    -0.0257594 -1.989613E-03  2.201893E-02  4.624274E-02  7.061639E-02  9.369284E-02      0.115009     0.1332102     0.1483086     0.1628059     0.1743643      0.183355     0.1921332     0.2007193     0.2091033     0.2173175     0.2248616
     0.2333843     0.2449413     0.2567874     0.2670874     0.2764289     0.2847347     0.2919256      0.304379     0.3199049     0.3241502             0
             0    -0.3224061    -0.3175547     -0.312683    -0.3085594    -0.3035189    -0.2975224    -0.2914077    -0.2865628    -0.2824281     -0.278032    -0.2722064    -0.2633486    -0.2521377    -0.2413558    -0.2311453     -0.219932    -0.1973799     -0.170683    -0.1430958
    -0.1135396 -8.286133E-02 -5.125728E-02 -1.899986E-02     0.0134863  4.631056E-02  7.943774E-02     0.1127566     0.1442443     0.1732024     0.1977257      0.217869     0.2369415     0.2518599     0.2632799     0.2742226      0.284696     0.2946728     0.3041795     0.3126494
      0.321871     0.3335956     0.3444755     0.3527958     0.3592204     0.3638841     0.3669652      0.370575     0.3671912     0.3505659             0
             0    -0.3527307    -0.3503058    -0.3469916    -0.3439736      -0.34007    -0.3352057    -0.3300529    -0.3258742    -0.3222618    -0.3183789    -0.3131873     -0.305215    -0.2950498    -0.2852488    -0.2760756     -0.266056    -0.2384966    -0.2045488    -0.1693274
    -0.1317104 -9.282845E-02 -5.288821E-02 -1.214344E-02  2.898042E-02  7.073505E-02     0.1131727     0.1562259      0.197271     0.2353572     0.2677826     0.2944115     0.3194831     0.3388304     0.3534229     0.3671236     0.3798871     0.3916334     0.4023578     0.4114388
     0.4206955     0.4309755     0.4383638     0.4418917     0.4424689     0.4407057     0.4372381     0.4279154     0.4026154      0.367897             0
             0    -0.3734392    -0.3736716    -0.3722082    -0.3705508    -0.3680864    -0.3646792    -0.3607648    -0.3574379    -0.3544911    -0.3512639    -0.3468935    -0.3401255    -0.3315691    -0.3235531    -0.3166678    -0.3097877    -0.2773132     -0.235928    -0.1932068
    -0.1480178     -0.101707 -5.438665E-02 -6.165636E-03  4.267136E-02  9.265804E-02     0.1440963     0.1971556     0.2487328      0.297772     0.3405308     0.3761938     0.4101309     0.4363501     0.4559665     0.4740552      0.490373     0.5046541     0.5167678     0.5260311
     0.5341573      0.539847      0.539037     0.5331362      0.523725     0.5122313     0.4998572     0.4745269     0.4277207     0.3789851             0
             0    -0.3845463    -0.3868056    -0.3869109    -0.3864711    -0.3853574    -0.3833519    -0.3805976    -0.3780066    -0.3755881    -0.3728313    -0.3689986    -0.3629745    -0.3555337     -0.349029    -0.3445559    -0.3415062    -0.3050513    -0.2577122    -0.2093857
    -0.1588674    -0.1075667 -5.542927E-02 -2.362421E-03  5.155326E-02     0.1071702     0.1651322     0.2260221     0.2866224     0.3462029     0.4002457     0.4468451     0.4927401     0.5292863     0.5569582     0.5824767     0.6049812     0.6235544     0.6375464     0.6461139
     0.6508398     0.6460206      0.629822     0.6092501     0.5867063     0.5641817     0.5429556     0.5034568     0.4415284     0.3846433             0
             0    -0.3894521    -0.3927624    -0.3937498    -0.3940373    -0.3937891    -0.3927494    -0.3908281    -0.3887311    -0.3866155    -0.3840567    -0.3803705    -0.3744805    -0.3673809    -0.3615621    -0.3584699    -0.3578502    -0.3191464    -0.2685638    -0.2173236
    -0.1641335    -0.1103965 -5.594444E-02 -5.582647E-04  5.580896E-02     0.1142014     0.1754876     0.2405565     0.3062655     0.3723373     0.4340873     0.4889314     0.5449564     0.5915166     0.6277974     0.6620966     0.6926033     0.7170774     0.7334522     0.7402057
     0.7394816     0.7204182     0.6874681     0.6537626     0.6211826     0.5912193     0.5645916     0.5171353       0.44769     0.3870864             0
             0    -0.3921421    -0.3960761     -0.397614    -0.3983769    -0.3987314    -0.3984266     -0.397215    -0.3955579     -0.393677    -0.3911741    -0.3874203    -0.3813853    -0.3743206    -0.3688346     -0.366589    -0.3675593    -0.3274435    -0.2748784    -0.2219039
    -0.1671543    -0.1120153    -0.0562423  4.647694E-04  5.823441E-02     0.1182322     0.1814753     0.2490665     0.3179631      0.388289     0.4554292     0.5164499     0.5807683     0.6365339     0.6815454     0.7258391      0.766706     0.7999812     0.8203645     0.8231161
     0.8137653     0.7769721     0.7273864     0.6826128     0.6425039     0.6074052       0.57727     0.5248926     0.4510845     0.3884111             0
             0    -0.3935102    -0.3977782     -0.399623    -0.4006626     -0.401393    -0.4016034    -0.4010011    -0.3998246    -0.3982269    -0.3955938    -0.3915555    -0.3852093    -0.3780375    -0.3726803    -0.3708923    -0.3727717    -0.3318652    -0.2782153      -0.22431
    -0.1687349    -0.1128607 -5.639886E-02  9.959842E-04  5.949803E-02     0.1203404     0.1846256     0.2535839     0.3242504     0.3970296     0.4674506     0.5324742     0.6026558     0.6657853     0.7186595     0.7734122     0.8274091     0.8752055     0.9059234     0.8974835
     0.8733954     0.8161935     0.7521469     0.6993288     0.6543407     0.6161531     0.5840116      0.528924     0.4528159     0.3890801             0
