 51            10 
             0    -0.2559761    -0.2469156    -0.2397457    -0.2340972    -0.2275878    -0.2202256    -0.2130469    -0.2075313    -0.2029152    -0.1980986    -0.1918318    -0.1825556    -0.1712244    -0.1592139    -0.1465817    -0.1333894    -0.1197013    -0.1055895 -9.113736E-02
 -7.642657E-02    -0.0614085 -4.420134E-02 -2.700221E-02 -9.879001E-03  7.102491E-03  2.387835E-02  4.038664E-02  5.656774E-02  7.236478E-02  8.580434E-02  9.705351E-02     0.1080129     0.1168895     0.1238483     0.1306603     0.1373217     0.1438289      0.150179     0.1563692
     0.1639045     0.1740223     0.1849187     0.1951429     0.2046943      0.213577     0.2217997     0.2369515     0.2627634     0.2843314             0
             0    -0.2610605    -0.2519479    -0.2447099    -0.2390067     -0.232432    -0.2249846    -0.2177066    -0.2121039    -0.2074084    -0.2025023      -0.19611    -0.1866292     -0.175022    -0.1627004    -0.1497334    -0.1361883    -0.1221212    -0.1075989 -9.270787E-02
 -7.754413E-02 -6.208798E-02 -4.447387E-02    -0.0268472 -9.301906E-03  8.093338E-03  2.527207E-02  4.216978E-02  5.872383E-02  7.487372E-02  8.860075E-02     0.1000805     0.1112526     0.1202904      0.127369     0.1342913     0.1410532     0.1476512     0.1540823     0.1603441
     0.1679575     0.1781628     0.1891278     0.1993915      0.208954     0.2178194     0.2259988      0.241019     0.2663361     0.2870533             0
             0    -0.3388963    -0.3293167    -0.3211755    -0.3145609    -0.3067078    -0.2975587    -0.2883784    -0.2811801    -0.2750778    -0.2686318    -0.2601475     -0.247386    -0.2315064    -0.2144227    -0.1962516    -0.1771139    -0.1571175    -0.1363852    -0.1150668
 -9.332214E-02 -7.114038E-02 -4.584982E-02    -0.0205787  4.509986E-03  2.928681E-02  5.362137E-02  7.738108E-02     0.1004309     0.1226346     0.1412045     0.1565065     0.1711427     0.1827466      0.191699     0.2003108     0.2085735     0.2164809     0.2240285     0.2312141
     0.2397433     0.2507393     0.2618952     0.2716968     0.2802187     0.2875477     0.2937813     0.3042617      0.317196     0.3204821             0
             0    -0.4157532    -0.4096946    -0.4030647    -0.3971372    -0.3894873    -0.3798966    -0.3696395    -0.3612573    -0.3539756    -0.3461124    -0.3355567    -0.3192725    -0.2984689    -0.2756678    -0.2511174    -0.2250736    -0.1977595    -0.1693975    -0.1402218
    -0.1104562 -8.005827E-02 -4.527886E-02 -1.051319E-02  2.404346E-02  5.823056E-02  9.186748E-02     0.1247446     0.1566169     0.1872016     0.2125597     0.2332264     0.2526808     0.2677682     0.2791928     0.2899402     0.2999842      0.309305     0.3178909     0.3257381
     0.3346295      0.345192     0.3545534     0.3614749     0.3662741     0.3692795     0.3708081     0.3714897     0.3638205     0.3464125             0
             0    -0.4780315    -0.4801097    -0.4782525    -0.4753318    -0.4701915    -0.4622509      -0.45237    -0.4435674    -0.4355543    -0.4265542    -0.4140728    -0.3940767    -0.3676825    -0.3382629    -0.3063998    -0.2726405    -0.2374144    -0.2010744    -0.1639245
    -0.1262008 -8.775003E-02 -4.365114E-02  5.006299E-04  4.460478E-02  8.859142E-02     0.1323391     0.1756464     0.2182012     0.2595501     0.2941334     0.3223598     0.3487893      0.368975     0.3839917     0.3977631     0.4101905     0.4211971     0.4307348     0.4387889
     0.4470284     0.4549026     0.4589852     0.4591241     0.4563128     0.4514316     0.4451967     0.4311115     0.3991295     0.3634563             0
             0    -0.5253551    -0.5391744    -0.5455325    -0.5484076    -0.5488912    -0.5456772    -0.5383406    -0.5301362    -0.5218607    -0.5118281    -0.4971187    -0.4722452    -0.4383332    -0.4003471    -0.3595816    -0.3170609    -0.2734506    -0.2291755    -0.1845089
    -0.1395853 -9.403305E-02 -4.177415E-02      0.010661  6.342247E-02     0.1167039     0.1706442      0.225281     0.2804824     0.3358452     0.3837168     0.4236939     0.4617934     0.4910848     0.5127293     0.5321816     0.5490469     0.5629816     0.5737473     0.5812621
     0.5867175     0.5869286     0.5786081     0.5649369      0.548494     0.5310696     0.5137833     0.4807384     0.4244173     0.3743823             0
             0    -0.5529796     -0.577776    -0.5935268    -0.6039659    -0.6130348    -0.6185434    -0.6173192    -0.6114864    -0.6036497    -0.5924597    -0.5744717    -0.5421765    -0.4979539    -0.4496924    -0.3995685    -0.3488859    -0.2982525    -0.2479026    -0.1978848
    -0.1481064 -9.792922E-02 -4.042666E-02  1.737448E-02  7.591747E-02     0.1357345       0.19737      0.261363     0.3281972     0.3981848     0.4620895     0.5180736     0.5742857     0.6197815     0.6543148     0.6857831     0.7127204     0.7335317      0.746818     0.7519317
     0.7489561     0.7298744     0.6964111     0.6596728     0.6240843      0.591567     0.5627105      0.512225     0.4384513      0.379967             0
             0    -0.5656632    -0.5967022    -0.6186447    -0.6347385    -0.6513487    -0.6663153    -0.6738445    -0.6724421    -0.6658983    -0.6530883    -0.6302561    -0.5886074    -0.5341924    -0.4776028    -0.4209766    -0.3652462    -0.3106318     -0.257054    -0.2043235
     -0.152164 -9.976421E-02 -3.976277E-02  2.060552E-02  8.195888E-02     0.1450422     0.2106806     0.2798103     0.3535035     0.4329651     0.5086298     0.5778797     0.6514884     0.7155709      0.767047      0.816877     0.8619331     0.8974289     0.9171034     0.9156678
     0.8939691     0.8423612     0.7776876     0.7183509     0.6671543     0.6239607     0.5877835     0.5272765     0.4447403     0.3823801             0
             0    -0.5727517    -0.6076702    -0.6338214    -0.6541269    -0.6771232    -0.7017815    -0.7212601    -0.7281749    -0.7248928    -0.7086381    -0.6772573    -0.6233217    -0.5588009    -0.4953793    -0.4340535    -0.3749697    -0.3178565    -0.2623295    -0.2080047
    -0.1544705    -0.1008019 -3.938038E-02  2.244961E-02  8.541634E-02      0.150402     0.2184216     0.2906978     0.3687653     0.4546201     0.5388879     0.6187502     0.7080286     0.7917746     0.8640029     0.9407609      1.019162      1.091192      1.137009      1.109704
      1.042011     0.9382736     0.8379949     0.7579885     0.6944839     0.6436799     0.6026435     0.5358604     0.4482123     0.3836891             0
             0    -0.5764011     -0.613463    -0.6421148    -0.6651511    -0.6928787    -0.7264409    -0.7613649    -0.7848054    -0.7916888    -0.7651742    -0.7171478    -0.6475921    -0.5739521    -0.5055666    -0.4412514    -0.3801976    -0.3216859    -0.2651008    -0.2099271
    -0.1556704      -0.10134 -3.918004E-02  2.341093E-02  8.722218E-02     0.1532134     0.2225099     0.2965089     0.3770446      0.466673     0.5563856     0.6435632     0.7450355     0.8470392     0.9423469      1.056924      1.199902      1.386905      1.645803      1.408217
      1.201946      1.015483       0.87841      0.781895     0.7099937     0.6544762     0.6106098     0.5403382     0.4499856     0.3843503             0
