 51            10 
             0  3.905021E-02  3.923943E-02  3.935673E-02  3.944226E-02  3.953496E-02  3.963462E-02  3.972772E-02  3.979729E-02  3.985453E-02  3.991333E-02  3.998873E-02  4.009816E-02  4.022885E-02  4.036483E-02  4.050574E-02  4.065121E-02  4.080085E-02  4.095426E-02  4.111101E-02
  4.127068E-02  4.143284E-02  4.159701E-02  4.176275E-02  4.192961E-02  4.209711E-02     0.0422648  4.243221E-02  4.259887E-02  4.276435E-02     0.0429077  4.302943E-02  4.314984E-02  4.324893E-02  4.332747E-02  4.340523E-02  4.348215E-02  4.355819E-02     0.0436333  4.370742E-02
     0.0437988  4.392388E-02  4.406218E-02     0.0441955  4.432352E-02  4.444594E-02  4.456246E-02  4.478319E-02  4.518998E-02     0.0455515             0
             0  3.904654E-02  3.923593E-02  3.935337E-02  3.943902E-02  3.953185E-02  3.963165E-02  3.972491E-02  3.979458E-02  3.985192E-02  3.991081E-02  3.998633E-02  4.009596E-02  4.022687E-02  4.036308E-02  4.050425E-02  4.064998E-02  4.079989E-02  4.095358E-02  4.111062E-02
  4.127059E-02  4.143303E-02     0.0415975  4.176354E-02  4.193069E-02  4.209848E-02  4.226644E-02  4.243412E-02  4.260105E-02  4.276677E-02  4.291033E-02  4.303223E-02     0.0431528  4.325201E-02  4.333065E-02  4.340849E-02     0.0434855  4.356163E-02  4.363681E-02  4.371101E-02
  4.380247E-02  4.392767E-02  4.406608E-02  4.419949E-02  4.432758E-02  4.445005E-02  4.456662E-02     0.0447874  4.519416E-02  4.555538E-02             0
             0  3.899005E-02  3.918223E-02  3.930186E-02  3.938923E-02  3.948404E-02     0.0395861  3.968156E-02  3.975292E-02  3.981167E-02  3.987205E-02     0.0399495  4.006197E-02  4.019636E-02  4.033626E-02     0.0404813  4.063109E-02     0.0407852  4.094322E-02  4.110469E-02
  4.126915E-02  4.143613E-02  4.160516E-02  4.177574E-02  4.194739E-02     0.0421196  4.229189E-02  4.246375E-02     0.0426347  4.280425E-02  4.295098E-02  4.307547E-02  4.319849E-02  4.329963E-02  4.337974E-02  4.345899E-02  4.353734E-02  4.361473E-02  4.369112E-02  4.376645E-02
  4.385924E-02  4.398609E-02  4.412613E-02     0.0442609  4.439008E-02  4.451339E-02  4.463057E-02  4.485215E-02  4.525831E-02  4.561473E-02             0
             0  3.894951E-02  3.914355E-02  3.926466E-02  3.935321E-02  3.944941E-02  3.955305E-02  3.965006E-02  3.972263E-02  3.978239E-02  3.984382E-02  3.992265E-02  4.003717E-02  4.017408E-02  4.031667E-02  4.046456E-02  4.061732E-02  4.077454E-02  4.093576E-02  4.110052E-02
  4.126833E-02  4.143871E-02  4.161115E-02  4.178514E-02  4.196016E-02     0.0421357  4.231122E-02  4.248622E-02  4.266018E-02     0.0428326  4.298168E-02  4.310809E-02  4.323291E-02  4.333545E-02  4.341662E-02  4.349689E-02  4.357619E-02  4.365448E-02     0.0437317  4.380781E-02
  4.390149E-02  4.402946E-02  4.417053E-02  4.430611E-02     0.0444359  4.455962E-02  4.467703E-02  4.489875E-02  4.530354E-02  4.565553E-02             0
             0  3.892434E-02  3.911944E-02  3.924143E-02  3.933069E-02  3.942771E-02  3.953231E-02  3.963026E-02  3.970356E-02  3.976395E-02  3.982603E-02  3.990572E-02  4.002151E-02  4.016001E-02     0.0403043  4.045397E-02  4.060863E-02  4.076781E-02  4.093108E-02  4.109794E-02
  4.126789E-02  4.144045E-02  4.161508E-02  4.179126E-02  4.196846E-02  4.214614E-02  4.232376E-02     0.0425008  4.267671E-02  4.285097E-02  4.300157E-02  4.312921E-02  4.325518E-02  4.335861E-02  4.344046E-02  4.352136E-02  4.360126E-02  4.368009E-02  4.375783E-02     0.0438344
  4.392863E-02  4.405723E-02  4.419888E-02  4.433488E-02  4.446494E-02  4.458882E-02  4.470625E-02  4.492782E-02  4.533131E-02  4.568015E-02             0
             0  3.890882E-02  3.910454E-02  3.922703E-02  3.931671E-02  3.941422E-02  3.951939E-02  3.961792E-02  3.969167E-02  3.975244E-02  3.981492E-02  3.989514E-02  4.001173E-02     0.0401512  4.029654E-02  4.044734E-02  4.060318E-02  4.076361E-02  4.092816E-02  4.109634E-02
  4.126765E-02  4.144158E-02  4.161759E-02  4.179516E-02  4.197374E-02  4.215279E-02  4.233175E-02  4.251007E-02  4.268723E-02  4.286268E-02  4.301425E-02  4.314267E-02  4.326937E-02  4.337337E-02  4.345564E-02  4.353694E-02     0.0436172  4.369638E-02  4.377443E-02  4.385129E-02
  4.394583E-02  4.407481E-02  4.421677E-02  4.435298E-02  4.448316E-02  4.460707E-02  4.472446E-02  4.494583E-02     0.0453483  4.569504E-02             0
             0  3.890109E-02  3.909709E-02  3.921983E-02     0.0393097  3.940746E-02  3.951291E-02  3.961172E-02     0.0396857  3.974665E-02  3.980934E-02  3.988981E-02  4.000679E-02  4.014676E-02  4.029264E-02  4.044401E-02  4.060044E-02  4.076149E-02  4.092668E-02  4.109553E-02
  4.126753E-02  4.144216E-02  4.161887E-02  4.179715E-02  4.197643E-02  4.215617E-02  4.233581E-02     0.0425148     0.0426926  4.286866E-02  4.302073E-02  4.314955E-02  4.327663E-02  4.338091E-02  4.346341E-02     0.0435449  4.362535E-02     0.0437047     0.0437829  4.385991E-02
     0.0439546  4.408375E-02  4.422585E-02  4.436214E-02  4.449236E-02  4.461626E-02  4.473361E-02  4.495484E-02  4.535672E-02  4.570236E-02             0
             0  3.889779E-02  3.909391E-02  3.921675E-02     0.0393067  3.940456E-02  3.951013E-02  3.960906E-02  3.968313E-02  3.974416E-02  3.980693E-02  3.988752E-02  4.000467E-02  4.014486E-02  4.029096E-02  4.044257E-02  4.059926E-02  4.076058E-02  4.092605E-02  4.109519E-02
  4.126748E-02  4.144241E-02  4.161943E-02      0.041798  4.197759E-02  4.215763E-02  4.233756E-02  4.251684E-02  4.269491E-02  4.287124E-02  4.302353E-02  4.315252E-02  4.327977E-02  4.338418E-02  4.346676E-02  4.354835E-02  4.362888E-02  4.370831E-02  4.378657E-02  4.386363E-02
  4.395839E-02  4.408761E-02  4.422976E-02  4.436609E-02  4.449632E-02  4.462021E-02  4.473754E-02     0.0449587  4.536031E-02  4.570548E-02             0
             0  3.889601E-02  3.909219E-02  3.921508E-02  3.930508E-02  3.940299E-02  3.950863E-02  3.960762E-02  3.968174E-02  3.974282E-02  3.980563E-02  3.988628E-02  4.000353E-02  4.014383E-02  4.029005E-02  4.044179E-02  4.059862E-02  4.076008E-02  4.092571E-02      0.041095
  4.126745E-02  4.144254E-02  4.161973E-02  4.179847E-02  4.197822E-02  4.215842E-02  4.233851E-02  4.251795E-02  4.269617E-02  4.287264E-02  4.302504E-02  4.315414E-02  4.328147E-02  4.338595E-02  4.346858E-02  4.355022E-02  4.363079E-02  4.371026E-02  4.378856E-02  4.386565E-02
  4.396044E-02     0.0440897  4.423188E-02  4.436823E-02  4.449846E-02  4.462234E-02  4.473966E-02  4.496077E-02  4.536225E-02  4.570716E-02             0
             0  3.889511E-02  3.909132E-02  3.921425E-02  3.930427E-02     0.0394022  3.950787E-02  3.960689E-02  3.968104E-02  3.974214E-02  3.980498E-02  3.988566E-02  4.000295E-02     0.0401433  4.028959E-02     0.0404414     0.0405983  4.075984E-02  4.092554E-02  4.109491E-02
  4.126744E-02  4.144261E-02  4.161987E-02     0.0417987  4.197853E-02  4.215882E-02  4.233899E-02     0.0425185     0.0426968  4.287335E-02  4.302581E-02  4.315495E-02  4.328233E-02  4.338684E-02  4.346951E-02  4.355116E-02  4.363176E-02  4.371125E-02  4.378957E-02  4.386667E-02
  4.396148E-02  4.409076E-02  4.423296E-02  4.436931E-02  4.449954E-02  4.462342E-02  4.474073E-02  4.496183E-02  4.536323E-02      0.045708             0
