 51            10 
             0    -0.2561769    -0.2471028    -0.2399252     -0.234274    -0.2277649    -0.2204036    -0.2132253    -0.2077093    -0.2030924    -0.1982744    -0.1920049    -0.1827229     -0.171382    -0.1593596    -0.1467161    -0.1335135    -0.1198087    -0.1056667 -9.116895E-02
 -7.644814E-02 -6.194061E-02 -4.737409E-02 -2.968464E-02 -1.228285E-02  4.831738E-03  2.165301E-02  3.816149E-02  5.432168E-02  7.008263E-02  8.346733E-02  9.464042E-02     0.1054763     0.1141891     0.1209713     0.1275487     0.1339024     0.1400107     0.1458489     0.1513887
     0.1579011     0.1675977      0.178347     0.1896037     0.2014206     0.2118766     0.2212109     0.2379562     0.2654884     0.2882313             0
             0    -0.2613433    -0.2522229    -0.2449618    -0.2392579    -0.2327075    -0.2252836    -0.2180233    -0.2124314    -0.2077433     -0.202842    -0.1964516    -0.1869612    -0.1753287    -0.1629677    -0.1499735     -0.136438     -0.122364     -0.107801 -9.283314E-02
 -7.759805E-02     -0.062467 -4.610041E-02 -2.812827E-02    -0.0107203  6.433571E-03  2.336551E-02  4.007107E-02  5.651213E-02  7.262953E-02  8.638837E-02  9.792735E-02     0.1091844     0.1183069     0.1254554     0.1324448     0.1392664     0.1459116     0.1523633     0.1585836
     0.1659659     0.1765776     0.1877651     0.1985598     0.2086819     0.2178991     0.2264019      0.242051     0.2684847     0.2902848             0
             0    -0.3392844    -0.3297136    -0.3215582    -0.3149503     -0.307134     -0.298021    -0.2888687    -0.2816877    -0.2755968    -0.2691587    -0.2606774    -0.2479016    -0.2319821    -0.2148357    -0.1966175    -0.1774855    -0.1574733    -0.1366802    -0.1152532
 -9.341474E-02    -0.0717215 -4.827682E-02 -2.258458E-02  2.227013E-03     0.0265769  5.047916E-02  7.388974E-02  9.671094E-02     0.1188107     0.1373864      0.152747     0.1674877     0.1792076     0.1882618     0.1969779     0.2053425     0.2133438     0.2209618     0.2281556
     0.2365053     0.2480493     0.2596181     0.2701046     0.2793458     0.2871934     0.2939127     0.3053275     0.3198724     0.3241277             0
             0    -0.4163477    -0.4103947    -0.4038197    -0.3979383    -0.3903667    -0.3808531    -0.3706538    -0.3623046    -0.3550427    -0.3471907    -0.3366354    -0.3203156    -0.2994225    -0.2764925    -0.2518264    -0.2257479    -0.1983801    -0.1699132     -0.140581
    -0.1107027 -8.104284E-02 -4.902134E-02 -1.390594E-02  2.004963E-02     0.0534276  8.624082E-02     0.1184024     0.1497243     0.1799388     0.2051239     0.2257343      0.245219     0.2603958     0.2719194     0.2827861     0.2929639     0.3024285     0.3111533     0.3190966
     0.3279443     0.3392732     0.3494267     0.3573301     0.3631608     0.3670558     0.3694344     0.3717276     0.3666994     0.3504334             0
             0    -0.4789393    -0.4814036    -0.4798296    -0.4770956    -0.4721788    -0.4644572    -0.4547313    -0.4460056    -0.4380307    -0.4290417    -0.4165359    -0.3964189    -0.3697719    -0.3400312    -0.3078532    -0.2739188    -0.2385239    -0.2019781    -0.1645855
    -0.1267127 -8.925904E-02 -4.890406E-02 -4.568267E-03  3.851307E-02  8.118972E-02      0.123574     0.1656206     0.2070998     0.2475959     0.2816419     0.3095505     0.3358105     0.3559772     0.3710375     0.3849037       0.39747     0.4086564     0.4184044     0.4266698
     0.4350868     0.4439282       0.44934     0.4508269     0.4494723     0.4460621     0.4412512     0.4298249     0.4018871     0.3677016             0
             0    -0.5266514     -0.541412    -0.5485963    -0.5520441    -0.5531932    -0.5506613    -0.5438114    -0.5358269    -0.5276375    -0.5175908    -0.5027373    -0.4774197    -0.4427445    -0.4039165    -0.3623511    -0.3193177    -0.2752893    -0.2306183    -0.1855665
    -0.1404226 -9.607985E-02    -0.0484482  3.996917E-03  5.532107E-02     0.1067829     0.1587852     0.2115542      0.265074     0.3190232     0.3659566     0.4053634     0.4431565     0.4724186     0.4941463     0.5137683     0.5308648     0.5450777     0.5561572     0.5640129
     0.5699186     0.5708859     0.5642697      0.552027     0.5373213     0.5220288     0.5068526     0.4777158     0.4269283     0.3787558             0
             0    -0.5546046    -0.5810347     -0.598474    -0.6102273    -0.6209718    -0.6284258    -0.6287991    -0.6237333    -0.6161564     -0.604795    -0.5861298    -0.5522701    -0.5059466     -0.455742    -0.4039631    -0.3522304    -0.3008293    -0.2498489    -0.1992882
    -0.1492065     -0.100356 -4.804022E-02  9.660562E-03  6.649111E-02     0.1241396     0.1834357     0.2451395     0.3099022      0.378208     0.4411774      0.496852     0.5533694     0.5996782     0.6351158     0.6676537     0.6956825     0.7174472     0.7314106     0.7369124
     0.7343374     0.7138299      0.680821     0.6443013     0.6099135     0.5798379     0.5535675     0.5079389     0.4407626        0.3844             0
             0    -0.5674656    -0.6005956    -0.6249179    -0.6430427    -0.6625328    -0.6814283    -0.6931483    -0.6944252    -0.6889302     -0.675165    -0.6497449    -0.6039189    -0.5453596    -0.4855674    -0.4264981     -0.369283    -0.3136483    -0.2592853    -0.2059151
    -0.1534016    -0.1023788 -4.782713E-02  1.239023E-02  7.190019E-02     0.1326476     0.1957557     0.2624067     0.3338894     0.4116845     0.4867477     0.5563769     0.6316249      0.698404     0.7527571     0.8060348     0.8547133     0.8933315     0.9147744     0.9133215
     0.8906572     0.8322479     0.7643143     0.7029093     0.6518069     0.6109815     0.5775638     0.5223665     0.4469505     0.3868375             0
             0    -0.5746614    -0.6119775    -0.6410306    -0.6639906    -0.6911331    -0.7225155     -0.751923    -0.7686076      -0.77106    -0.7491655    -0.7081035    -0.6442335     -0.572727     -0.504804    -0.4403654     -0.379465    -0.3211527    -0.2647372    -0.2097101
    -0.1557898    -0.1035249 -4.770151E-02  1.394955E-02  7.499875E-02     0.1375536     0.2029359     0.2726325     0.3484356     0.4327109     0.5167679     0.5977907     0.6903116     0.7792898     0.8573655     0.9416577      1.028753      1.109044      1.159549      1.130333
      1.057276     0.9374738     0.8281037     0.7432897     0.6786512     0.6300296     0.5918153     0.5305915     0.4503638     0.3881595             0
             0    -0.5783688    -0.6180071     -0.649898    -0.6760553     -0.709107    -0.7530711     -0.810257    -0.8703513    -0.9167622    -0.8508139    -0.7662193    -0.6743807    -0.5900477     -0.515967    -0.4480466    -0.3849589    -0.3251392    -0.2676054    -0.2116943
    -0.1570333    -0.1041199 -4.763481E-02  1.476294E-02  7.661828E-02     0.1401295     0.2067339     0.2781045     0.3563603     0.4444959     0.5343194     0.6233231     0.7295235     0.8394385     0.9441785      1.072073       1.23247      1.438886      1.709439      1.464391
      1.241634      1.025514      0.872071     0.7681205     0.6940241     0.6405025     0.5994698     0.5348815     0.4521061     0.3888271             0
