 51            10 
             0  -1.43064E-03  1.323209E-04  1.325527E-03  2.257158E-03  3.323181E-03  4.520959E-03  5.681337E-03  6.568688E-03  7.309067E-03  8.079343E-03  9.078762E-03  1.055255E-02  1.234549E-02  1.424077E-02  1.623166E-02  1.831097E-02  2.047114E-02  2.270426E-02  2.500211E-02
  2.735615E-02  2.975759E-02  3.219735E-02  3.466604E-02  3.715411E-02  3.965202E-02  4.215031E-02  4.463972E-02  4.711127E-02  4.955628E-02     0.0516652  5.344941E-02  5.520704E-02  5.664708E-02  5.778492E-02  5.890777E-02  6.001486E-02  6.110546E-02  6.217888E-02  6.323446E-02
  6.453085E-02  6.629543E-02  6.823163E-02  7.008369E-02  7.184853E-02  7.352357E-02  7.510678E-02  7.808631E-02      0.083498  8.851856E-02             0
             0 -1.698545E-03 -1.275979E-04  1.073051E-03  2.010903E-03  3.084467E-03  4.291149E-03  5.460538E-03  6.354982E-03  7.101389E-03  7.878041E-03  8.885864E-03  1.037232E-02  1.218107E-02  1.409343E-02  1.610257E-02  1.820121E-02  2.038168E-02  2.263594E-02  2.495559E-02
  2.733197E-02     0.0297561  3.221872E-02  3.471025E-02  3.722094E-02  3.974106E-02  4.226094E-02  4.477115E-02  4.726248E-02  4.972609E-02  5.185011E-02  5.364644E-02     0.0554153  5.686392E-02  5.800819E-02  5.913704E-02  6.024969E-02  6.134539E-02  6.242347E-02  6.348325E-02
  6.478433E-02  6.655429E-02  6.849489E-02  7.034968E-02  7.211567E-02  7.379042E-02  7.537202E-02  7.834604E-02  8.373404E-02  8.870603E-02             0
             0 -5.871517E-03 -4.183479E-03 -2.870926E-03 -1.838704E-03 -6.499322E-04  6.936208E-04  2.002221E-03  3.006637E-03  3.846644E-03   4.72251E-03   5.86132E-03  7.545609E-03  9.601885E-03  1.178217E-02  1.407831E-02  1.648142E-02  1.898196E-02  2.156979E-02  2.423423E-02
  2.696412E-02  2.974785E-02     0.0325733  3.542782E-02  3.829848E-02  4.117227E-02  4.403624E-02  4.687766E-02  4.968416E-02  5.244385E-02  5.480779E-02  5.679621E-02  5.874266E-02  6.032652E-02  6.157196E-02  6.279477E-02  6.399405E-02  6.516898E-02     0.0663188  6.744285E-02
  6.881494E-02  7.066492E-02  7.266817E-02  7.455824E-02  7.633398E-02  7.799517E-02  7.954235E-02  8.241118E-02  8.739077E-02  9.157359E-02             0
             0  -9.20987E-03 -7.478254E-03 -6.104924E-03 -5.015956E-03 -3.752266E-03 -2.313933E-03 -9.038443E-04  1.833831E-04  1.095232E-03  2.048571E-03  3.291272E-03   5.13573E-03  7.396993E-03   9.80318E-03  1.234474E-02     0.0150111  1.779083E-02  2.067177E-02  2.364114E-02
  2.668557E-02  2.979113E-02  3.294326E-02  3.612662E-02  3.932537E-02  4.252341E-02  4.570448E-02     0.0488524  5.195111E-02  5.498502E-02  5.756987E-02  5.973363E-02  6.184004E-02  6.354333E-02  6.487653E-02  6.617905E-02     0.0674498  6.868781E-02  6.989226E-02  7.106243E-02
  7.248165E-02  7.437584E-02  7.639793E-02  7.827765E-02  8.001702E-02  8.161936E-02  8.308894E-02  8.577245E-02  9.022766E-02  9.363614E-02             0
             0 -1.145849E-02 -9.739541E-03 -8.350206E-03 -7.239439E-03 -5.940428E-03 -4.451046E-03    -0.0029809 -1.841984E-03 -8.839665E-04  1.204189E-04  1.433045E-03  3.388147E-03  5.794646E-03   8.36359E-03  1.108381E-02  1.394295E-02  1.692781E-02  2.002452E-02  2.321873E-02
  2.649567E-02  2.984003E-02  3.323589E-02  3.666637E-02  4.011396E-02  4.356058E-02  4.698772E-02  5.037647E-02  5.370761E-02  5.696183E-02  5.972522E-02     0.0620307  6.426561E-02  6.606349E-02  6.746511E-02     0.0688284  7.015192E-02  7.143445E-02  7.267505E-02  7.387297E-02
  7.531644E-02  7.722332E-02  7.922985E-02  8.106779E-02  8.274367E-02  8.426546E-02  8.564191E-02  8.812194E-02  9.209598E-02  9.491765E-02             0
             0 -1.292755E-02 -1.124622E-02 -9.865206E-03 -8.752963E-03 -7.442941E-03 -5.930481E-03 -4.427581E-03 -3.257845E-03 -2.271049E-03 -1.233697E-03  1.253736E-04  2.156296E-03  4.664891E-03  7.349639E-03  1.019741E-02  1.319397E-02  1.632443E-02  1.957362E-02  2.292617E-02
  2.636656E-02  2.987898E-02  3.344703E-02  3.705338E-02  4.067991E-02  4.430777E-02  4.791736E-02  5.148822E-02  5.499892E-02     0.0584271  6.133433E-02     0.0637553  6.609556E-02  6.797077E-02  6.942777E-02  7.083933E-02  7.220345E-02     0.0735185  7.478324E-02  7.599688E-02
  7.744963E-02  7.934871E-02  8.131841E-02  8.309737E-02  8.469812E-02  8.613416E-02  8.741879E-02  8.971024E-02  9.329674E-02  9.570763E-02             0
             0 -1.368896E-02 -1.204181E-02 -1.067575E-02 -9.570459E-03 -8.262486E-03 -6.745005E-03 -5.229559E-03 -4.045735E-03 -3.044755E-03 -1.990244E-03 -6.060313E-04  1.467514E-03  4.034807E-03  6.786332E-03  9.707148E-03  1.278153E-02  1.599352E-02  1.932722E-02  2.276684E-02
     0.0262967  2.990098E-02     0.0335634  3.726671E-02     0.0409929  4.472319E-02  4.843787E-02  5.211614E-02     0.0557358  5.927309E-02  6.227381E-02  6.477185E-02  6.718411E-02  6.911303E-02  7.060862E-02  7.205352E-02  7.344498E-02     0.0747807  7.605901E-02  7.727899E-02
  7.873084E-02  8.061169E-02  8.254014E-02  8.426432E-02  8.580273E-02  8.717335E-02  8.839256E-02  9.055696E-02  9.391187E-02  9.610104E-02             0
             0      -0.01402     -0.012391 -1.103414E-02 -9.933996E-03 -8.629269E-03  -7.11194E-03 -5.592663E-03 -4.403404E-03 -3.396491E-03 -2.334411E-03 -9.387292E-04  1.154765E-03  3.749695E-03  6.532422E-03   9.48698E-03  1.259691E-02  1.584579E-02  1.921744E-02  2.269596E-02
  2.626567E-02  2.991082E-02  3.361526E-02  3.736187E-02  4.113279E-02  4.490938E-02  4.867206E-02  5.240005E-02  5.607104E-02  5.966087E-02  6.270792E-02  6.524513E-02  6.769503E-02  6.965286E-02  7.116956E-02  7.263292E-02  7.403948E-02  7.538629E-02  7.667117E-02  7.789301E-02
  7.934159E-02  8.120783E-02  8.310927E-02  8.480106E-02  8.630506E-02  8.764138E-02  8.882761E-02  9.092993E-02  9.417795E-02  9.626914E-02             0
             0 -1.420011E-02 -1.258191E-02 -1.123088E-02 -1.013422E-02 -8.832072E-03 -7.315719E-03 -5.795059E-03 -4.603161E-03 -3.593121E-03 -2.526852E-03 -1.124653E-03  9.803405E-04  3.591146E-03  6.391618E-03  9.365182E-03  1.249499E-02  1.576435E-02  1.915699E-02  2.265696E-02
     0.0262486  2.991624E-02     0.0336438  3.741427E-02     0.0412099  4.501217E-02     0.0488016  5.255751E-02     0.0562576  5.987762E-02  6.295177E-02  6.551228E-02  6.798511E-02  6.996105E-02  7.149126E-02  7.296667E-02  7.438324E-02  7.573739E-02  7.702632E-02  7.824863E-02
     0.0796937  8.154848E-02  8.343126E-02  8.510213E-02  8.658489E-02  8.790068E-02  8.906759E-02  9.113416E-02  9.432235E-02  9.635985E-02             0
             0 -1.429126E-02 -1.267884E-02 -1.133104E-02 -1.023639E-02 -8.935886E-03 -7.420426E-03 -5.899431E-03 -4.706384E-03 -3.694823E-03 -2.626384E-03 -1.220712E-03  8.904501E-04  3.509671E-03  6.319439E-03  9.302865E-03  1.244291E-02  1.572279E-02  1.912616E-02  2.263709E-02
  2.623991E-02      0.029919  3.365834E-02  3.744099E-02  4.124924E-02  4.506466E-02  4.886785E-02  5.263817E-02  5.635339E-02  5.998926E-02  6.307784E-02  6.565097E-02  6.813646E-02  7.012273E-02  7.166087E-02  7.314361E-02  7.456652E-02  7.592545E-02  7.721695E-02  7.843897E-02
  7.988085E-02  8.172759E-02     0.0835989  8.525775E-02  8.672877E-02  8.803347E-02  8.919013E-02  9.123794E-02  9.439531E-02  9.640552E-02             0
