 51            10 
             0    -0.2562571    -0.2471789    -0.2399976    -0.2343458     -0.227839    -0.2204802    -0.2133037    -0.2077886    -0.2031722    -0.1983542    -0.1920842    -0.1827997    -0.1714539    -0.1594247    -0.1467752    -0.1335684    -0.1198536    -0.1056862 -9.112196E-02
 -7.619254E-02 -6.081003E-02 -4.429016E-02 -2.768078E-02 -1.104693E-02  5.534817E-03  2.199699E-02  3.828717E-02  5.435201E-02  7.013462E-02  8.364698E-02  9.501169E-02     0.1061391     0.1152002     0.1223312     0.1293417     0.1362311     0.1430006     0.1496532     0.1561924
     0.1642294     0.1747227     0.1858841      0.196227     0.2057119     0.2146703     0.2230632     0.2386759     0.2656532     0.2885391             0
             0    -0.2615119    -0.2523961    -0.2451071    -0.2394009    -0.2328879    -0.2254916    -0.2182517    -0.2126739    -0.2079961    -0.2031032    -0.1967189    -0.1872205    -0.1755663     -0.163159    -0.1501323    -0.1366326    -0.1225638     -0.107965 -9.290247E-02
 -7.743698E-02 -6.154107E-02    -0.0447802 -2.781435E-02 -1.076028E-02  6.192215E-03  2.294278E-02     0.0395264  5.590416E-02  7.200427E-02     0.0857721  9.733207E-02     0.1086255     0.1177933     0.1249835     0.1320105     0.1388694     0.1455792     0.1521544     0.1586096
     0.1665528     0.1770327     0.1882926     0.1988565     0.2086188     0.2177872     0.2262942     0.2419987     0.2685268     0.2904276             0
             0    -0.3395228    -0.3299749    -0.3217999    -0.3151958    -0.3074312    -0.2983592    -0.2892384    -0.2820788    -0.2760036    -0.2695782     -0.261106    -0.2483187    -0.2323647    -0.2151468    -0.1968738    -0.1777843    -0.1577739    -0.1369271    -0.1153656
 -9.320267E-02 -7.042639E-02 -4.644659E-02 -2.221023E-02   2.08813E-03  2.614721E-02  4.978891E-02  7.302419E-02  9.575354E-02     0.1178263     0.1364118     0.1517985     0.1665849     0.1783619     0.1874681     0.1962303      0.204638     0.2127124     0.2204692     0.2279251
     0.2368971     0.2483245     0.2599566     0.2702625      0.279191      0.287022     0.2937712     0.3052818     0.3199848      0.324306             0
             0    -0.4167529    -0.4109155    -0.4043909     -0.398546    -0.3910656    -0.3816338    -0.3714968    -0.3631859    -0.3559496    -0.3481157    -0.3375693    -0.3212197    -0.3002442    -0.2771764     -0.252381    -0.2263206    -0.1989248    -0.1703634    -0.1408361
    -0.1105157 -7.939514E-02 -4.668078E-02    -0.0135835  1.964087E-02  5.258802E-02  8.500272E-02     0.1168748     0.1480153      0.178134     0.2032811     0.2238852     0.2433945     0.2586226     0.2701998     0.2811179     0.2913436     0.3008915     0.3097731     0.3180048
     0.3275157     0.3388273     0.3490678     0.3569689     0.3626759     0.3666501     0.3691241     0.3716049     0.3668526     0.3506419             0
             0    -0.4796188    -0.4824638      -0.48117    -0.4785947    -0.4739036    -0.4664013    -0.4568339    -0.4481914    -0.4402623    -0.4312944     -0.418778    -0.3985534    -0.3716636    -0.3416002     -0.309083    -0.2750506    -0.2395263     -0.202791    -0.1651044
    -0.1266525 -8.736784E-02 -4.618766E-02 -4.433672E-03  3.767669E-02  7.974064E-02     0.1215203     0.1630668     0.2041482     0.2443219     0.2781196     0.3058403     0.3319531     0.3520491     0.3670824     0.3809381      0.393501     0.4047408     0.4146394     0.4232042
     0.4322926     0.4414565     0.4471519     0.4491557     0.4481833     0.4451059     0.4405524     0.4295222     0.4020451     0.3679293             0
             0    -0.5276824    -0.5433496    -0.5513581     -0.555311    -0.5570977    -0.5552289    -0.5488549    -0.5410914    -0.5329967     -0.522953    -0.5079842      -0.48226    -0.4468439    -0.4071984    -0.3647936    -0.3213649      -0.27698    -0.2319396    -0.1864426
    -0.1405609 -9.404799E-02 -4.548607E-02  3.872309E-03  5.398519E-02     0.1046149     0.1557266     0.2076453     0.2603295     0.3133989     0.3594646     0.3980689     0.4350372     0.4636512     0.4849121     0.5041319     0.5208862      0.534912     0.5460219     0.5541613
     0.5607594     0.5632043     0.5577926     0.5474942     0.5344067     0.5200504     0.5054835      0.477147     0.4270696     0.3789952             0
             0    -0.5559378    -0.5839329    -0.6030594    -0.6159949    -0.6283137    -0.6375906    -0.6393899    -0.6349697    -0.6276185    -0.6161555     -0.596976    -0.5617594    -0.5134426    -0.4613904    -0.4079106    -0.3553002    -0.3032203    -0.2516483    -0.2004816
    -0.1495243 -9.826982E-02 -4.495863E-02   9.32323E-03  6.476426E-02     0.1213869      0.179506     0.2399487     0.3032663     0.3697631     0.4306206     0.4840526     0.5378696     0.5816163     0.6149368     0.6454072     0.6715434     0.6919403     0.7053368     0.7111479
     0.7097265     0.6945745     0.6661398     0.6348837     0.6045556     0.5765038     0.5513985     0.5071126     0.4408836     0.3846448             0
             0    -0.5689629    -0.6040938    -0.6307932    -0.6507487    -0.6728746    -0.6951724    -0.7099122    -0.7126513    -0.7076657    -0.6935269    -0.6667846    -0.6179902    -0.5557768    -0.4930243    -0.4314851    -0.3730031     -0.316457    -0.2613561    -0.2072822
     -0.153817    -0.1002741 -4.469611E-02  1.194213E-02  6.997115E-02     0.1295847     0.1913452     0.2564678     0.3260631     0.4012819     0.4730318     0.5388067      0.608873     0.6700259     0.7192201     0.7668763     0.8098961     0.8439246     0.8631539     0.8626159
     0.8432855     0.7980775     0.7409043     0.6889307      0.644455     0.6066606      0.574861      0.521391     0.4470599     0.3870847             0
             0    -0.5762582    -0.6158678    -0.6478153    -0.6731531    -0.7039429    -0.7404745    -0.7750558    -0.7948228    -0.7994137    -0.7755218    -0.7315187    -0.6625032    -0.5855299    -0.5136102    -0.4460758    -0.3836147    -0.3242272    -0.2669761    -0.2111829
    -0.1562641    -0.1014117 -4.454437E-02  1.343597E-02     0.0729503      0.134305     0.1982312     0.2662216     0.3398252      0.420941     0.5006783      0.576351     0.6610813      0.740666     0.8093088     0.8821722     0.9563447       1.02453      1.068218      1.043011
     0.9799335     0.8863227     0.7963914     0.7254156     0.6697594      0.625003     0.5887509     0.5295224     0.4504659     0.3884078             0
             0    -0.5800195    -0.6221219    -0.6572372    -0.6861591    -0.7236597    -0.7743846    -0.8395596    -0.9103632    -0.9956823    -0.8909685     -0.795804    -0.6959838    -0.6045267    -0.5256413    -0.4541938    -0.3893569     -0.328363    -0.2699368    -0.2132243
    -0.1575395     -0.102003 -4.446474E-02  1.421449E-02  7.450621E-02     0.1367809     0.2018685     0.2714299     0.3472975     0.4318991     0.5167005      0.599207     0.6953605     0.7920646     0.8823417     0.9906434      1.125386       1.30191      1.547932      1.322546
      1.128032     0.9572731     0.8335694     0.7474048     0.6841156     0.6350414     0.5961925     0.5337605     0.4522043     0.3890761             0
