 51            10 
             0    -0.2560524    -0.2469862    -0.2398136    -0.2341638    -0.2276539    -0.2202913    -0.2131122     -0.207596    -0.2029793     -0.198162     -0.191894    -0.1826157    -0.1712812    -0.1592667    -0.1466307    -0.1334347    -0.1197414    -0.1056222 -9.116526E-02
 -7.650509E-02 -6.230036E-02 -5.018892E-02 -3.002249E-02 -1.161199E-02  5.919412E-03  2.292728E-02  3.953696E-02     0.0557724     0.0716133  8.509509E-02     0.0963853      0.107391     0.1163102     0.1233051     0.1301549     0.1368557     0.1434043     0.1497978     0.1560341
     0.1636315     0.1738487     0.1848789     0.1952554     0.2049707     0.2140185     0.2224019     0.2378595     0.2641603     0.2829249             0
             0    -0.2611598    -0.2520425    -0.2447987     -0.239095    -0.2325247    -0.2250823     -0.217808    -0.2122074    -0.2075132    -0.2026076    -0.1962151    -0.1867312    -0.1751169    -0.1627855    -0.1498114    -0.1362655    -0.1221947    -0.1076616 -9.275663E-02
 -7.762782E-02    -0.0629766 -4.528278E-02 -2.741597E-02  -9.94341E-03  7.371855E-03  2.447606E-02  4.131584E-02  5.783598E-02  7.397818E-02  8.771957E-02  9.922281E-02      0.110427     0.1194956     0.1265995     0.1335467     0.1403317     0.1469503     0.1533987     0.1596754
     0.1673094     0.1775863     0.1886712     0.1991026     0.2088634     0.2179023     0.2262388      0.241552     0.2673905      0.288563             0
             0    -0.3390305    -0.3294498     -0.321305    -0.3146919    -0.3068461    -0.2977049    -0.2885307    -0.2813359    -0.2752356    -0.2687908    -0.2603062    -0.2475401    -0.2316493      -0.21455    -0.1963667    -0.1772259    -0.1572226    -0.1364741    -0.1151362
 -9.344432E-02 -7.242535E-02 -4.704429E-02 -2.146116E-02  3.488327E-03  2.811445E-02  5.230636E-02     0.0759488  9.891874E-02     0.1210843      0.139656     0.1549793     0.1696534      0.181299     0.1902884      0.198939     0.2072412     0.2151873     0.2227721      0.229994
     0.2385727      0.249687     0.2610287     0.2710639     0.2798556     0.2874324     0.2938962      0.304809      0.318489      0.322181             0
             0     -0.415948     -0.409913    -0.4032968    -0.3973812    -0.3897493    -0.3801768    -0.3699331    -0.3615581    -0.3542803    -0.3464188    -0.3358618    -0.3195671    -0.2987395    -0.2759059    -0.2513263    -0.2252673    -0.1979355    -0.1695459    -0.1403421
    -0.1106552    -0.0818793 -4.707163E-02 -1.197509E-02  2.229424E-02  5.617767E-02  8.952075E-02     0.1221385     0.1538048     0.1842466     0.2095368     0.2301808     0.2496453      0.264765     0.2762262      0.287019     0.2971154     0.3064943     0.3151424     0.3230558
     0.3320391     0.3427862     0.3524433     0.3597083     0.3649122     0.3683195     0.3702362     0.3716536     0.3652009     0.3482834             0
             0    -0.4783129    -0.4804868    -0.4787008    -0.4758293    -0.4707447    -0.4628585    -0.4530154    -0.4442309    -0.4362261    -0.4272272    -0.4147376    -0.3947086    -0.3682487    -0.3387476    -0.3068057    -0.2729934    -0.2377188    -0.2013251    -0.1641288
    -0.1265055 -9.013317E-02 -4.610408E-02 -1.640576E-03  4.199109E-02  8.547864E-02     0.1287322     0.1715837     0.2137506     0.2548006     0.2892124     0.3173527     0.3437565     0.3639668     0.3790238     0.3928526     0.4053504     0.4164363     0.4260586     0.4342006
      0.442555     0.4506256     0.4550775     0.4556353     0.4533775      0.449106     0.4434868     0.4305823     0.4004487     0.3654294             0
             0    -0.5257407    -0.5397987    -0.5463647    -0.5493901     -0.550044    -0.5470033      -0.53979    -0.5316406    -0.5233854    -0.5133467    -0.4985967    -0.4736059     -0.439498    -0.4012969    -0.3603314    -0.3176687    -0.2739444    -0.2295667    -0.1848207
    -0.1400064 -9.692819E-02 -4.483021E-02  7.892802E-03  6.000952E-02     0.1126075     0.1658648     0.2198676     0.2745371     0.3295239     0.3772486     0.4172369     0.4554905     0.4850157     0.5068856     0.5265808     0.5436795     0.5578103     0.5687097     0.5762817
     0.5817145     0.5817407     0.5734472     0.5599117     0.5439714     0.5272883     0.5108323     0.4794419     0.4256206     0.3764135             0
             0    -0.5534523    -0.5786649    -0.5948408    -0.6056235    -0.6151267    -0.6211438    -0.6203541     -0.614742    -0.6069811    -0.5957325    -0.5775404    -0.5448133    -0.5000425    -0.4512804    -0.4007408    -0.3497756    -0.2989371    -0.2484242    -0.1982888
    -0.1486158    -0.1011612 -4.387236E-02  1.420612E-02  7.199846E-02     0.1310217      0.191873     0.2551677     0.3214947     0.3913087      0.455521     0.5121766     0.5695499     0.6164343     0.6522498     0.6850764      0.713289     0.7350732     0.7487949     0.7536653
     0.7496578     0.7282172     0.6927561     0.6547103     0.6189229      0.586942     0.5589513     0.5103933     0.4395629     0.3820249             0
             0    -0.5661825     -0.597755    -0.6202972    -0.6369238    -0.6542957     -0.670352    -0.6792025    -0.6788229    -0.6727567    -0.6594868    -0.6356483    -0.5926757    -0.5371184    -0.4796872    -0.4224424    -0.3663153    -0.3114299    -0.2576492    -0.2047773
    -0.1527185    -0.1031581 -4.339357E-02      0.017249  7.780376E-02     0.1400458      0.204864     0.2732961     0.3465723     0.4261478     0.5027317     0.5736076     0.6500161     0.7176936     0.7727615     0.8267905     0.8762699     0.9155832     0.9370934     0.9340556
     0.9077212     0.8481752     0.7774432     0.7145242     0.6620984     0.6190735     0.5836845     0.5251885      0.445806      0.384449             0
             0    -0.5732992    -0.6088297    -0.6357135    -0.6567206    -0.6808473    -0.7075398    -0.7307976    -0.7427675    -0.7435411    -0.7232483    -0.6868276     -0.629106    -0.5624887    -0.4978483    -0.4357262    -0.3761577    -0.3187267    -0.2629703    -0.2084886
    -0.1550516    -0.1042881 -4.311611E-02  1.898706E-02  8.112884E-02     0.1452481     0.2124319     0.2840237     0.3617601     0.4479866     0.5337477       0.61621     0.7101668     0.8004785     0.8799205     0.9662328      1.056546      1.141647      1.197115      1.160621
      1.076788     0.9539519     0.8417167     0.7555029     0.6897159     0.6387162     0.5983746     0.5336279     0.4492514     0.3857638             0
             0    -0.5769638    -0.6146836    -0.6441547    -0.6680242    -0.6972617    -0.7343388    -0.7797056    -0.8284931    -0.8755011     -0.808879      -0.73552    -0.6555114    -0.5782882    -0.5082999    -0.4430517    -0.3814549    -0.3225966    -0.2657665    -0.2104273
    -0.1562656    -0.1048743 -4.297021E-02  1.989358E-02  8.286653E-02      0.147979     0.2164336     0.2897606     0.3700261     0.4602083     0.5518442     0.6424184     0.7503061     0.8621504      0.969467      1.102537      1.274647      1.510041      1.868537      1.532856
      1.268506      1.042117     0.8857793      0.780555     0.7055034       0.64951     0.6062641     0.5380311     0.4510107     0.3864279             0
