 51            10 
             0  1.839176E-02  1.964114E-02  2.032767E-02  2.084372E-02  2.142593E-02  2.207588E-02  2.270321E-02  2.318197E-02      0.023581  2.399573E-02  2.453337E-02  2.532529E-02  2.628745E-02  2.730342E-02  2.836967E-02  2.948242E-02  3.063769E-02  3.183132E-02  3.305897E-02
  3.431617E-02  3.559826E-02  3.690048E-02  3.821792E-02     0.0395456  4.087854E-02  4.221179E-02  4.354049E-02  4.485993E-02  4.616555E-02  4.729206E-02  4.824537E-02  4.918475E-02  4.995464E-02     0.0505631  5.116368E-02  5.175598E-02  5.233959E-02  5.291416E-02  5.347933E-02
  5.417361E-02  5.511903E-02  5.615697E-02  5.715037E-02  5.809752E-02  5.899697E-02  5.984753E-02  6.144888E-02  6.435476E-02  6.660844E-02             0
             0  1.825948E-02  1.951041E-02  2.020054E-02  2.071971E-02  2.130573E-02     0.0219602  2.259209E-02  2.307445E-02  2.347652E-02  2.389448E-02  2.443637E-02  2.523468E-02  2.620482E-02  2.722942E-02  2.830487E-02  2.942737E-02  3.059287E-02  3.179715E-02  3.303579E-02
  3.430424E-02  3.559776E-02  3.691148E-02  3.824043E-02     0.0395795  4.092362E-02  4.226774E-02  4.360691E-02  4.493632E-02  4.625131E-02  4.738542E-02  4.834484E-02  4.928989E-02     0.0500641  5.067581E-02  5.127942E-02  5.187452E-02  5.246072E-02  5.303765E-02  5.360495E-02
  5.430161E-02  5.524976E-02  5.628995E-02  5.728476E-02  5.823254E-02  5.913189E-02  5.998168E-02  6.158034E-02  6.447446E-02  6.670325E-02             0
             0  1.619962E-02  1.747105E-02  1.821521E-02  1.878176E-02     0.0194261  2.014992E-02     0.0208523     0.0213903  2.183971E-02  2.230781E-02  2.291588E-02     0.0238141  2.490914E-02  2.606886E-02  2.728899E-02  2.856491E-02  2.989165E-02  3.126393E-02  3.267617E-02
  3.412258E-02  3.559706E-02  3.709334E-02  3.860487E-02      0.040125      0.041647  4.316418E-02  4.466996E-02  4.615792E-02     0.0476219  4.887679E-02  4.993295E-02  5.096748E-02     0.0518099  5.247264E-02  5.312369E-02  5.376256E-02  5.438883E-02  5.500208E-02  5.560197E-02
     0.0563347  5.732365E-02  5.839605E-02  5.940937E-02  6.036284E-02  6.125619E-02  6.208952E-02  6.363693E-02  6.632879E-02  6.815424E-02             0
             0  1.455704E-02  1.582078E-02  1.659415E-02  1.718943E-02  1.787195E-02  1.864395E-02  1.939775E-02  1.997761E-02  2.046328E-02  2.097045E-02  2.163085E-02  2.260962E-02  2.380762E-02  2.508068E-02  2.642385E-02     0.0278317  2.929831E-02     0.0308174  3.238233E-02
     0.0339862  3.562176E-02  3.728148E-02  3.895747E-02  4.064164E-02  4.232571E-02  4.400136E-02  4.566026E-02  4.729419E-02  4.889515E-02     0.0502604     0.0514042  5.251872E-02  5.342091E-02  5.412763E-02  5.481866E-02  5.549344E-02  5.615147E-02  5.679229E-02  5.741555E-02
  5.817229E-02  5.918408E-02  6.026688E-02  6.127611E-02  6.221255E-02  6.307763E-02  6.387329E-02     0.0653302  6.776332E-02  6.919651E-02             0
             0  1.345378E-02  1.469256E-02  1.547381E-02  1.608064E-02  1.678166E-02       0.01758  1.836442E-02  1.897045E-02  1.947941E-02  2.001226E-02  2.070773E-02  2.174185E-02  2.301231E-02  2.436644E-02  2.579855E-02  2.730234E-02  2.887104E-02  3.049754E-02  3.217443E-02
  3.389406E-02     0.0356485  3.742949E-02  3.922839E-02  4.103623E-02  4.284375E-02  4.464148E-02  4.641973E-02  4.816872E-02  4.987861E-02  5.133207E-02  5.254585E-02  5.372385E-02  5.467281E-02  5.541339E-02  5.613456E-02  5.683558E-02  5.751585E-02  5.817485E-02     0.0588122
     0.0595815  6.060052E-02  6.167693E-02  6.266691E-02  6.357334E-02  6.439991E-02  6.515068E-02  6.650896E-02  6.870592E-02  6.984352E-02             0
             0     0.0127347  1.394369E-02  1.472149E-02  1.533006E-02  1.603769E-02  1.684857E-02  1.765001E-02  1.827176E-02  1.879526E-02  1.934463E-02  2.006326E-02  2.113496E-02  2.245579E-02  2.386698E-02  2.536195E-02  2.693351E-02  2.857413E-02  3.027603E-02  3.203131E-02
  3.383191E-02  3.566961E-02  3.753589E-02  3.942182E-02  4.131811E-02  4.321506E-02  4.510262E-02     0.0469703  4.880717E-02     0.0506019  5.212526E-02  5.339501E-02  5.462398E-02  5.561033E-02  5.637771E-02  5.712228E-02  5.784309E-02  5.853931E-02  5.921035E-02  5.985579E-02
  6.063032E-02  6.164687E-02  6.270714E-02  6.367021E-02  6.454172E-02  6.532789E-02  6.603499E-02  6.730282E-02  6.931066E-02  7.024211E-02             0
             0     0.0123627     0.0135497  1.432106E-02  1.492719E-02  1.563496E-02  1.644944E-02  1.725786E-02  1.788694E-02  1.841765E-02  1.897557E-02  1.970658E-02  2.079901E-02  2.214825E-02  2.359176E-02  2.512219E-02     0.0267317  2.841222E-02  3.015562E-02  3.195376E-02
  3.379849E-02  3.568153E-02  3.759437E-02  3.952809E-02  4.147341E-02  4.342061E-02  4.535952E-02     0.0472794  4.916889E-02  5.101587E-02  5.258358E-02  5.388962E-02  5.515222E-02  5.616349E-02  5.694873E-02  5.770874E-02  5.844225E-02  5.914823E-02  5.982589E-02  6.047477E-02
  6.124972E-02  6.225927E-02  6.330208E-02  6.424105E-02  6.508441E-02  6.584047E-02  6.651697E-02  6.772464E-02  6.962006E-02  7.044054E-02             0
             0     0.0122011     0.0133771  1.414453E-02  1.474875E-02  1.545566E-02  1.627083E-02  1.708171E-02  1.771374E-02  1.824748E-02  1.880915E-02     0.0195457  2.064762E-02  2.200996E-02  2.346834E-02  2.501497E-02  2.664167E-02  2.834014E-02  3.010211E-02  3.191936E-02
     0.0337837  3.568687E-02     0.0376204  3.957543E-02     0.0415427  4.351255E-02  4.547482E-02  4.741873E-02     0.0493328  5.120465E-02  5.279394E-02  5.411797E-02  5.539758E-02  5.642169E-02     0.0572162  5.798427E-02  5.872437E-02  5.943524E-02  6.011598E-02  6.076606E-02
  6.154026E-02  6.254451E-02  6.357647E-02  6.450168E-02  6.532989E-02  6.607042E-02  6.673166E-02  6.791014E-02  6.975381E-02  7.052531E-02             0
             0  1.211322E-02  1.328283E-02  1.404779E-02     0.0146507  1.535684E-02  1.617209E-02  1.698409E-02  1.761763E-02      0.018153  1.871672E-02  1.945636E-02  2.056363E-02  2.193336E-02     0.0234001  2.495579E-02  2.659206E-02  2.830047E-02  3.007269E-02  3.190045E-02
  3.377557E-02  3.568981E-02  3.763472E-02  3.960148E-02  4.158086E-02  4.356325E-02  4.553851E-02  4.749588E-02  4.942382E-02  5.130985E-02  5.291162E-02  5.424619E-02  5.553591E-02  5.656777E-02  5.736796E-02  5.814098E-02  5.888514E-02      0.059599  6.028152E-02  6.093213E-02
  6.170547E-02  6.270585E-02  6.373063E-02  6.464721E-02  6.546621E-02  6.619753E-02     0.0668499  6.801164E-02  6.982638E-02  7.057105E-02             0
             0  1.206875E-02      0.013235  1.399859E-02  1.460075E-02  1.530639E-02  1.612156E-02  1.693404E-02     0.0175683  1.810447E-02  1.866923E-02  1.941047E-02  2.052053E-02  2.189412E-02     0.0233652  2.492556E-02  2.656674E-02  2.828025E-02  3.005769E-02  3.189082E-02
  3.377144E-02  3.569131E-02  3.764202E-02  3.961475E-02  4.160032E-02  4.358913E-02  4.557106E-02  4.753536E-02  4.947049E-02  5.136393E-02  5.297228E-02  5.431246E-02  5.560765E-02  5.664378E-02  5.744712E-02  5.822294E-02  5.896942E-02  5.968499E-02  6.036848E-02  6.101927E-02
  6.179193E-02  6.278984E-02  6.381042E-02  6.472216E-02  6.553614E-02  6.626253E-02  6.691021E-02  6.806319E-02  6.986304E-02  7.059408E-02             0
