 51            10 
             0    -0.2562141    -0.2464869    -0.2382167    -0.2325433    -0.2267221    -0.2197009    -0.2125545    -0.2069156    -0.2021143    -0.1970149    -0.1902536     -0.179924    -0.1676057    -0.1546487    -0.1422415    -0.1305342    -0.1175704    -0.1035351 -8.854596E-02
 -7.265614E-02    -0.0558497 -3.956219E-02 -2.385942E-02  -7.38624E-03  8.513337E-03  2.366781E-02  3.910558E-02  5.465864E-02  7.018673E-02  8.365279E-02  9.508318E-02     0.1063864      0.115697     0.1230884     0.1299639     0.1363185     0.1426028     0.1488076     0.1549244
     0.1624494      0.172703     0.1839566     0.1947323     0.2050396     0.2143583     0.2226699     0.2382709     0.2653747     0.2882865             0
             0    -0.2617801    -0.2527092    -0.2452968    -0.2395775    -0.2333074    -0.2259907     -0.218811    -0.2132849     -0.208653    -0.2038072    -0.1974695    -0.1879233     -0.176299    -0.1636313     -0.150417    -0.1374331    -0.1234536    -0.1087715    -0.0934901
 -7.768606E-02 -6.112441E-02 -4.447922E-02 -2.808719E-02 -1.094837E-02  5.891192E-03  2.211467E-02  3.847549E-02  5.479938E-02  7.095031E-02  8.475015E-02  9.632954E-02     0.1076658     0.1169565     0.1243595     0.1313422     0.1378709     0.1443508     0.1507494     0.1570564
     0.1648091     0.1752611     0.1865865      0.197311     0.2074652     0.2168837      0.225483     0.2415301     0.2682709     0.2903613             0
             0    -0.3399038    -0.3304447    -0.3221608    -0.3155831    -0.3081245    -0.2991697    -0.2901422    -0.2830603    -0.2770529     -0.270696    -0.2622919    -0.2494435    -0.2335342     -0.215934    -0.1973889      -0.17899    -0.1590834    -0.1381095    -0.1162392
 -9.360334E-02 -6.988712E-02 -4.607687E-02 -2.265903E-02  1.761112E-03  2.566212E-02  4.856894E-02  7.150469E-02  9.417388E-02     0.1163341     0.1349805     0.1504087     0.1652666     0.1772147     0.1866034       0.19533     0.2033515     0.2111714     0.2187467     0.2260634
     0.2348661     0.2463259     0.2581112     0.2686458     0.2780008      0.286112     0.2929968     0.3048987     0.3199815     0.3243145             0
             0    -0.4174584    -0.4119041    -0.4054585    -0.3998452    -0.3927815    -0.3835893    -0.3736406    -0.3654644    -0.3583343    -0.3505982    -0.3401397    -0.3236867    -0.3027325    -0.2790557     -0.253811    -0.2285631    -0.2012024    -0.1723894    -0.1423801
    -0.1113717 -7.893597E-02 -4.640998E-02 -1.441645E-02  1.896811E-02  5.167146E-02  8.304454E-02     0.1144624     0.1454692     0.1756562     0.2008454     0.2214746     0.2410525     0.2564855     0.2684135     0.2792917     0.2890555     0.2983209     0.3070269     0.3151513
     0.3245613     0.3360283     0.3466095     0.3548871     0.3610856     0.3654164      0.368145     0.3711408     0.3670463     0.3507102             0
             0    -0.4808827    -0.4845633    -0.4839568    -0.4822317    -0.4782934    -0.4714302    -0.4623357    -0.4539685    -0.4462185    -0.4373782    -0.4249288    -0.4044209    -0.3773447    -0.3461525    -0.3127377    -0.2793838    -0.2435702    -0.2062538    -0.1677535
     -0.128289 -8.724689E-02 -4.621239E-02 -5.819175E-03  3.648103E-02  7.816524E-02     0.1185111     0.1593319     0.2000579     0.2401055     0.2737485     0.3013176     0.3273405     0.3475651     0.3629506     0.3766793      0.388623      0.399514     0.4092442     0.4177716
     0.4269247     0.4365164     0.4429825     0.4457248     0.4454497     0.4429542     0.4389455     0.4287582     0.4023463     0.3680408             0
             0    -0.5296746    -0.5472778    -0.5573833    -0.5636642     -0.567256    -0.5672879    -0.5623008    -0.5552227    -0.5474703    -0.5375398    -0.5224013    -0.4956348    -0.4591038    -0.4169835     -0.372528    -0.3291167    -0.2836627    -0.2373891    -0.1905295
    -0.1431849 -9.442727E-02 -4.591099E-02  1.879609E-03  5.219322E-02     0.1022518     0.1514499      0.202209     0.2540692     0.3064722     0.3517813     0.3896513     0.4259301      0.454244     0.4756189     0.4943236     0.5099869      0.523413     0.5343091     0.5425579
     0.5496444     0.5532439      0.549708     0.5410908     0.5293075     0.5161051     0.5026878     0.4758753     0.4274067     0.3791358             0
             0    -0.5585612    -0.5898786    -0.6133245    -0.6311384    -0.6477325    -0.6622072    -0.6681318    -0.6656426    -0.6590397    -0.6474412    -0.6270246    -0.5881378    -0.5358264    -0.4784444    -0.4207137     -0.366875    -0.3125923    -0.2589622    -0.2058272
    -0.1529723 -9.908041E-02 -4.570886E-02  6.881502E-03  6.251637E-02     0.1183842     0.1741574     0.2329606     0.2948286     0.3597964      0.418803     0.4703174     0.5220506     0.5642814     0.5968463     0.6255391     0.6491305     0.6680081     0.6808988     0.6871991
     0.6874995     0.6755787     0.6516095      0.624029     0.5962244     0.5702976     0.5471998     0.5053307     0.4412162     0.3848006             0
             0    -0.5719299    -0.6113067    -0.6441197    -0.6712506     -0.700532    -0.7325968     -0.756142    -0.7631016    -0.7594868    -0.7446854    -0.7145143    -0.6573487    -0.5868593    -0.5156394    -0.4477567    -0.3870074    -0.3274365    -0.2697302    -0.2133157
    -0.1577023    -0.1013137 -4.561478E-02  9.274931E-03  6.749063E-02     0.1262448     0.1854158     0.2486007     0.3163176     0.3893455     0.4582985     0.5210044     0.5874111     0.6453675     0.6923463     0.7358394     0.7732914     0.8034233     0.8211071     0.8221793
     0.8076216      0.769762     0.7206191     0.6745672     0.6337956     0.5989335     0.5697697      0.519316     0.4473847      0.387247             0
             0    -0.5794335    -0.6239115    -0.6633334    -0.6977324    -0.7384791    -0.7899017    -0.8393653    -0.8655795    -0.8702229    -0.8470455    -0.7974391    -0.7138796    -0.6236979    -0.5403727    -0.4647389    -0.3992214    -0.3362306    -0.2760073    -0.2176337
     -0.160411     -0.102588 -4.556232E-02     0.0106376  7.033336E-02      0.130764     0.1919502     0.2578097     0.3292426     0.4076867     0.4838842     0.5554997     0.6350411     0.7094743     0.7738534     0.8385545     0.9010892      0.958661     0.9956082     0.9772769
     0.9274372     0.8487642     0.7712252     0.7083902     0.6574481     0.6162434      0.583074     0.5272654      0.450785     0.3885737             0
             0    -0.5833078    -0.6306432    -0.6741115    -0.7134054    -0.7631192    -0.8333772    -0.9184471    -0.9869516     -1.026146    -0.9683549    -0.8763525    -0.7568472    -0.6476412    -0.5550683    -0.4742867    -0.4058877    -0.3409414    -0.2793298    -0.2199016
    -0.1618268    -0.1032524 -4.553546E-02  1.134694E-02  7.181696E-02     0.1331321      0.195397     0.2627179     0.3362425     0.4178747     0.4986434     0.5763769     0.6660818     0.7556685     0.8391171     0.9329424      1.043332       1.18547      1.375985       1.20599
      1.053252     0.9112339     0.8047656     0.7286355     0.6707922     0.6256733     0.5901802     0.5314032     0.4525198     0.3892438             0
