 51            10 
             0    -0.2579254    -0.2490942    -0.2422755    -0.2367745    -0.2303364    -0.2231584    -0.2162532    -0.2110007    -0.2066343    -0.2021094    -0.1962631     -0.187702     -0.177221    -0.1656989    -0.1526096    -0.1384232    -0.1243691    -0.1097353 -9.451843E-02
 -7.931502E-02 -6.416655E-02      -0.04842 -3.217295E-02 -1.624497E-02  1.092237E-04  1.678125E-02  3.283251E-02  4.904583E-02  6.533743E-02  7.888235E-02  9.002856E-02     0.1006877     0.1091322     0.1156337     0.1223055     0.1291255     0.1356418     0.1418393     0.1481802
     0.1562687     0.1666106     0.1779347     0.1886886     0.1979326      0.207903     0.2182643     0.2361484     0.2639911     0.2876471             0
             0      -0.26252    -0.2535702     -0.246622    -0.2410221    -0.2344726    -0.2271473    -0.2200727    -0.2146752    -0.2101799    -0.2055128     -0.199473    -0.1906113    -0.1797599    -0.1678579    -0.1544373    -0.1399833    -0.1256344    -0.1106534 -9.504456E-02
 -7.939283E-02 -6.374608E-02 -4.749287E-02 -3.076077E-02    -0.0143516  2.443519E-03  1.949608E-02  3.591445E-02  5.249667E-02  6.913959E-02  8.300421E-02     0.0944392     0.1053992     0.1140936     0.1207823     0.1276227     0.1345841     0.1412201     0.1475221     0.1539576
     0.1621328      0.172581     0.1840193     0.1948403     0.2041405     0.2140008     0.2239306     0.2409514     0.2677993     0.2902293             0
             0     -0.340935    -0.3316886    -0.3239969    -0.3175916    -0.3098669    -0.3009615    -0.2921075     -0.285213    -0.2793964    -0.2732836     -0.265281     -0.253351    -0.2384666    -0.2218899    -0.2029771    -0.1824336    -0.1620124    -0.1406319    -0.1183045
 -9.588531E-02    -0.0734659 -5.019454E-02 -2.627699E-02 -2.886215E-03     0.0209562  4.503848E-02  6.806237E-02  9.109853E-02     0.1139634     0.1327396     0.1480232     0.1624473     0.1736846     0.1822116     0.1907988     0.1994073     0.2074771     0.2149998     0.2225247
     0.2318969     0.2434827     0.2555192     0.2663174     0.2750415     0.2836005     0.2916716     0.3044645     0.3198929     0.3242627             0
             0    -0.4193331    -0.4144585    -0.4089064    -0.4036826    -0.3966964    -0.3878488     -0.378293    -0.3704403    -0.3636011    -0.3562044    -0.3462707     -0.330969     -0.311219    -0.2887046    -0.2626546    -0.2341525    -0.2059247    -0.1764356    -0.1457091
    -0.1149267 -8.420674E-02 -5.236746E-02 -1.966872E-02  1.230677E-02  4.491146E-02  7.785618E-02     0.1093482     0.1408091      0.171912     0.1972522     0.2176837     0.2367084     0.2512594     0.2621303     0.2728731      0.283429      0.293092     0.3018514     0.3103289
     0.3205357     0.3324198     0.3435614     0.3524528       0.35862     0.3634402     0.3669827     0.3707079     0.3673015     0.3507296             0
             0    -0.4842001    -0.4899164    -0.4911126    -0.4905262    -0.4878636     -0.482332    -0.4742857    -0.4665686    -0.4592906    -0.4508931    -0.4390165    -0.4196391    -0.3934379    -0.3629377    -0.3275055    -0.2889248    -0.2513821    -0.2127504    -0.1729982
    -0.1335808 -9.453843E-02    -0.0542562 -1.293564E-02  2.754843E-02  6.903149E-02     0.1112393     0.1519521     0.1930448     0.2340257     0.2676189      0.294725     0.3198519     0.3388379     0.3528251     0.3663711      0.379356     0.3908544     0.4008351     0.4099657
     0.4202791     0.4308875     0.4385642     0.4425966     0.4434502     0.4416168     0.4378316     0.4281788     0.4028497     0.3681175             0
             0    -0.5348691     -0.557229    -0.5714244    -0.5809388    -0.5890862    -0.5934612    -0.5916133    -0.5861337    -0.5792505    -0.5697839    -0.5548243    -0.5280501    -0.4903372    -0.4466975    -0.3972733    -0.3450038    -0.2960235     -0.247204    -0.1981737
    -0.1504482    -0.1037796 -5.598653E-02 -7.057063E-03  4.102844E-02  9.070083E-02     0.1418618     0.1920719     0.2438957     0.2968326     0.3413799     0.3779913     0.4124199     0.4385788     0.4577507     0.4760213     0.4930451     0.5073954     0.5189068     0.5282171
     0.5371146      0.543021     0.5420959     0.5360603       0.52744     0.5153776     0.5014197     0.4750064     0.4280652     0.3792546             0
             0      -0.56538    -0.6048804    -0.6362349    -0.6614085     -0.689478    -0.7161198    -0.7317835    -0.7340843    -0.7294551    -0.7177055    -0.6949425    -0.6506877    -0.5905282    -0.5259025    -0.4578799    -0.3899903    -0.3296264    -0.2718878    -0.2155384
    -0.1617875    -0.1099178 -5.719103E-02  -3.31745E-03  4.977727E-02     0.1050579     0.1627151     0.2203971     0.2815855     0.3462521     0.4031858     0.4519264     0.4998853     0.5380186     0.5666533     0.5943005      0.619824     0.6402171     0.6544011     0.6624511
     0.6654305     0.6580933      0.639141     0.6160065     0.5940418     0.5700397      0.545661     0.5041626      0.441945     0.3849429             0
             0    -0.5796321    -0.6294658    -0.6733272    -0.7118819    -0.7604696      -0.81631    -0.8633334    -0.8840836    -0.8859904    -0.8678397    -0.8268195     -0.751589    -0.6625159    -0.5769348    -0.4937323    -0.4148445    -0.3473036    -0.2844349     -0.224153
    -0.1673258    -0.1128935 -5.778733E-02 -1.543967E-03  5.397015E-02     0.1120184     0.1729915     0.2346838      0.301264      0.373321     0.4391029     0.4976667      0.558396     0.6101387     0.6511918     0.6932869     0.7341132     0.7672215     0.7875291     0.7906252
     0.7784165     0.7467541     0.7046252     0.6643268     0.6313176     0.5989766     0.5680606     0.5179772     0.4481414        0.3874             0
             0    -0.5876712    -0.6441346    -0.6970017    -0.7463729    -0.8142425    -0.9044308     -1.003443     -1.071284     -1.100251     -1.055178     -0.967265    -0.8404558    -0.7173693     -0.612241    -0.5169806    -0.4302359    -0.3579204      -0.29182    -0.2291544
    -0.1705137    -0.1145994 -5.813254E-02 -5.385029E-04  5.636011E-02     0.1160102     0.1789377     0.2430602     0.3130417     0.3900255     0.4622173     0.5285929      0.600825     0.6670874     0.7236047     0.7874583     0.8569759     0.9221772     0.9668716     0.9480985
     0.8956729     0.8224257     0.7529832      0.696618     0.6547642     0.6165016     0.5812585     0.5258214     0.4515558     0.3887326             0
             0     -0.591836    -0.6520495    -0.7105193    -0.7674166    -0.8510239     -0.977578       -1.1611     -1.373959     -1.626583     -1.357953     -1.125171    -0.9141871    -0.7550012    -0.6339569    -0.5303978    -0.4387691    -0.3636638     -0.295755    -0.2317931
    -0.1721856    -0.1154915 -5.831417E-02 -1.647574E-05  5.760534E-02     0.1180987      0.182068     0.2475118     0.3193994     0.3992694     0.4754981      0.547254      0.628485     0.7084107     0.7824857     0.8777668      1.003763      1.171254      1.410795      1.206659
      1.027313     0.8842161     0.7855253     0.7159898     0.6679961     0.6260684     0.5883073     0.5299018     0.4532976     0.3894057             0
