 51            10 
             0    -0.3446279    -0.3325514     -0.322993    -0.3154641    -0.3067891    -0.2969773    -0.2874092    -0.2800569    -0.2739032    -0.2674818    -0.2591263    -0.2467568    -0.2316448    -0.2156256    -0.1987775    -0.1811828     -0.162923    -0.1440915    -0.1248079
    -0.1052545 -8.569986E-02 -6.321795E-02 -4.062467E-02 -1.804334E-02  4.414968E-03  2.665489E-02     0.0485917  7.014585E-02  9.123992E-02     0.1092284     0.1243098     0.1390247     0.1509591     0.1603227      0.169496     0.1784736     0.1872508     0.1958246     0.2041927
     0.2143949     0.2281369     0.2430088     0.2570358     0.2702006      0.282479     0.2938686     0.3148912     0.3508352     0.3811712             0
             0    -0.3514696    -0.3393261    -0.3296683    -0.3220682    -0.3133199    -0.3034088    -0.2937195    -0.2862582    -0.2800037    -0.2734665    -0.2649462    -0.2523015    -0.2368112    -0.2203609    -0.2030573    -0.1850011    -0.1662402    -0.1468525    -0.1269595
    -0.1067585 -8.656673E-02 -6.377974E-02 -4.053639E-02 -1.735733E-02   5.61896E-03     0.0283218  5.069475E-02  7.267408E-02  9.418491E-02     0.1125247     0.1278928     0.1428737     0.1550059     0.1645115     0.1738074     0.1828849      0.191737     0.2003578     0.2087456
     0.2189491     0.2327487     0.2476883     0.2618224     0.2751052     0.2873896      0.298716     0.3195295     0.3546929     0.3837142             0
             0    -0.4553397    -0.4425841    -0.4317282    -0.4229184    -0.4124735    -0.4003019     -0.388083    -0.3784983    -0.3703705     -0.361782    -0.3504728    -0.3334505    -0.3122539    -0.2894393    -0.2651841    -0.2396665    -0.2129929    -0.1853121     -0.156833
    -0.1278713 -9.891327E-02 -6.626453E-02 -3.302363E-02  2.922755E-05     0.0326583  6.471957E-02  9.608258E-02     0.1265993     0.1560999     0.1808625     0.2013206     0.2209352     0.2365176     0.2485521     0.2601378     0.2712596     0.2819058     0.2920682     0.3017448
     0.3132457      0.328224     0.3435948     0.3572879     0.3693744     0.3798088     0.3887365     0.4038695      0.423124     0.4287904             0
             0    -0.5579718    -0.5499768    -0.5411822    -0.5333164     -0.523171    -0.5104382    -0.4968033    -0.4856505    -0.4759555    -0.4654792    -0.4514058    -0.4296717    -0.4018763    -0.3713946     -0.338589    -0.3038331    -0.2673755    -0.2294924    -0.1905123
    -0.1508826    -0.1112666 -6.662497E-02 -2.115154E-02  2.412052E-02  6.888714E-02     0.1129468     0.1560857     0.1980276     0.2384216      0.272048     0.2995402     0.3255041     0.3457052     0.3610345     0.3754845     0.3890157     0.4015976     0.4132107     0.4238493
     0.4359469     0.4505229     0.4637965     0.4739423     0.4814261     0.4865082     0.4895851     0.4924645     0.4855076     0.4638252             0
             0     -0.641235    -0.6442803    -0.6420024    -0.6382438    -0.6315445     -0.621108    -0.6080402    -0.5963559    -0.5856975    -0.5737045    -0.5570458    -0.5303038    -0.4949443    -0.4555081    -0.4128208    -0.3676789    -0.3205918    -0.2720034    -0.2223403
    -0.1721155    -0.1220706 -6.574945E-02 -8.278982E-03  4.921953E-02     0.1065291     0.1635334     0.2200525     0.2757491     0.3300757     0.3757218     0.4131212     0.4482858     0.4752611     0.4953879     0.5139002     0.5306556     0.5455411     0.5584832     0.5694563
     0.5807481     0.5917705     0.5982099     0.5995147     0.5972525     0.5923781      0.585714     0.5700954     0.5324122     0.4868245             0
             0    -0.7046064     -0.723685    -0.7327245    -0.7369607    -0.7380632     -0.734244     -0.724795    -0.7140061      -0.70303    -0.6896415    -0.6699275    -0.6364595     -0.590731    -0.5395193    -0.4846398    -0.4275818    -0.3691438    -0.3098462    -0.2500712
    -0.1902337    -0.1309804 -6.444684E-02  3.595986E-03  7.216918E-02     0.1413775     0.2114645     0.2826092      0.354777     0.4275732     0.4909914     0.5443061     0.5954969     0.6351595     0.6646076     0.6911805     0.7142817     0.7333785      0.748088     0.7582635
     0.7654858     0.7652783     0.7542939     0.7364401     0.7158824     0.6946481     0.6738291     0.6342044     0.5658124     0.5015484             0
             0    -0.7416677    -0.7758535    -0.7979944    -0.8128269    -0.8260731    -0.8347662    -0.8342763    -0.8270738    -0.8168237    -0.8017597    -0.7772567    -0.7330753    -0.6726716     -0.607004    -0.5390735    -0.4707619    -0.4027192    -0.3351624    -0.2681499
    -0.2018055     -0.136538 -6.342646E-02     0.0114801  8.747332E-02      0.165099      0.245172     0.3286136     0.4163471     0.5091655     0.5951493     0.6715391     0.7495281     0.8138366     0.8632532     0.9087871     0.9480634     0.9783775     0.9972447       1.00343
     0.9967598     0.9650686     0.9152405     0.8628207     0.8149013     0.7730226      0.736886     0.6747488     0.5842758     0.5090666             0
             0    -0.7587021     -0.801522    -0.8323829    -0.8552535    -0.8794119    -0.9022131    -0.9156127    -0.9162668    -0.9087218    -0.8905184    -0.8576068    -0.7987227     -0.723196     -0.645531    -0.5683936    -0.4930506     -0.419526    -0.3475598    -0.2768669
    -0.2073239    -0.1391612 -6.290955E-02  1.528629E-02     0.0948957     0.1767482     0.2620599     0.3523478     0.4494589     0.5556613     0.6589326     0.7555225      0.861025     0.9559333      1.034032       1.11154      1.183276      1.240668      1.271733      1.265625
      1.224505       1.13469      1.032553     0.9439941     0.8725575     0.8154876     0.7693947     0.6941287     0.5925368     0.5123137             0
             0    -0.7682278    -0.8164286    -0.8532535    -0.8821821    -0.9158067    -0.9538977    -0.9891769     -1.010625     -1.017059     -0.984633    -0.9306156    -0.8493901    -0.7579947    -0.6702467    -0.5863759    -0.5063301    -0.4293502    -0.3547149    -0.2818547
    -0.2104631    -0.1406461 -6.260823E-02  1.746228E-02  9.915075E-02     0.1834718      0.271915     0.3664303     0.4695974     0.5850002     0.7012528     0.8145592     0.9459078       1.07487       1.19019      1.317723       1.45365      1.584022      1.669683      1.609954
      1.477343      1.288551      1.123393      1.000343     0.9097245     0.8415562     0.7887446      0.705185     0.5970942     0.5140747             0
             0    -0.7731337    -0.8243139    -0.8647027    -0.8976142     -0.938507    -0.9920817      -1.06393     -1.160448     -1.325113     -1.134329     -1.005079    -0.8870431    -0.7798603    -0.6845223    -0.5963094    -0.5134837    -0.4345636    -0.3584762    -0.2844611
     -0.212097    -0.1414164 -6.244924E-02     0.0185979     0.1013758     0.1870042     0.2771326     0.3739763     0.4805931     0.6015056     0.7261505     0.8513106      1.003499      1.165442      1.324179      1.525682      1.792838       2.16591      2.718999      2.198288
      1.774253      1.420369      1.186884      1.035218      0.931119     0.8559324     0.7991554     0.7109548     0.5994209     0.5149641             0
