 51            10 
             0     -0.344825    -0.3327377    -0.3231706      -0.31564    -0.3069693    -0.2971625     -0.287598    -0.2802474    -0.2740945    -0.2676729    -0.2593157    -0.2469402    -0.2318167     -0.215782      -0.19892    -0.1813148    -0.1630321    -0.1441458    -0.1247303
    -0.1048277 -8.432098E-02 -6.229794E-02 -4.015527E-02 -1.797966E-02  4.126749E-03  2.607403E-02  4.779229E-02  6.921039E-02     0.0902525     0.1082681     0.1234204     0.1382566     0.1503378     0.1598458     0.1691932     0.1783791     0.1874055     0.1962759     0.2049952
     0.2157119     0.2297041     0.2445875     0.2583801     0.2710289     0.2829761     0.2941697     0.3149935     0.3509833      0.381548             0
             0     -0.351833    -0.3396951    -0.3299843     -0.322381    -0.3137019     -0.303845     -0.294196    -0.2867617    -0.2805269    -0.2740054    -0.2654957    -0.2528351    -0.2373004    -0.2207617    -0.2033967     -0.185401    -0.1666465    -0.1471851    -0.1271053
     -0.106488 -8.529677E-02 -6.295235E-02 -4.033438E-02    -0.0175985   5.00223E-03  2.733401E-02  4.944348E-02  7.127877E-02  9.274416E-02     0.1111003     0.1265129     0.1415703     0.1537939     0.1633808     0.1727501     0.1818954      0.190842     0.1996093     0.2082165
      0.218808     0.2327825     0.2477972     0.2618845     0.2749031     0.2871305     0.2984762     0.3194226     0.3548136     0.3840665             0
             0     -0.455851    -0.4431374    -0.4322455    -0.4234452    -0.4130976    -0.4010067      -0.38885     -0.379307    -0.3712093    -0.3626446    -0.3513513    -0.3343059    -0.3130387    -0.2900864     -0.265727     -0.240279     -0.213603    -0.1858117    -0.1570674
    -0.1275212 -9.715706E-02 -6.518839E-02 -3.287741E-02 -4.835459E-04  3.159157E-02  6.311047E-02  9.408779E-02     0.1243908     0.1538188     0.1785977     0.1991121     0.2188264     0.2345285     0.2466697     0.2583524     0.2695626     0.2803285     0.2906711     0.3006127
     0.3125759     0.3278136     0.3433249     0.3570686     0.3689761     0.3794208     0.3884237     0.4037798      0.423408     0.4292272             0
             0    -0.5588269    -0.5510607    -0.5423697     -0.534582    -0.5246135    -0.5120431    -0.4985317    -0.4874538     -0.477808    -0.4673656    -0.4533069    -0.4315122    -0.4035501    -0.3727984    -0.3397433    -0.3050014    -0.2684789    -0.2304024    -0.1910379
     -0.150616    -0.1091274    -0.0655138 -2.138957E-02  2.290423E-02     0.0668286     0.1100433     0.1525347      0.194051     0.2342054     0.2677318     0.2952016     0.3212121     0.3415149     0.3569503     0.3715071      0.385141     0.3978713     0.4097135     0.4206893
     0.4333712     0.4484548     0.4621114     0.4726496      0.480263     0.4855666     0.4888706     0.4921899      0.485884     0.4643337             0
             0    -0.6426495    -0.6464601    -0.6447436    -0.6413155    -0.6350662    -0.6250686    -0.6123169     -0.600797    -0.5902277    -0.5782732    -0.5615883    -0.5346271    -0.4987797    -0.4587009    -0.4153504    -0.3699797    -0.3226199    -0.2736454    -0.2234028
    -0.1721398    -0.1197666 -6.486648E-02 -9.201319E-03  4.693893E-02     0.1030173     0.1587166     0.2141052     0.2688737      0.322432     0.3674904     0.4044471     0.4392605     0.4660525      0.486095     0.5045679     0.5213174     0.5363031     0.5495012     0.5609211
     0.5730399     0.5852607      0.592859     0.5955362     0.5942459     0.5901499     0.5840861     0.5693952     0.5327967     0.4873782             0
             0    -0.7067351    -0.7276422    -0.7383288     -0.743605    -0.7459929    -0.7435068    -0.7350131    -0.7246652    -0.7138752    -0.7004865    -0.6805317     -0.646238    -0.5990223    -0.5461677    -0.4896342    -0.4317354    -0.3725618    -0.3125145    -0.2518586
    -0.1906899      -0.12868 -6.393849E-02  1.864614E-03  6.867337E-02     0.1361708     0.2043107     0.2735261     0.3437618     0.4145105     0.4759222     0.5273869     0.5766705     0.6148167     0.6431605     0.6687834     0.6911199     0.7098195      0.724632     0.7354851
     0.7442846     0.7475496     0.7403426     0.7266214     0.7091823     0.6900517     0.6706403     0.6328801      0.566155     0.5021293             0
             0    -0.7444095    -0.7817538    -0.8072644    -0.8245174    -0.8409482     -0.853323    -0.8557272    -0.8498371    -0.8400384    -0.8247573    -0.7991884    -0.7522381    -0.6878218     -0.618425    -0.5471249    -0.4769841    -0.4075509    -0.3387951    -0.2705798
    -0.2026443    -0.1343127 -6.323948E-02   9.12743E-03     0.0830393     0.1585259      0.236007     0.3165854     0.4009953     0.4896428     0.5707713     0.6420003     0.7137419     0.7720588     0.8164768     0.8570955     0.8919368     0.9191282     0.9369887     0.9447384
     0.9428489     0.9226593     0.8847651     0.8431092     0.8026897     0.7653037      0.731845     0.6728247     0.5845694     0.5096604             0
             0    -0.7617765    -0.8086353     -0.844243    -0.8708562    -0.9003631    -0.9300991    -0.9497573    -0.9534129    -0.9467683    -0.9279196     -0.892267    -0.8272129    -0.7442678    -0.6606042    -0.5785583    -0.5005888    -0.4252007    -0.3517398    -0.2796486
    -0.2083692    -0.1369866 -6.289136E-02  1.261697E-02  8.997893E-02     0.1694527      0.251788     0.3386046     0.4313827     0.5316563     0.6273036     0.7149845     0.8083846     0.8899016      0.955477      1.019002      1.076346      1.121706      1.147341      1.146628
      1.120869      1.060619     0.9844208      0.915151     0.8558741     0.8055022     0.7631204      0.691858     0.5928026     0.5129128             0
             0    -0.7715036    -0.8243339    -0.8669393    -0.9007288    -0.9417875    -0.9905021     -1.036615     -1.062975     -1.069099     -1.037246    -0.9785793    -0.8865639     -0.783939    -0.6880524    -0.5980129     -0.514738    -0.4355615    -0.3592337      -0.28485
    -0.2116327    -0.1385044 -6.269011E-02  1.460745E-02     0.0939495     0.1757443     0.2609667      0.351606     0.4497272      0.557861     0.6641549     0.7650286     0.8779738     0.9840576      1.075555      1.172676      1.271542      1.362427      1.420661      1.387069
      1.303002       1.17824       1.05838      0.963783     0.8896037     0.8299522     0.7816355     0.7026973      0.597343     0.5146766             0
             0    -0.7765187    -0.8326728    -0.8795019    -0.9180703    -0.9680766     -1.035716     -1.122621     -1.217029     -1.330791     -1.191175     -1.064293    -0.9312048    -0.8092681     -0.704094    -0.6088371    -0.5223945     -0.441076    -0.3631815    -0.2875722
    -0.2133336    -0.1392931 -6.258447E-02  1.564481E-02  9.602322E-02     0.1790445      0.265815     0.3585485     0.4596875     0.5724677     0.6855115     0.7954938     0.9236645      1.052566      1.172898      1.317252      1.496847      1.732128      2.060038      1.759643
      1.500395      1.272807      1.107934     0.9930928     0.9087398     0.8433329     0.7915551     0.7083468     0.5996603     0.5155675             0
