 51            10 
             0    -0.3445513    -0.3324803    -0.3229248     -0.315397    -0.3067222    -0.2969103    -0.2873423    -0.2799904    -0.2738371    -0.2674163    -0.2590619    -0.2466946    -0.2315862    -0.2155711    -0.1987271    -0.1811363    -0.1628823    -0.1440603    -0.1247876
    -0.1052438 -8.630691E-02 -7.016495E-02 -4.328357E-02 -1.874069E-02  4.631418E-03  2.730621E-02  4.945057E-02  7.109631E-02  9.221631E-02     0.1101913     0.1252444     0.1399184     0.1518106      0.161137     0.1702702     0.1792048     0.1879365     0.1964615     0.2047771
     0.2149076     0.2285317     0.2432403     0.2570777     0.2700339     0.2821004     0.2932815     0.3138987     0.3489878     0.3740951             0
             0    -0.3513623    -0.3392229    -0.3295725    -0.3219727    -0.3132173    -0.3032989     -0.293604    -0.2861394    -0.2798828    -0.2733443    -0.2648238    -0.2521825     -0.236701    -0.2202634    -0.2029687    -0.1849114     -0.166154    -0.1467801    -0.1269103
    -0.1067418 -8.720962E-02    -0.0636209 -3.980124E-02     -0.016507  6.577743E-03  2.938131E-02  5.183256E-02     0.0738579  9.537958E-02     0.1137006     0.1290378     0.1439763     0.1560677     0.1655395     0.1748025     0.1838494     0.1926743     0.2012726     0.2096419
     0.2198213     0.2335249     0.2483064      0.262217     0.2752338     0.2872885      0.298407     0.3188318     0.3533036     0.3815851             0
             0    -0.4551934    -0.4424365     -0.431585    -0.4227729     -0.412317    -0.4001339    -0.3879061    -0.3783162     -0.370185    -0.3615944    -0.3502847    -0.3332675    -0.3120847    -0.2892904    -0.2650506    -0.2395342    -0.2128676    -0.1852075    -0.1567611
    -0.1278428    -0.0998212 -6.598403E-02 -3.187718E-02  1.385064E-03  3.421639E-02  6.646901E-02  9.798928E-02     0.1286132      0.158165     0.1829256     0.2033556       0.22292      0.238447     0.2504325     0.2619665      0.273036     0.2836309     0.2937444     0.3033739
     0.3148128     0.3296331     0.3447574     0.3581402     0.3698656     0.3799716      0.388594     0.4031533     0.4214182     0.4263984             0
             0    -0.5577525    -0.5497234    -0.5409102    -0.5330284     -0.522858    -0.5101001    -0.4964464    -0.4852832    -0.4755821    -0.4651027    -0.4510301    -0.4293086    -0.4015437    -0.3711044    -0.3383368    -0.3035968    -0.2671597    -0.2293121     -0.190379
    -0.1508016    -0.1124386 -6.603416E-02 -1.924444E-02  2.644253E-02  7.161511E-02     0.1160674     0.1595528     0.2017699     0.2423548     0.2760718     0.3035947     0.3295454     0.3497037     0.3649844     0.3793742     0.3928357     0.4053407     0.4168716     0.4274233
     0.4394018      0.453733     0.4666121     0.4763026     0.4832458      0.487794     0.4903554     0.4922576     0.4836859     0.4611933             0
             0     -0.640907    -0.6438235    -0.6414507    -0.6376277    -0.6308539    -0.6203445    -0.6072254    -0.5955161    -0.5848458    -0.5728501    -0.5562007    -0.5295005    -0.4942263    -0.4548973    -0.4123138    -0.3672366    -0.3202097    -0.2716908    -0.2221018
    -0.1719435     -0.123453 -6.475493E-02  -5.47771E-03  5.269042E-02     0.1106663     0.1683301     0.2254578     0.2816727     0.3363988     0.3822752     0.4197909     0.4549917     0.4819358     0.5020099     0.5204468     0.5371094       0.55189     0.5647197     0.5755762
     0.5867167     0.5974807     0.6034217     0.6041722     0.6011693      0.595482     0.5879983     0.5708098     0.5306717     0.4840493             0
             0    -0.7041451     -0.722907    -0.7316703    -0.7357099    -0.7365875     -0.732539    -0.7229263    -0.7120639    -0.7010599    -0.6876778    -0.6680149    -0.6346989    -0.5892276    -0.5382988    -0.4836843     -0.426807    -0.3685143    -0.3093506    -0.2496959
    -0.1899505    -0.1325197 -6.306455E-02  7.223669E-03  7.670322E-02      0.146824     0.2178233      0.289816     0.3626969     0.4360006     0.4996227     0.5529313     0.6039274     0.6432879     0.6724432     0.6986995     0.7214951     0.7403344     0.7548666     0.7649635
     0.7722098     0.7722517     0.7612045     0.7431696      0.721929     0.6996978      0.677769     0.6359397     0.5642261     0.4986913             0
             0    -0.7410942    -0.7747291    -0.7963057    -0.8106885     -0.823365    -0.8313937    -0.8303459    -0.8228667    -0.8125216    -0.7975265     -0.773274     -0.729643    -0.6699548    -0.6049448    -0.5375651    -0.4696179    -0.4018398    -0.3344962     -0.267656
    -0.2014328    -0.1381674 -6.179209E-02  1.563562E-02  9.268124E-02     0.1713672     0.2524894     0.3368681     0.4252881     0.5183557     0.6039547     0.6794794     0.7559605      0.818459     0.8662022     0.9099616     0.9475706     0.9766111     0.9949051      1.001401
     0.9960651     0.9674945     0.9202358     0.8695314     0.8218362     0.7792143     0.7419106     0.6771975     0.5828114     0.5061715             0
             0     -0.758068    -0.8001827    -0.8302478    -0.8524225    -0.8755907     -0.897005    -0.9088107    -0.9083082    -0.9002228    -0.8825326    -0.8507516    -0.7934602    -0.7193899    -0.6428212    -0.5665011    -0.4916716    -0.4184977    -0.3467971    -0.2763087
    -0.2069045    -0.1408316 -6.115583E-02     0.0196901     0.1004182     0.1833949      0.269805     0.3610318     0.4587147     0.5647936      0.666883     0.7613619     0.8632147      0.953428      1.026832      1.098852      1.164807      1.217211      1.245886      1.241842
      1.206747      1.127387      1.033117     0.9492594      0.879387     0.8220444     0.7748792     0.6969194     0.5911334     0.5094029             0
             0    -0.7675571    -0.8149492     -0.850803    -0.8788183     -0.910993    -0.9465888    -0.9776043    -0.9935679    -0.9946022    -0.9675481     -0.918991    -0.8420341    -0.7532172    -0.6670362    -0.5842133    -0.5047953    -0.4282273    -0.3538925    -0.2812576
     -0.210016    -0.1423393 -6.078705E-02  2.200601E-02     0.1048497     0.1903289     0.2798923     0.3753308     0.4789591     0.5939031     0.7082248     0.8181471     0.9433896      1.063771      1.169663      1.284711      1.405092      1.518525       1.59246      1.543824
      1.432092      1.268376      1.118787      1.003881     0.9161994     0.8482272     0.7944606     0.7081689     0.5957262     0.5111555             0
             0    -0.7724433    -0.8227544     -0.862058    -0.8938899     -0.932879    -0.9823208     -1.042815     -1.107869     -1.170549     -1.081722    -0.9839143    -0.8772414    -0.7742833     -0.680972    -0.5939807    -0.5118583    -0.4333874     -0.357621    -0.2838429
    -0.2116351    -0.1431214 -6.059314E-02  2.321394E-02     0.1071657     0.1939688     0.2852261     0.3829776      0.489977     0.6101937     0.7323458     0.8530805     0.9968911      1.145973      1.289018      1.466387       1.69579      2.009539      2.487346      2.039957
      1.687626      1.385889      1.177518      1.037273     0.9372432     0.8626147      0.804977     0.7140384     0.5980714     0.5120408             0
