 51            10 
             0     -0.156303    -0.1614624    -0.1585203    -0.1552557     -0.150921      -0.14567    -0.1403652    -0.1362263    -0.1327383    -0.1290802    -0.1243028    -0.1172038     -0.108504 -9.926046E-02 -8.951582E-02 -7.931139E-02 -6.868605E-02 -5.767426E-02 -4.630191E-02
 -3.457867E-02 -2.248699E-02 -9.983157E-03  2.756587E-03  1.560115E-02  2.844888E-02  4.121761E-02  5.383841E-02  6.625165E-02  7.840477E-02  8.877015E-02  9.746155E-02     0.1059437     0.1128256     0.1182269     0.1235205     0.1287029     0.1337715     0.1387235     0.1435566
     0.1494468     0.1573701     0.1659236     0.1739685     0.1815013     0.1885214     0.1950303      0.207031     0.2272254     0.2362769             0
             0    -0.1594238    -0.1647778    -0.1618343    -0.1585446     -0.154163    -0.1488438    -0.1434599    -0.1392536    -0.1357056    -0.1319816    -0.1271141    -0.1198732    -0.1109875    -0.1015367 -9.156542E-02 -8.111707E-02 -7.023156E-02 -5.894466E-02 -4.728471E-02
 -3.526516E-02 -2.287289E-02 -1.006696E-02   2.97634E-03  1.612272E-02  2.926746E-02  4.232544E-02  5.522481E-02  6.790306E-02  8.030467E-02  9.087051E-02  9.972145E-02     0.1083498     0.1153417     0.1208243     0.1261923     0.1314424     0.1365716     0.1415772     0.1464569
     0.1523969     0.1603721     0.1689593      0.177014     0.1845345     0.1915224     0.1979815     0.2098529     0.2296299     0.2379612             0
             0    -0.2082851    -0.2169611    -0.2141062      -0.21046    -0.2053394    -0.1989082    -0.1922238    -0.1869116    -0.1823841    -0.1775856    -0.1712572     -0.161726    -0.1498609    -0.1370893    -0.1234833    -0.1091167    -0.0940611 -7.838304E-02 -6.213808E-02
    -0.0453598 -2.804313E-02 -1.014372E-02   8.06744E-03  2.637839E-02  4.461764E-02  6.263909E-02  8.031253E-02  9.751794E-02     0.1141427     0.1280891     0.1396092     0.1506579     0.1594443     0.1662384     0.1727902     0.1790934     0.1851431     0.1909359     0.1964695
     0.2030615     0.2116091     0.2203556     0.2281155     0.2349374     0.2408789     0.2460031     0.2547444     0.2658807     0.2612226             0
             0     -0.255844    -0.2701345    -0.2688034    -0.2657612    -0.2608004    -0.2540315    -0.2465671    -0.2404201    -0.2350722    -0.2292991    -0.2215593    -0.2096521    -0.1944918    -0.1779015    -0.1600222    -0.1409996     -0.120971     -0.100056    -0.0783473
 -5.589481E-02 -3.268541E-02 -8.647062E-03  1.585207E-02  4.052794E-02  6.514812E-02     0.0895049     0.1133967     0.1366159     0.1589434     0.1774971     0.1926521      0.206961     0.2181034     0.2265707     0.2345704     0.2420855     0.2491033     0.2556156     0.2616195
     0.2684915     0.2768069     0.2844186     0.2903074     0.2946758     0.2977385     0.2997042     0.3018231     0.2988057     0.2791774             0
             0    -0.2937717    -0.3154501    -0.3172452    -0.3159892    -0.3123883     -0.306394    -0.2989565    -0.2924302    -0.2865551     -0.280027      -0.27106    -0.2568601    -0.2382938      -0.21766    -0.1952603    -0.1713857    -0.1462861    -0.1201539    -0.0931134
 -6.520583E-02 -3.636927E-02 -6.452429E-03  2.413834E-02  5.511315E-02  8.624508E-02      0.117324       0.14812     0.1783531     0.2076702     0.2321362     0.2520863      0.270775     0.2850918     0.2957872     0.3056611     0.3146592     0.3227406     0.3298795     0.3360682
     0.3426293     0.3494391     0.3539531     0.3557473     0.3554115     0.3534978     0.3504766     0.3429626     0.3235491      0.290938             0
             0     -0.322106    -0.3520857    -0.3583698    -0.3600359     -0.359062    -0.3550869     -0.348574    -0.3421328    -0.3359907    -0.3288513    -0.3186977    -0.3020143    -0.2796059      -0.25447    -0.2272182    -0.1983734     -0.168327    -0.1373338    -0.1055155
 -7.285841E-02 -3.920076E-02 -4.256729E-03  3.160742E-02  6.818178E-02     0.1053404      0.142977     0.1809463      0.219004     0.2567399      0.288911     0.3154744     0.3405249     0.3596474     0.3737732     0.3865399      0.397777     0.4073462     0.4151575     0.4211821
     0.4265263     0.4297382     0.4280522     0.4225599      0.414676     0.4055148     0.3958655     0.3766024     0.3411491     0.2984596             0
             0    -0.3383635    -0.3749546     -0.385635    -0.3905061    -0.3928093    -0.3917887    -0.3870529    -0.3811722    -0.3750282    -0.3674145    -0.3561026    -0.3367937    -0.3104321    -0.2809839    -0.2494532    -0.2165671    -0.1827866    -0.1483524    -0.1133235
 -7.759399E-02 -4.088608E-02 -2.778252E-03  3.644223E-02  7.668085E-02      0.117959     0.1603475     0.2039041     0.2485982      0.294206      0.334411     0.3685004     0.4014766     0.4271465     0.4462016     0.4633152       0.47801     0.4898479     0.4985091      0.503877
      0.506639     0.5033271     0.4919822     0.4766038     0.4597099     0.4428571     0.4268937     0.3975066     0.3508558      0.302298             0
             0    -0.3457602    -0.3858461    -0.3991469    -0.4060968    -0.4107618    -0.4121749    -0.4091887    -0.4039991    -0.3979836    -0.3900293    -0.3777598    -0.3563221    -0.3270787    -0.2948015    -0.2607028    -0.2255581    -0.1898038    -0.1536268    -0.1170231
 -7.981948E-02 -4.166679E-02 -2.065784E-03  3.874701E-02  8.074825E-02     0.1240529     0.1688529      0.215363     0.2637535     0.3140495     0.3594685     0.3988551     0.4379729     0.4693188     0.4930067     0.5145648     0.5330977     0.5476298     0.5572941     0.5616788
      0.561098     0.5505009     0.5302179     0.5069926      0.483773     0.4620208     0.4423386     0.4073794     0.3551921     0.3039554             0
             0    -0.3498743    -0.3920531    -0.4070312    -0.4153873    -0.4217736    -0.4251604    -0.4238362     -0.419425    -0.4136105    -0.4053382    -0.3921432    -0.3688342     -0.337369    -0.3031108    -0.2673322    -0.2307793    -0.1938358    -0.1566344    -0.1191212
 -8.107638E-02 -4.210491E-02 -1.659397E-03  4.005627E-02  8.306397E-02      0.127539     0.1737545     0.2220359      0.272708     0.3260119     0.3749602     0.4181408     0.4619951     0.4981715     0.5261478     0.5522566      0.575218     0.5933208     0.6045524      0.607356
     0.6022556       0.58371      0.555458     0.5261167     0.4984005     0.4733832     0.4513377     0.4129729     0.3575821     0.3048542             0
             0    -0.3519855    -0.3952913    -0.4112184    -0.4204088    -0.4278914    -0.4326867    -0.4327947    -0.4292266     -0.423697    -0.4150801     -0.400967    -0.3761186     -0.343118    -0.3076299    -0.2708753    -0.2335377    -0.1959493    -0.1582025     -0.120211
 -8.172751E-02 -4.233101E-02 -1.447729E-03  4.073672E-02  8.426939E-02     0.1293595      0.176327     0.2255636     0.2774917      0.332501     0.3835405     0.4290878     0.4761216     0.5159099     0.5474492     0.5778983     0.6059422      0.629361     0.6442577     0.6434362
     0.6316534     0.6049399     0.5703913        0.5369     0.5064008     0.4794759     0.4561012     0.4158775     0.3588015     0.3053081             0
