 51            10 
             0  2.193117E-02  2.353277E-02  2.443802E-02  2.512132E-02  2.589361E-02     0.0267566  2.759007E-02     0.0282264  2.875685E-02  2.930829E-02  3.002327E-02  3.107665E-02  3.235681E-02  3.370889E-02  3.512815E-02  3.660957E-02  3.814783E-02     0.0397374  4.137248E-02
  4.304709E-02  4.475506E-02  4.649001E-02     0.0482454     0.0500146  5.179095E-02  5.356787E-02  5.533888E-02  5.709768E-02  5.883821E-02  6.034008E-02  6.161113E-02     0.0628637  6.389033E-02  6.470174E-02  6.550267E-02  6.629261E-02  6.707101E-02  6.783737E-02  6.859124E-02
     0.0695174  7.077868E-02  7.216357E-02  7.348923E-02  7.475337E-02  7.595408E-02  7.708974E-02  7.922836E-02  8.311301E-02  8.616051E-02             0
             0  2.175478E-02  2.335844E-02  2.426849E-02  2.495595E-02  2.573333E-02  2.660234E-02     0.0274419  2.808301E-02  2.861753E-02  2.917327E-02  2.989392E-02  3.095582E-02  3.224663E-02  3.361019E-02  3.504173E-02  3.653614E-02  3.808804E-02     0.0396918  4.134153E-02
  4.303114E-02  4.475434E-02  4.650464E-02  4.827536E-02  5.005975E-02  5.185101E-02  5.364242E-02  5.542739E-02  5.719947E-02  5.895249E-02  6.046451E-02     0.0617437  6.300382E-02  6.403622E-02  6.485196E-02  6.565694E-02  6.645061E-02  6.723245E-02  6.800196E-02  6.875867E-02
  6.968801E-02  7.095293E-02  7.234082E-02  7.366837E-02  7.493334E-02  7.613391E-02  7.726855E-02  7.940358E-02  8.327258E-02  8.628689E-02             0
             0  1.900809E-02  2.063906E-02  2.162113E-02  2.237176E-02  2.322689E-02  2.418835E-02  2.512188E-02  2.583717E-02  2.643479E-02  2.705739E-02  2.786627E-02  2.906135E-02  3.051868E-02  3.206238E-02     0.0336868  3.538575E-02  3.715261E-02  3.898033E-02  4.086151E-02
  4.278837E-02  4.475283E-02  4.674649E-02  4.876064E-02     0.0507864     0.0528148  5.483693E-02      0.056844  5.882747E-02  6.077912E-02  6.245216E-02  6.386033E-02  6.523974E-02  6.636306E-02  6.724684E-02  6.811506E-02     0.0689671  6.980236E-02  7.062031E-02  7.142047E-02
     0.0723979  7.371721E-02  7.514806E-02  7.650028E-02  7.777287E-02  7.896546E-02  8.007815E-02  8.214489E-02  8.574433E-02  8.822102E-02             0
             0  1.681784E-02  1.843854E-02  1.945955E-02  2.024848E-02  2.115449E-02  2.218019E-02  2.318227E-02  2.395337E-02  2.459934E-02  2.527401E-02  2.615264E-02  2.745513E-02     0.0290497  3.074451E-02  3.253297E-02     0.0344078  3.636113E-02  3.838458E-02  4.046931E-02
     0.0426061     0.0447853  4.699685E-02  4.923025E-02     0.0514747  5.371917E-02  5.595255E-02  5.816376E-02  6.034183E-02  6.247608E-02  6.429625E-02  6.582125E-02     0.0673073  6.851032E-02  6.945273E-02  7.037426E-02  7.127417E-02  7.215177E-02  7.300647E-02     0.0738378
  7.484724E-02  7.619701E-02  7.764173E-02  7.898851E-02  8.023841E-02  8.139332E-02  8.245583E-02  8.440195E-02  8.765651E-02  8.961035E-02             0
             0  1.534673E-02  1.693415E-02  1.796565E-02  1.876998E-02  1.970066E-02  2.076147E-02  2.180437E-02  2.261035E-02  2.328738E-02  2.399627E-02  2.492168E-02  2.629795E-02  2.798912E-02  2.979202E-02  3.169904E-02  3.370178E-02  3.579121E-02  3.795786E-02  4.019184E-02
  4.248296E-02  4.482064E-02  4.719387E-02  4.959113E-02  5.200044E-02  5.440949E-02  5.680562E-02  5.917594E-02  6.150739E-02  6.378686E-02  6.572462E-02  6.734292E-02  6.891359E-02  7.017896E-02  7.116651E-02  7.212821E-02  7.306311E-02  7.397036E-02     0.0748493  7.569942E-02
  7.672559E-02  7.808503E-02  7.952124E-02  8.084236E-02  8.205227E-02  8.315585E-02  8.415852E-02  8.597317E-02  8.891294E-02  9.047279E-02             0
             0     0.0143879     0.0159356  1.696251E-02  1.776914E-02  1.870863E-02  1.978615E-02  2.085175E-02  2.167868E-02  2.237508E-02  2.310602E-02  2.406229E-02  2.548866E-02      0.027247  2.912597E-02  3.111678E-02  3.320988E-02  3.539519E-02  3.766236E-02  4.000085E-02
  4.239992E-02     0.0448486  4.733553E-02     0.0498488  5.237603E-02     0.0549043  5.742019E-02  5.990972E-02  6.235832E-02     0.0647509  6.678183E-02  6.847475E-02  7.011338E-02  7.142857E-02  7.245185E-02  7.344477E-02  7.440603E-02  7.533456E-02  7.622956E-02  7.709045E-02
  7.812361E-02  7.947974E-02  8.089444E-02  8.217971E-02  8.334307E-02     0.0843928  8.533726E-02  8.703136E-02  8.971904E-02  9.100412E-02             0
             0  1.389188E-02  1.541024E-02  1.642856E-02  1.723195E-02  1.817162E-02  1.925394E-02  2.032884E-02  2.116556E-02  2.187156E-02  2.261389E-02  2.358666E-02  2.504068E-02  2.683689E-02  2.875894E-02  3.079704E-02  3.294073E-02  3.517924E-02  3.750173E-02  3.989737E-02
  4.235527E-02     0.0448644  4.741339E-02  4.999038E-02  5.258297E-02  5.517822E-02  5.776256E-02  6.032169E-02  6.284044E-02  6.530267E-02  6.739273E-02  6.913401E-02  7.081747E-02     0.0721659  7.321298E-02  7.422647E-02  7.520468E-02  7.614621E-02  7.705002E-02     0.0779155
  7.894922E-02  8.029604E-02  8.168747E-02  8.294061E-02  8.406644E-02  8.507604E-02  8.597971E-02  8.759362E-02  9.013146E-02  9.126861E-02             0
             0     0.0136764     0.0151801  1.619317E-02  1.699401E-02  1.793254E-02  1.901578E-02  2.009395E-02     0.0209346  2.164466E-02  2.239198E-02  2.337214E-02  2.483881E-02  2.665248E-02  2.859435E-02  3.065405E-02  3.282066E-02  3.508311E-02  3.743036E-02  3.985146E-02
     0.0423355  4.487147E-02  4.744805E-02  5.005344E-02     0.0526753  5.530075E-02  5.791622E-02  6.050739E-02     0.0630589  6.555428E-02  6.767311E-02  6.943838E-02  7.114451E-02  7.251006E-02  7.356951E-02  7.459374E-02  7.558072E-02  7.652877E-02  7.743669E-02  7.830379E-02
  7.933649E-02  8.067624E-02  8.205321E-02  8.328802E-02  8.439366E-02  8.538255E-02     0.0862659     0.0878409  9.030975E-02  9.138161E-02             0
             0  1.355922E-02     0.0150544  1.606418E-02  1.686327E-02  1.780078E-02  1.888412E-02  1.996379E-02  2.080645E-02  2.151867E-02  2.226873E-02  2.325301E-02     0.0247268  2.655033E-02  2.850336E-02  3.057513E-02  3.275449E-02  3.503019E-02  3.739111E-02  3.982623E-02
  4.232465E-02  4.487536E-02  4.746712E-02  5.008814E-02  5.272615E-02  5.536832E-02  5.800112E-02  6.061021E-02  6.318022E-02     0.0656945  6.782997E-02  6.960928E-02  7.132889E-02  7.270478E-02  7.377179E-02  7.480262E-02  7.579501E-02  7.674706E-02  7.765736E-02  7.852514E-02
  7.955672E-02     0.0808913     0.0822587      0.083482  8.457537E-02  8.555199E-02  8.642351E-02  8.797619E-02  9.040648E-02  9.144258E-02             0
             0  1.349993E-02  1.499063E-02  1.599858E-02  1.679667E-02  1.773351E-02  1.881674E-02  1.989704E-02  2.074067E-02  2.145396E-02  2.220541E-02  2.319183E-02  2.466934E-02  2.649801E-02  2.845681E-02  3.053482E-02  3.272073E-02  3.500322E-02  3.737111E-02  3.981338E-02
  4.231912E-02  4.487735E-02  4.747683E-02  5.010582E-02  5.275208E-02     0.0554028  5.804449E-02  6.066283E-02  6.324242E-02  6.576658E-02  6.791082E-02  6.969762E-02  7.142451E-02  7.280609E-02  7.387731E-02  7.491187E-02  7.590736E-02  7.686168E-02  7.777327E-02     0.0786413
  7.967196E-02  8.100326E-02  8.236506E-02     0.0835819  8.466858E-02  8.563863E-02     0.0865039  8.804491E-02  9.045535E-02  9.147327E-02             0
