 51            10 
             0    -0.3060362    -0.2970876    -0.2895268    -0.2834732    -0.2764205     -0.268387    -0.2605183    -0.2544583    -0.2493803    -0.2440761     -0.237168    -0.2269283    -0.2143947    -0.2027446    -0.1921162    -0.1809284    -0.1643299     -0.145993    -0.1275003
    -0.1078799 -8.758576E-02 -6.667346E-02 -4.527308E-02 -2.364535E-02  -1.67776E-03  2.065445E-02  4.331406E-02  6.498495E-02  8.523799E-02     0.1027748     0.1175099     0.1318803      0.143557      0.152775     0.1619241     0.1710357     0.1801042     0.1891681     0.1976644
     0.2074741     0.2213138     0.2362975     0.2501601     0.2636409     0.2766021     0.2888076     0.3117409      0.349084     0.3805819             0
             0    -0.3102106    -0.3012583    -0.2936713    -0.2875892    -0.2804947    -0.2724034     -0.264467    -0.2583475    -0.2532152    -0.2478491    -0.2408532    -0.2304644    -0.2177106    -0.2058084    -0.1948723    -0.1832497    -0.1662061    -0.1474144    -0.1284315
    -0.1082546 -8.735655E-02 -6.581775E-02 -4.379488E-02 -2.155598E-02   9.98295E-04     0.0238797     0.0470681     0.0692168  8.992459E-02     0.1078668     0.1229499     0.1376629     0.1496128     0.1590388     0.1683827     0.1776718      0.186901     0.1961111     0.2047321
     0.2146915     0.2286797     0.2437496     0.2576396     0.2710686     0.2838441     0.2957238     0.3178788     0.3539619     0.3836614             0
             0    -0.3762521    -0.3676283    -0.3599208    -0.3536252    -0.3461566    -0.3375022    -0.3288819    -0.3221599    -0.3164801    -0.3104975    -0.3026402    -0.2908433    -0.2761469    -0.2622288    -0.2492336    -0.2351993     -0.212002    -0.1856038    -0.1586229
    -0.1298028 -9.989765E-02 -6.907724E-02 -3.760952E-02 -5.920258E-03  2.608753E-02  5.838253E-02  9.087753E-02     0.1216433     0.1500626     0.1743291     0.1944591     0.2137879     0.2291984     0.2411857     0.2528897     0.2643377     0.2755163     0.2864687     0.2965277
     0.3078918     0.3233021     0.3390986     0.3528341     0.3652922     0.3763699     0.3859616     0.4025746     0.4232994     0.4290234             0
             0    -0.4329883    -0.4265507    -0.4200694    -0.4145804    -0.4078686    -0.3998818     -0.391736    -0.3852811    -0.3797723    -0.3739146     -0.366152    -0.3543482    -0.3394076    -0.3250381    -0.3114294    -0.2964832    -0.2664192    -0.2308288     -0.194051
    -0.1546479    -0.1137487 -7.161519E-02 -2.861043E-02  1.469943E-02  5.846019E-02      0.102625     0.1470456     0.1890249     0.2276323     0.2603273     0.2871828     0.3126112     0.3325013     0.3477271     0.3623168     0.3762809     0.3895831     0.4022586     0.4135519
     0.4258478     0.4414817     0.4559903     0.4670868     0.4756565     0.4818791     0.4859922     0.4908161     0.4863335     0.4642363             0
             0    -0.4734226    -0.4702205     -0.465816    -0.4618013    -0.4566055    -0.4501285    -0.4432655     -0.437699    -0.4328867    -0.4277134    -0.4207963    -0.4101734    -0.3966276    -0.3835662    -0.3713408    -0.3579868    -0.3212469    -0.2759891    -0.2290331
     -0.178883    -0.1270465 -7.379904E-02    -0.0194789  3.534671E-02  9.101332E-02     0.1475907     0.2049889       0.25971     0.3104865     0.3537165     0.3892186     0.4226447     0.4484392     0.4678947     0.4861613     0.5031785     0.5188396     0.5331386     0.5452466
     0.5575892     0.5712972     0.5811508     0.5858582     0.5866326     0.5842873     0.5796702     0.5672539     0.5335554     0.4873392             0
             0    -0.5010349     -0.501376    -0.4994393    -0.4972387     -0.493962    -0.4894278    -0.4842162    -0.4797856    -0.4758607    -0.4715619    -0.4657398    -0.4567229    -0.4453223    -0.4346412    -0.4254666    -0.4162988    -0.3730059    -0.3178322    -0.2608768
    -0.2006313    -0.1388903 -7.580348E-02 -1.151591E-02  5.359286E-02     0.1202344     0.1888112     0.2595494      0.328312     0.3936911     0.4506975     0.4982441     0.5434901     0.5784465        0.6046     0.6287168     0.6504727     0.6695134     0.6856645     0.6980154
     0.7088504     0.7164379     0.7153613      0.707498     0.6949556     0.6796378      0.663147     0.6293902     0.5670219     0.5021201             0
             0    -0.5158448    -0.5188885    -0.5190435    -0.5184665    -0.5169907    -0.5143256    -0.5106606    -0.5072114    -0.5039909    -0.5003194    -0.4952142    -0.4871892    -0.4772764    -0.4686103    -0.4626522    -0.4585918    -0.4099919    -0.3468798    -0.2824511
    -0.2151002    -0.1467063 -7.719719E-02 -6.449047E-03  6.543066E-02     0.1395785     0.2168527     0.2980308     0.3788231     0.4582566     0.5303076     0.5924355     0.6536251     0.7023507     0.7392448     0.7732681      0.803273     0.8280363     0.8466917     0.8581145
     0.8644153     0.8579904     0.8363952      0.808971     0.7789192     0.7488945      0.720602     0.6679561     0.5854283     0.5096626             0
             0    -0.5223861    -0.5268312    -0.5281622     -0.528555    -0.5282332    -0.5268559    -0.5243017    -0.5215111    -0.5186945    -0.5152869    -0.5103772    -0.5025311    -0.4930731    -0.4853217    -0.4812047    -0.4803845    -0.4287862    -0.3613496    -0.2930359
    -0.2221228    -0.1504808 -7.788566E-02 -4.045332E-03  7.110281E-02     0.1489509     0.2306571     0.3174066     0.4050102     0.4930983     0.5754254     0.6485463     0.7232428     0.7853209     0.8336941     0.8794256      0.920101     0.9527328     0.9745652      0.983569
     0.9826021     0.9571833     0.9132516     0.8683154     0.8248822     0.7849397     0.7494457     0.6861908      0.593642     0.5129193             0
             0    -0.5259728    -0.5312495    -0.5333146    -0.5343413    -0.5348231    -0.5344256    -0.5328177    -0.5306137      -0.52811    -0.5247771    -0.5197772    -0.5117377    -0.5023263    -0.4950188    -0.4920306    -0.4933304    -0.4398493    -0.3697695    -0.2991436
    -0.2261513      -0.15264 -7.828367E-02 -2.682293E-03  7.433557E-02     0.1543239     0.2386391     0.3287516     0.4206049      0.514365      0.603879     0.6852356     0.7709903     0.8453432     0.9053584      0.964417      1.018907      1.063275      1.090453       1.09412
      1.081649      1.032588     0.9664739     0.9067795     0.8533077     0.8065183     0.7663477     0.6965321     0.5981671     0.5146852             0
             0     -0.527797    -0.5335191    -0.5359933     -0.537389    -0.5383719    -0.5386614     -0.537866    -0.5363027    -0.5341766      -0.53067     -0.525291    -0.5168365    -0.5072823    -0.5001464    -0.4977686    -0.5002804    -0.4457452     -0.374219     -0.302352
     -0.228259    -0.1537675 -7.849286E-02  -1.97452E-03  7.601979E-02     0.1571342     0.2428387     0.3347738     0.4289869      0.526018     0.6199065     0.7066004     0.8001732     0.8843454     0.9548453      1.027851       1.09985      1.163583      1.204542      1.193285
      1.161161      1.084884     0.9994872     0.9290662     0.8690888     0.8181806     0.7753351     0.7019064     0.6004751      0.515577             0
