 51            10 
             0    -0.3447179    -0.3326361     -0.323074    -0.3155441    -0.3068705    -0.2970603    -0.2874933    -0.2801416     -0.273988    -0.2675663    -0.2592099    -0.2468377    -0.2317208    -0.2156951    -0.1988411    -0.1812415    -0.1629721    -0.1441197    -0.1247928
    -0.1051683 -8.582791E-02 -6.640899E-02    -0.0428265 -1.962717E-02  3.189584E-03  2.561559E-02  4.762485E-02  6.917007E-02  9.018328E-02     0.1080286     0.1229254     0.1373729     0.1489897     0.1580326     0.1668024     0.1752741     0.1834186     0.1912032     0.1985898
     0.2072734     0.2202033     0.2345371     0.2495481     0.2653067     0.2792509     0.2916999      0.314034     0.3507639     0.3811394             0
             0    -0.3516077    -0.3394638    -0.3297903    -0.3221901    -0.3134612    -0.3035675    -0.2938912    -0.2864383    -0.2801898     -0.273657    -0.2651393    -0.2524893    -0.2369836    -0.2205064    -0.2031849    -0.1851415      -0.16638    -0.1469663    -0.1270126
    -0.1067024 -8.653081E-02 -6.471203E-02 -4.075251E-02 -1.754482E-02  5.324408E-03  2.789802E-02     0.0501701  7.208981E-02  9.357828E-02     0.1119225     0.1273071     0.1423161     0.1544792     0.1640105     0.1733297     0.1824253     0.1912858     0.1998883     0.2081823
      0.218026      0.232176     0.2470943     0.2614893     0.2749878     0.2872803     0.2986204     0.3194928     0.3547581     0.3838765             0
             0    -0.4555327    -0.4427886     -0.431923    -0.4231177    -0.4127011    -0.4005557     -0.388357    -0.3787854    -0.3706667    -0.3620851    -0.3507798    -0.3337497    -0.3125286    -0.2896715    -0.2653852    -0.2398805    -0.2132021    -0.1854824    -0.1569173
    -0.1278037 -9.888335E-02    -0.0676281 -3.337624E-02 -2.981425E-04  3.216467E-02  6.403095E-02  9.524198E-02     0.1256675     0.1551315     0.1798974      0.200377     0.2200302     0.2356562     0.2477282     0.2593494     0.2705022     0.2811705     0.2913281       0.30092
     0.3120536     0.3274468     0.3428737     0.3568582     0.3691828     0.3796497     0.3886127     0.4038411     0.4232588     0.4289898             0
             0     -0.558286     -0.550366    -0.5416079    -0.5337714    -0.5236814     -0.511002    -0.4974076    -0.4862787    -0.4765988    -0.4661322    -0.4520617    -0.4303067    -0.4024545    -0.3718866    -0.3390038    -0.3042378    -0.2677526     -0.229802    -0.1906977
    -0.1508652    -0.1113238 -6.863403E-02    -0.0218194  2.344916E-02  6.794783E-02     0.1116937     0.1545711     0.1963291     0.2366111     0.2701881     0.2976662     0.3236437     0.3438782     0.3592421     0.3737304     0.3873004     0.3999197     0.4115529     0.4221442
     0.4339418     0.4490486     0.4625893     0.4731308     0.4809093     0.4861075     0.4892845     0.4923538     0.4856803     0.4640559             0
             0    -0.6417429    -0.6450462    -0.6429561    -0.6393164    -0.6327662    -0.6224763    -0.6095133    -0.5978826    -0.5872521    -0.5752695    -0.5585986     -0.531781    -0.4962574    -0.4566088    -0.4137106    -0.3684706    -0.3212833    -0.2725616    -0.2227108
    -0.1722199    -0.1222879 -6.848798E-02 -9.381006E-03  4.805355E-02     0.1049486     0.1614537     0.2175088     0.2728072     0.3267952     0.3721842     0.4093911     0.4444004     0.4712865      0.491365     0.5098518     0.5266056     0.5415202     0.5545174     0.5655383
      0.576762     0.5885534     0.5957739     0.5977625     0.5959635      0.591424     0.5850174     0.5697986     0.5325863     0.4870748             0
             0    -0.7053599    -0.7250584    -0.7346461    -0.7392489    -0.7407867    -0.7374165    -0.7282882    -0.7176458    -0.7067296    -0.6933368    -0.6735357    -0.6397841    -0.5935565    -0.5417918    -0.4863774    -0.4290057    -0.3703076    -0.3107527    -0.2506904
    -0.1905055    -0.1313888 -6.788781E-02  2.030174E-03  7.045346E-02       0.13906     0.2083867      0.278735     0.3500839     0.4220047     0.4845723     0.5371059     0.5874882     0.6264978     0.6554635     0.6816222     0.7044146     0.7233634     0.7381354     0.7486104
      0.756487     0.7577835      0.748972     0.7326606     0.7130654     0.6926876     0.6724643     0.6336381     0.5659668     0.5018105             0
             0    -0.7426313    -0.7778891    -0.8011503    -0.8168272    -0.8311588    -0.8411033     -0.841606    -0.8348551    -0.8247555      -0.80961    -0.7847268    -0.7395857    -0.6778271    -0.6108937    -0.5418615    -0.4728911    -0.4043629    -0.3363959    -0.2689887
    -0.2022205    -0.1370941 -6.734819E-02  9.576352E-03  8.534025E-02      0.162194     0.2412436      0.323502     0.4098373     0.5008947     0.5848367     0.6590535     0.7343929     0.7961233     0.8433622     0.8867357      0.924099     0.9531129     0.9717289     0.9790665
     0.9756401     0.9483147     0.9043262      0.855657     0.8098281     0.7697457     0.7347347     0.6739257     0.5844083     0.5093342             0
             0    -0.7597795    -0.8039705     -0.836409    -0.8605812    -0.8865737    -0.9117734    -0.9274051    -0.9291114    -0.9217876     -0.903437    -0.8695472    -0.8084512    -0.7303782    -0.6506616    -0.5719088    -0.4956286    -0.4214557    -0.3489788    -0.2778257
    -0.2078153    -0.1397927 -6.706605E-02  1.321344E-02  9.254925E-02      0.173534     0.2576651      0.346518     0.4418106     0.5455164     0.6455779     0.7383941     0.8386982     0.9277118      1.000161      1.071177      1.136062      1.187538      1.216122      1.214191
       1.18399       1.10615      1.015613     0.9337764     0.8656694     0.8112588     0.7667212     0.6931577      0.592657     0.5125836             0
             0     -0.769374    -0.8191465    -0.8578927    -0.8885119    -0.9247076    -0.9665565     -1.005772     -1.028021     -1.031294     -1.002105     -0.947359    -0.8622041    -0.7668684    -0.6763106     -0.590399     -0.509205    -0.4314621    -0.3562486    -0.2828864
    -0.2110003    -0.1413218 -6.689966E-02  1.529116E-02  9.667891E-02     0.1800731     0.2672356     0.3601483     0.4611997     0.5735427     0.6855918     0.7935938     0.9169195       1.03552      1.139586      1.251937      1.368023      1.475039      1.542356      1.503424
       1.40606      1.246398      1.100636     0.9875993     0.9014508     0.8366489     0.7857181     0.7041215      0.597207     0.5143458             0
             0    -0.7743173     -0.827186     -0.869716    -0.9045982    -0.9486729     -1.007297      -1.08355      -1.16368     -1.225564     -1.137636     -1.024847    -0.9024007    -0.7899627    -0.6911947    -0.6006408    -0.5165305    -0.4367777    -0.3600731    -0.2855322
    -0.2126587    -0.1421156 -6.681129E-02  1.637497E-02  9.883738E-02     0.1835064     0.2722981      0.367442     0.4717627     0.5892512      0.708986     0.8276252     0.9691829      1.115687      1.255291      1.425754      1.639533      1.914643      2.275228      1.948645
      1.651771      1.363739      1.159237      1.020696     0.9219417     0.8506088     0.7959213     0.7098401     0.5995295     0.5152358             0
