 51            10 
             0    -0.3447664    -0.3318167    -0.3207991    -0.3132398    -0.3054826    -0.2961254     -0.286601    -0.2790853    -0.2726858     -0.265889    -0.2568769    -0.2431081    -0.2266883    -0.2094168    -0.1928777    -0.1772714    -0.1599898    -0.1412796    -0.1212976
    -0.1001146 -7.770952E-02 -5.599598E-02 -3.506176E-02 -1.310022E-02  8.096828E-03  2.830076E-02  4.888261E-02  6.961844E-02  9.032125E-02     0.1082751      0.123515     0.1385855     0.1509995     0.1608546      0.170022     0.1784949     0.1868741     0.1951475     0.2033036
     0.2133374       0.22701     0.2420164     0.2563861     0.2701316     0.2825592     0.2936444     0.3144524     0.3506109     0.3812136             0
             0    -0.3521916    -0.3401131    -0.3302377    -0.3226171    -0.3142615    -0.3045106    -0.2949418    -0.2875764    -0.2814029    -0.2749441    -0.2664966    -0.2537722    -0.2382775    -0.2213915    -0.2037766    -0.1864685     -0.167833    -0.1482606     -0.127889
    -0.1068204 -8.474174E-02 -6.255145E-02 -4.069841E-02 -1.784953E-02   4.60062E-03  2.622969E-02     0.0480421  6.980555E-02  9.133866E-02     0.1097374      0.125176     0.1402905     0.1526779     0.1625484     0.1718586     0.1805636     0.1892037     0.1977354     0.2061451
     0.2164826     0.2304196     0.2455217     0.2598231     0.2733643     0.2859251     0.2973939     0.3187968     0.3544713      0.383979             0
             0    -0.4563599    -0.4437642    -0.4327272    -0.4239621    -0.4140222    -0.4020875    -0.3900552    -0.3806157    -0.3726083    -0.3641348    -0.3529325    -0.3358056    -0.3145981    -0.2911361     -0.266414    -0.2418866     -0.215349    -0.1873884    -0.1582324
    -0.1280556 -9.643845E-02 -6.469574E-02 -3.347594E-02 -9.196714E-04  3.094471E-02  6.148388E-02  9.206188E-02     0.1222847     0.1518293     0.1766894     0.1972591     0.2170686     0.2329989     0.2455168     0.2571519     0.2678472     0.2782737     0.2883743     0.2981302
     0.3098676     0.3251484      0.340864     0.3549124     0.3673886     0.3782069     0.3873904     0.4032682     0.4234026     0.4292395             0
             0    -0.5597684    -0.5523794    -0.5437937    -0.5363147    -0.5269015    -0.5146505    -0.5013902    -0.4904919    -0.4809877    -0.4706755    -0.4567341    -0.4348015    -0.4068679    -0.3753042    -0.3416502    -0.3079913    -0.2715157    -0.2331036    -0.1930967
    -0.1517575    -0.1085154 -6.515285E-02 -2.250002E-02  2.200744E-02  6.560687E-02      0.107433     0.1493189     0.1906571     0.2309026     0.2644852     0.2919886     0.3180906     0.3386666     0.3545699     0.3690735     0.3820914     0.3944452     0.4060531      0.416886
     0.4294332     0.4447238     0.4588345     0.4698744     0.4781429     0.4839219     0.4875651     0.4915708     0.4861413     0.4644254             0
             0    -0.6443356    -0.6492599    -0.6484598    -0.6461653    -0.6409195    -0.6317739    -0.6196527    -0.6084998    -0.5981693    -0.5863849    -0.5697892    -0.5424502    -0.5063545    -0.4647706    -0.4202234    -0.3757571    -0.3280116    -0.2782623    -0.2269347
    -0.1743217    -0.1196054    -0.0648993 -1.104811E-02  4.534544E-02     0.1009178     0.1547059     0.2091272     0.2634223     0.3168131     0.3616656     0.3984207     0.4331145     0.4600783     0.4805906     0.4988944     0.5148184     0.5293393     0.5423127     0.5536828
     0.5658877     0.5786786     0.5873037     0.5909649     0.5906038      0.587283     0.5819451      0.568377     0.5331974     0.4875277             0
             0    -0.7093924    -0.7328803    -0.7463629    -0.7547431    -0.7595375    -0.7595855     -0.752941     -0.743507    -0.7331733    -0.7199355    -0.6997544    -0.6640708    -0.6153688    -0.5592145    -0.4999468    -0.4420709    -0.3814719    -0.3197801    -0.2573074
    -0.1941884    -0.1291855 -6.450461E-02 -7.913378E-04  6.628541E-02      0.133022     0.1986114     0.2662816     0.3354197     0.4052815     0.4656858     0.5161726     0.5645384     0.6022857     0.6307824     0.6557193      0.676602     0.6945022     0.7090299     0.7200288
     0.7294788      0.734282     0.7295741     0.7180925     0.7023905     0.6847967     0.6669165     0.6311861     0.5666038     0.5023176             0
             0    -0.7479083    -0.7896819    -0.8209518    -0.8447093    -0.8668401    -0.8861453    -0.8940498    -0.8907343    -0.8819334    -0.8664716    -0.8392531    -0.7874092    -0.7176668    -0.6411636    -0.5641958     -0.492417    -0.4200465    -0.3485466     -0.277707
     -0.207241    -0.1353931 -6.423912E-02  5.873112E-03  8.004392E-02      0.154525     0.2288796     0.3072735     0.3897529     0.4763644     0.5550284      0.623704     0.6926709       0.74897     0.7923832     0.8306345     0.8620854     0.8872527     0.9044393     0.9128408
     0.9132452     0.8973597     0.8654138     0.8286533     0.7915941     0.7570382     0.7262534     0.6704516     0.5850123     0.5098689             0
             0    -0.7657334    -0.8182529    -0.8620122    -0.8981925    -0.9372398    -0.9799984     -1.011397      -1.02068     -1.015863    -0.9961308    -0.9559064    -0.8796908    -0.7857112    -0.6907576    -0.6002538    -0.5192609    -0.4398396    -0.3629047    -0.2876926
    -0.2135491    -0.1383723 -6.411549E-02  9.062193E-03  8.667364E-02     0.1650026     0.2438869     0.3281219     0.4183984     0.5157545     0.6076775     0.6912716     0.7797987     0.8570599     0.9196865     0.9776661      1.027592      1.067761      1.091336      1.092769
      1.073369      1.022908     0.9574062      0.896023     0.8416784     0.7952113     0.7563403     0.6890946     0.5932353     0.5131301             0
             0    -0.7757382    -0.8350594    -0.8876305    -0.9335017    -0.9878359     -1.056405     -1.122362     -1.157317     -1.163511     -1.132611     -1.066473    -0.9550657    -0.8348294    -0.7237357    -0.6228971    -0.5355465    -0.4515656    -0.3712748    -0.2934507
    -0.2171614    -0.1400723 -6.404655E-02  1.087789E-02  9.046248E-02     0.1710264     0.2525971     0.3403977     0.4356278     0.5402039     0.6417841     0.7372549     0.8432906     0.9425147      1.028335      1.114583      1.197941      1.274682      1.323931      1.299504
      1.233079      1.128219      1.024866     0.9411105     0.8732083     0.8182863     0.7740755     0.6996915     0.5977679     0.5148987             0
             0    -0.7809041    -0.8440351    -0.9020014    -0.9543991     -1.020689     -1.114372     -1.227804     -1.319147     -1.371409     -1.294357     -1.171691     -1.012356    -0.8667541    -0.7433299    -0.6356276    -0.5444353    -0.4578468     -0.375705    -0.2964748
    -0.2190495    -0.1409586 -6.401124E-02  1.182306E-02  9.243985E-02      0.174183     0.2571917     0.3469404     0.4449589     0.5537849     0.6614586     0.7650847      0.884668      1.004091      1.115329      1.240395      1.387534      1.576982       1.83089      1.604342
      1.400778      1.211489      1.069575     0.9680983     0.8909968     0.8308569     0.7835485     0.7052075     0.6000805      0.515792             0
