 51            10 
             0     -0.347056    -0.3352946    -0.3262098    -0.3188797    -0.3103002    -0.3007341    -0.2915311    -0.2845305    -0.2787108    -0.2726797    -0.2648874    -0.2534761    -0.2395054    -0.2241465    -0.2066983    -0.1877873    -0.1690526    -0.1495447    -0.1292592
    -0.1089915 -8.879679E-02 -6.780452E-02 -4.614478E-02 -2.491018E-02 -3.107116E-03     0.0191199  4.051957E-02  6.213554E-02  8.385613E-02      0.101915     0.1167759     0.1309875     0.1422466     0.1509152     0.1598109     0.1689041     0.1775927     0.1858562      0.194311
     0.2050961     0.2188862     0.2339863     0.2483266     0.2606539     0.2739503     0.2877688     0.3116213     0.3487638     0.3803629             0
             0    -0.3531815    -0.3412624    -0.3320051    -0.3245433    -0.3158154    -0.3060529    -0.2966241    -0.2894303    -0.2834387    -0.2772181    -0.2691676    -0.2573556    -0.2428912    -0.2270259     -0.209136    -0.1898683    -0.1707403    -0.1507695    -0.1299615
    -0.1090961 -8.823708E-02 -6.656932E-02 -4.426291E-02 -2.238678E-02  4.121219E-06  2.273848E-02  4.462759E-02  6.673539E-02     0.0889244     0.1074095     0.1226554     0.1372683     0.1488605     0.1577787     0.1668991      0.176181     0.1850292      0.193432      0.202013
     0.2129138     0.2268457     0.2420981     0.2565279     0.2689303     0.2820801     0.2953232     0.3180247     0.3538413     0.3838036             0
             0     -0.457738    -0.4454239    -0.4351756    -0.4266401    -0.4163455    -0.4044766    -0.3926755    -0.3834859    -0.3757329    -0.3675848    -0.3569176     -0.341015    -0.3211737     -0.299076    -0.2738638    -0.2464774    -0.2192538    -0.1907512     -0.160986
    -0.1310981    -0.1012097 -7.018537E-02 -3.829935E-02 -7.115392E-03  2.467089E-02  5.677719E-02  8.747267E-02     0.1181848     0.1486688     0.1737019     0.1940787     0.2133099     0.2282923     0.2396613     0.2511106     0.2625884     0.2733482     0.2833786      0.293412
     0.3059087     0.3213573     0.3374076     0.3518074     0.3634419     0.3748573     0.3856229     0.4026888     0.4232833     0.4291709             0
             0    -0.5622711    -0.5557864    -0.5483911    -0.5414311    -0.5321215      -0.52033    -0.5075934    -0.4971263    -0.4880098    -0.4781501    -0.4649084    -0.4445105    -0.4181821    -0.3881681    -0.3534401    -0.3154429    -0.2778114     -0.238498    -0.1975349
     -0.156497    -0.1155422 -7.309508E-02 -2.950199E-02  1.312703E-02  5.659505E-02     0.1005165     0.1425015     0.1844452     0.2259119     0.2596959     0.2869357     0.3123002     0.3317004     0.3461942     0.3605173     0.3745914      0.387475     0.3991542     0.4104577
      0.424067     0.4399136     0.4547711     0.4666291     0.4748552     0.4812866     0.4860153     0.4909934     0.4864803     0.4644519             0
             0    -0.6487619    -0.6563987    -0.6580011    -0.6572245    -0.6536797    -0.6463096     -0.635586    -0.6252999    -0.6155984    -0.6044045    -0.5885724    -0.5627403    -0.5278108    -0.4871493    -0.4399123    -0.3884775    -0.3384265    -0.2869236     -0.233927
    -0.1813765    -0.1293261 -7.562272E-02 -2.053496E-02  3.343762E-02  8.874213E-02     0.1450129     0.1992907     0.2540752     0.3087108     0.3534975     0.3896356     0.4231355     0.4484481     0.4670965     0.4851567     0.5024691     0.5177997     0.5311069     0.5432811
     0.5570327     0.5711784     0.5814165     0.5867969     0.5879393     0.5855007     0.5804608      0.567605     0.5338675     0.4876305             0
             0    -0.7163214    -0.7461497    -0.7650847    -0.7777758    -0.7886445    -0.7944833    -0.7920243    -0.7847214    -0.7755466    -0.7629272    -0.7429845    -0.7072904     -0.657012    -0.5988315    -0.5329387    -0.4632525    -0.3979518    -0.3328658    -0.2674988
    -0.2038715    -0.1416535 -7.793639E-02 -1.270437E-02  5.140244E-02     0.1176248     0.1858318     0.2527711     0.3218621     0.3924372     0.4518277     0.5006383     0.5465391     0.5814149     0.6069756     0.6313347     0.6540318     0.6731645     0.6885125     0.7009259
     0.7127897     0.7206663     0.7194363     0.7113938     0.6999057     0.6838301     0.6652287      0.630029     0.5674807     0.5024766             0
             0    -0.7570031    -0.8096854    -0.8514991    -0.8850693    -0.9225008    -0.9580287    -0.9789186    -0.9819897    -0.9758202    -0.9601569    -0.9298097    -0.8708081    -0.7906011    -0.7044394    -0.6137489    -0.5232362    -0.4427576    -0.3657795    -0.2906542
    -0.2189934    -0.1498408 -7.954598E-02  -7.72238E-03  6.306272E-02     0.1367619     0.2136297     0.2905304     0.3721062     0.4583196      0.534224      0.599206     0.6631463     0.7139875     0.7521648      0.789026     0.8230559     0.8502456      0.869157     0.8798897
     0.8838623     0.8740804     0.8488142     0.8179742     0.7886948     0.7567011     0.7242067     0.6688964     0.5859832     0.5100593             0
             0    -0.7760061    -0.8424662    -0.9009558    -0.9523674     -1.017157     -1.091616     -1.154319     -1.181989     -1.184534     -1.160336     -1.105646     -1.005344    -0.8865852     -0.772483    -0.6615528    -0.5563757    -0.4663279    -0.3825099    -0.3021412
    -0.2263789    -0.1538098 -8.034264E-02 -5.359601E-03  6.865105E-02       0.14604     0.2273284     0.3095759       0.39834     0.4944066     0.5821082     0.6601874      0.741155     0.8101422     0.8648782      0.921004     0.9754391      1.019584       1.04666      1.050787
      1.034507     0.9922888     0.9361196     0.8823942     0.8383895     0.7952779      0.754068     0.6873123     0.5942432     0.5133346             0
             0     -0.786725    -0.8620247    -0.9325219    -0.9983556     -1.088854     -1.209111     -1.341132      -1.43159     -1.470215     -1.410121     -1.292907     -1.123833    -0.9597234    -0.8195582    -0.6925508     -0.576898    -0.4804841    -0.3923573    -0.3088104
    -0.2306302    -0.1560851    -0.0808038 -4.020011E-03  7.183645E-02     0.1513611      0.235255     0.3207424     0.4140413     0.5166765     0.6129244     0.7014192     0.7977242     0.8860721     0.9614284      1.046568      1.139263      1.226203        1.2858      1.260763
      1.190853      1.093184      1.000593     0.9254454     0.8696479     0.8186412     0.7716624     0.6977693     0.5987949      0.515111             0
             0    -0.7922781    -0.8725778    -0.9505453     -1.026414     -1.137896      -1.30664     -1.551341     -1.835157     -2.171992     -1.813822     -1.503448     -1.222142     -1.009899    -0.8485129    -0.7104406    -0.5882758    -0.4881422    -0.3976042    -0.3123289
    -0.2328597     -0.157275 -8.104642E-02    -0.0033245  7.349615E-02      0.154145     0.2394279     0.3266768      0.422517     0.5290003     0.6306305     0.7262993     0.8346034     0.9411705      1.039939      1.166988      1.334998      1.558345      1.877781      1.605551
      1.366388      1.175573      1.043982     0.9512726     0.8872885     0.8313952     0.7810593     0.7032088     0.6011168     0.5160083             0
