 51            10 
             0    -0.3444493    -0.3323859    -0.3228342    -0.3153081     -0.306634    -0.2968226    -0.2872553    -0.2799041    -0.2737516    -0.2673317    -0.2589788    -0.2466144    -0.2315104    -0.2155005    -0.1986616    -0.1810758    -0.1628287    -0.1440166    -0.1247503
     -0.105139 -8.511752E-02 -6.217667E-02    -0.0392465 -1.641747E-02  6.222736E-03  2.858891E-02  5.059853E-02  7.217211E-02  9.323388E-02     0.1111527     0.1261512     0.1407635     0.1525989     0.1618774     0.1709603     0.1798423     0.1885189     0.1969861     0.2052402
     0.2152879     0.2287796     0.2433099     0.2569443      0.269682     0.2815284     0.2924952     0.3127047      0.347141     0.3759484             0
             0    -0.3512296    -0.3390966    -0.3294539    -0.3218548    -0.3130935    -0.3031685    -0.2934687    -0.2860013     -0.279743    -0.2732037    -0.2646836    -0.2520463    -0.2365744    -0.2201498    -0.2028646    -0.1848083    -0.1660559    -0.1466965    -0.1268452
      -0.10663 -8.602457E-02 -6.254134E-02 -3.904132E-02 -1.564971E-02  7.541968E-03  3.044514E-02  5.297383E-02  7.504454E-02  9.657664E-02     0.1148786     0.1301845     0.1450804     0.1571307     0.1665688     0.1757987     0.1848148     0.1936124     0.2021876     0.2105371
      0.220689     0.2342972      0.248919     0.2626061     0.2753586      0.287182     0.2980911     0.3181252     0.3519021     0.3795756             0
             0    -0.4550141    -0.4422588    -0.4314122    -0.4225982    -0.4121325    -0.3999389    -0.3877031    -0.3781084    -0.3699744    -0.3613824     -0.350073     -0.333062    -0.3118941    -0.2891205    -0.2648971    -0.2393848    -0.2127274    -0.1850888    -0.1566685
    -0.1276797 -9.810779E-02 -6.439059E-02 -3.069931E-02  2.748831E-03  3.578129E-02  6.822427E-02  9.990101E-02     0.1306315     0.1602342     0.1849924      0.205394      0.224908     0.2403794     0.2523158     0.2637979     0.2748149     0.2853582      0.295422     0.3050033
     0.3163763     0.3310389     0.3459156     0.3589871     0.3703528     0.3801285      0.388444     0.4024271     0.4196983     0.4241364             0
             0    -0.5574924    -0.5494321    -0.5406006    -0.5327029    -0.5225085    -0.5097263    -0.4960549    -0.4848821    -0.4751757    -0.4646941    -0.4506233    -0.4289157    -0.4011828    -0.3707867    -0.3380582    -0.3033384    -0.2669249    -0.2291141    -0.1902185
    -0.1505361    -0.1100106 -6.364331E-02 -1.729443E-02  2.877574E-02  7.435325E-02     0.1191973     0.1630285     0.2055202     0.2462956     0.2801031     0.3076563     0.3335934     0.3537086     0.3689406     0.3832699     0.3966615     0.4090892     0.4205373     0.4310006
     0.4428566     0.4569419     0.4694269     0.4786595     0.4850633     0.4890759       0.49112     0.4920416     0.4818489      0.458702             0
             0    -0.6405316    -0.6433204    -0.6408528    -0.6369643    -0.6301161    -0.6195343    -0.6063647    -0.5946314      -0.58395    -0.5719528    -0.5553144    -0.5286579    -0.4934712    -0.4542509    -0.4117725     -0.366766    -0.3198038    -0.2713564    -0.2218293
    -0.1715371    -0.1202757 -6.148422E-02 -2.622476E-03  5.617555E-02     0.1148167     0.1731391     0.2308743     0.2876064     0.3427308     0.3888357     0.4264661     0.4617013     0.4886128     0.5086331     0.5269935     0.5435624     0.5582374     0.5709543     0.5816936
     0.5926809      0.603183     0.6086317     0.6088237      0.605083     0.5985832      0.590279      0.571517     0.5289159     0.4814217             0
             0    -0.7036306    -0.7220744    -0.7305607    -0.7343999    -0.7350504    -0.7307708    -0.7209936    -0.7100579    -0.6990268    -0.6856529     -0.666044    -0.6328846    -0.5876744    -0.5370324    -0.4826845    -0.4259966    -0.3678558    -0.3088289    -0.2492802
    -0.1893889    -0.1286599 -5.898998E-02  1.091445E-02  8.125344E-02     0.1522852     0.2241948     0.2970325     0.3706225     0.4444276     0.5082458     0.5615398      0.612331     0.6513802     0.6802353     0.7061684      0.728653     0.7472312     0.7615852     0.7716057
      0.778882     0.7791696     0.7680856     0.7498693     0.7279583     0.7047389     0.6817035      0.637669     0.5626246     0.4959862             0
             0    -0.7404637    -0.7735437    -0.7945535    -0.8084781    -0.8205758    -0.8279264    -0.8262992    -0.8185257    -0.8080797    -0.7931627    -0.7691823    -0.7261274    -0.6671699    -0.6028274    -0.5360019    -0.4684315     -0.400927    -0.3338007    -0.2671174
    -0.2007536    -0.1338586 -5.719816E-02  1.985968E-02  9.790587E-02     0.1776498     0.2598173     0.3451269     0.4342234      0.527523     0.6127131     0.6873441     0.7622793     0.8229287     0.8689645     0.9109147     0.9468252     0.9745699     0.9922838     0.9991039
     0.9951419     0.9697124     0.9251138     0.8761495     0.8287181     0.7853804     0.7469223     0.6796402      0.581332     0.5034307             0
             0    -0.7573752    -0.7987787    -0.8280442    -0.8495085    -0.8716613    -0.8916225    -0.9016665    -0.8998003    -0.8910782    -0.8740012     -0.843562    -0.7880356    -0.7154884    -0.6400419    -0.5645467     -0.490246    -0.4174336    -0.3460035    -0.2757035
    -0.2061651     -0.136307 -5.631518E-02  2.416494E-02     0.1059575     0.1900556      0.277559     0.3697159     0.4679552     0.5738835     0.6747496     0.7670637     0.8651882     0.9506137      1.019234      1.085661      1.145723      1.193043      1.219272      1.217362
      1.188442      1.119655      1.033453      0.954366     0.8861291     0.8285602      0.780344     0.6997034     0.5897152     0.5066473             0
             0    -0.7668267    -0.8134029    -0.8482801    -0.8753599    -0.9060275     -0.938911    -0.9648876    -0.9741108    -0.9697378    -0.9480678    -0.9062304    -0.8343217    -0.7483001    -0.6637442     -0.581983    -0.5032111     -0.427067    -0.3530381    -0.2806123
    -0.2092413    -0.1376915 -5.580656E-02  2.662217E-02     0.1105655     0.1971994      0.287877     0.3842281     0.4882985     0.6027488     0.7150826      0.821543      0.940555      1.052192      1.148475      1.250797       1.35531      1.451329      1.512407      1.476013
      1.385781      1.247505      1.113842      1.007202     0.9225588     0.8548455     0.8001519     0.7111457     0.5943434     0.5083922             0
             0    -0.7716926    -0.8211266     -0.859338    -0.8900588    -0.9270348    -0.9717903     -1.018361     -1.049618     -1.058799     -1.023449    -0.9594179    -0.8666822    -0.7685018    -0.6773274    -0.5915802    -0.5101818     -0.432173    -0.3567334    -0.2831759
    -0.2108416    -0.1384094 -5.554007E-02  2.790312E-02     0.1129722     0.2009466     0.2933264     0.3919739     0.4993344     0.6188148     0.7384064      0.854618     0.9898845      1.125859      1.252908      1.405643      1.596237      1.845519      2.190641      1.873935
      1.598976      1.350425      1.167715      1.039069      0.943233     0.8692366     0.8107708     0.7171144     0.5967071     0.5092736             0
