 51            10 
             0 -4.597594E-03 -2.532795E-03 -9.509694E-04  2.853406E-04  1.701075E-03  3.292727E-03  4.835404E-03  6.015446E-03  7.000207E-03  8.024893E-03  9.354591E-03     0.0113158  1.370225E-02  1.622539E-02  1.887624E-02  2.164523E-02  2.452227E-02  2.749681E-02  3.055788E-02
     0.0336941  3.689376E-02  4.014473E-02     0.0434345  4.675033E-02     0.0500795  5.340941E-02     0.0567277  6.002239E-02  6.328192E-02     0.0660936  6.847248E-02  7.081605E-02  7.273625E-02  7.425355E-02  7.575092E-02  7.722733E-02  7.868181E-02  8.011344E-02  8.152134E-02
  8.325052E-02  8.560435E-02  8.818737E-02  9.065846E-02  9.301348E-02  9.524901E-02     0.0973623     0.1013402     0.1085707     0.1153024             0
             0 -4.954829E-03 -2.879384E-03 -1.287637E-03 -4.303202E-05  1.382755E-03  2.986278E-03  4.540966E-03  5.730466E-03  6.723262E-03  7.756448E-03  9.097353E-03  1.107545E-02  1.348297E-02  1.602888E-02  1.870406E-02  2.149883E-02  2.440294E-02  2.740565E-02  3.049579E-02
  3.366179E-02     0.0368917  4.017314E-02  4.349335E-02  4.683935E-02  5.019813E-02  5.355683E-02  5.690283E-02     0.0602239  6.350823E-02  6.634004E-02  6.873508E-02     0.0710936  7.302525E-02  7.455113E-02     0.0760565  7.754032E-02  7.900161E-02  8.043945E-02  8.185294E-02
  8.358837E-02  8.594938E-02  8.853827E-02      0.091013  9.336956E-02     0.0956047  9.771585E-02     0.1016864     0.1088853     0.1155523             0
             0 -1.051921E-02 -8.287683E-03 -6.546758E-03 -5.176347E-03 -3.596974E-03 -1.810984E-03 -7.070487E-05  1.265402E-03  2.382983E-03  3.548436E-03  5.063967E-03  7.305811E-03  1.004332E-02  1.294643E-02  1.600423E-02  1.920491E-02  2.253571E-02  2.598313E-02  2.953293E-02
  3.317023E-02  3.687953E-02  4.064468E-02  4.444883E-02  4.827472E-02      0.052105  5.592241E-02  5.970998E-02  6.345122E-02  6.713029E-02  7.028195E-02  7.293306E-02  7.552836E-02  7.764032E-02  7.930107E-02  8.093171E-02  8.253103E-02  8.409794E-02  8.563145E-02  8.713064E-02
  8.896074E-02  9.142844E-02  9.410089E-02  9.662267E-02  9.899224E-02     0.1012093     0.1032746      0.107105     0.1137596     0.1193747             0
             0 -1.497064E-02 -1.268103E-02 -1.085909E-02 -9.413036E-03 -7.733788E-03 -5.821445E-03 -3.945868E-03 -2.499361E-03 -1.286004E-03 -1.726728E-05  1.636766E-03  4.092142E-03  7.102937E-03     0.0103072  1.369219E-02  1.724382E-02  2.094684E-02  2.478503E-02  2.874135E-02
  3.279797E-02  3.693633E-02      0.041137  4.537953E-02  4.964281E-02  5.390536E-02  5.814553E-02  6.234169E-02     0.0664725  7.051713E-02  7.396328E-02  7.684817E-02  7.965671E-02  8.192789E-02  8.370563E-02  8.544255E-02  8.713716E-02  8.878818E-02     0.0903945  9.195519E-02
  9.384812E-02  9.637478E-02  9.907237E-02     0.1015804     0.1039015     0.1060402      0.108002     0.1115854     0.1175411      0.122124             0
             0 -1.796898E-02 -1.569627E-02     -0.013853 -1.237789E-02 -1.065156E-02 -8.671167E-03 -6.715526E-03 -5.200112E-03 -3.925206E-03 -2.588415E-03 -8.411602E-04  1.761722E-03  4.966144E-03  8.387392E-03  1.201057E-02  1.581921E-02     0.0197957  2.392155E-02  2.817763E-02
  3.254421E-02  3.700092E-02  4.152652E-02  4.609851E-02  5.069352E-02  5.528747E-02  5.985566E-02  6.437288E-02  6.881354E-02  7.315186E-02  7.683603E-02  7.990985E-02  8.288971E-02  8.528698E-02  8.715595E-02  8.897386E-02  9.073883E-02  9.244921E-02  9.410372E-02     0.0957014
  9.762669E-02     0.1001703     0.1028471     0.1052995      0.107536     0.1095673      0.111405     0.1147172     0.1200314     0.1238322             0
             0 -1.992782E-02 -1.770529E-02 -1.587313E-02 -1.439605E-02 -1.265505E-02 -1.064389E-02 -8.644587E-03 -7.088085E-03 -5.774814E-03 -4.394074E-03    -0.0025849  1.190637E-04  3.459599E-03  7.035237E-03  1.082847E-02  1.482031E-02  1.899092E-02  2.332005E-02  2.778722E-02
  3.237172E-02  3.705247E-02  4.180763E-02  4.661407E-02  5.144762E-02  5.628318E-02     0.0610946  6.585459E-02  7.053462E-02  7.510485E-02  7.898078E-02  8.220854E-02  8.532885E-02     0.0878292      0.089772  9.165427E-02  9.347336E-02  9.522708E-02     0.0969138  9.853245E-02
     0.1004701     0.1030033     0.1056311     0.1080048     0.1101412     0.1120581     0.1137735     0.1168343      0.121632     0.1248853             0
             0 -2.094308E-02 -1.876614E-02 -1.695392E-02 -1.548611E-02 -1.374784E-02      -0.01173 -9.713967E-03 -8.138684E-03 -6.806504E-03 -5.402888E-03 -3.560195E-03 -7.994057E-04  2.619386E-03  6.284052E-03  1.017467E-02  1.427027E-02  1.854957E-02  2.299135E-02     0.0275746
  3.227838E-02  3.708161E-02  4.196257E-02  4.689826E-02  5.186469E-02  5.683679E-02     0.0617883  6.669149E-02  7.151677E-02  7.623244E-02      0.080233  8.356351E-02  8.677979E-02  8.935174E-02  9.134597E-02     0.0932727  9.512824E-02  9.690952E-02  9.861433E-02     0.1002414
     0.1021779     0.1046868     0.1072596     0.1095603     0.1116135     0.1134434     0.1150715      0.117963      0.122452     0.1254097             0
             0    -0.0213845 -1.923175E-02    -0.0174318 -1.597086E-02 -1.423692E-02 -1.221927E-02 -1.019814E-02  -8.61561E-03 -7.275519E-03 -5.861813E-03  -4.00383E-03 -1.216445E-03  2.239193E-03  5.945458E-03  9.881059E-03  1.402405E-02  1.835253E-02  2.284491E-02  2.748002E-02
  3.223693E-02  3.709464E-02  4.203162E-02  4.702504E-02  5.205109E-02  5.708492E-02  6.210042E-02  6.706988E-02  7.196359E-02  7.674931E-02  8.081163E-02  8.419434E-02  8.746079E-02  9.007129E-02  9.209367E-02  9.404501E-02  9.592066E-02  9.771672E-02  9.943029E-02     0.1010599
      0.102992     0.1054814     0.1080182     0.1102757     0.1122831     0.1140672     0.1156514     0.1184601     0.1228066     0.1256337             0
             0 -2.162465E-02 -1.948631E-02 -1.769412E-02 -1.623783E-02 -1.450734E-02 -1.249099E-02 -1.046802E-02  -8.88197E-03 -7.537711E-03 -6.118421E-03 -4.251749E-03 -1.449033E-03   2.02777E-03  5.757694E-03  9.718634E-03  1.388812E-02  1.824391E-02  2.276428E-02  2.742799E-02
  3.221413E-02  3.710182E-02  4.206962E-02  4.709485E-02  5.215384E-02     0.0572219  6.227307E-02  6.727975E-02  7.221224E-02  7.703821E-02  8.113664E-02  8.455044E-02  8.784746E-02  9.048209E-02  9.252247E-02  9.448987E-02  9.637889E-02  9.818472E-02  9.990369E-02     0.1015339
     0.1034613     0.1059355     0.1084474      0.110677     0.1126561     0.1144128     0.1159713     0.1187324     0.1229991     0.1257547             0
             0    -0.0217462 -1.961555E-02 -1.782768E-02 -1.637407E-02 -1.464576E-02 -1.263061E-02 -1.060719E-02  -9.01961E-03 -7.673325E-03  -6.25114E-03 -4.379838E-03 -1.568898E-03  1.919126E-03  5.661441E-03   9.63553E-03  1.381867E-02  1.818848E-02  2.272316E-02  2.740147E-02
  3.220252E-02  3.710548E-02  4.208899E-02  4.713044E-02  5.220626E-02  5.729185E-02  6.236135E-02  6.738725E-02  7.233991E-02  7.718701E-02  8.130468E-02  8.473529E-02     0.0880492  9.069761E-02  9.274856E-02  9.472572E-02  9.662318E-02  9.843541E-02     0.1001578     0.1017876
     0.1037108     0.1061742     0.1086709     0.1108845     0.1128479     0.1145898     0.1161346     0.1188707     0.1230964     0.1258155             0
