 51            10 
             0  4.947256E-02  4.971911E-02  4.987281E-02  4.998513E-02  5.010705E-02  5.023833E-02  5.036113E-02  5.045296E-02  5.052856E-02  5.060625E-02  5.070591E-02  5.085066E-02  5.102364E-02  5.120375E-02     0.0513905     0.0515834  5.178194E-02  5.198557E-02  5.219373E-02
  5.240585E-02  5.262134E-02  5.283961E-02  5.306005E-02  5.328204E-02  5.350496E-02     0.0537282  5.395114E-02  5.417317E-02  5.439368E-02  5.458478E-02  5.474709E-02  5.490769E-02  5.503988E-02  5.514468E-02  5.524845E-02  5.535112E-02  5.545264E-02  5.555293E-02  5.565194E-02
  5.577401E-02  5.594116E-02  5.612606E-02     0.0563044  5.647574E-02  5.663968E-02  5.679584E-02  5.709187E-02     0.0576391  5.813306E-02             0
             0  4.946766E-02  4.971445E-02  4.986834E-02  4.998081E-02  5.010291E-02  5.023438E-02  5.035738E-02  5.044935E-02  5.052507E-02  5.060289E-02  5.070272E-02  5.084771E-02      0.051021  5.120142E-02  5.138851E-02  5.158176E-02  5.178066E-02  5.198466E-02  5.219321E-02
  5.240572E-02     0.0526216  5.284027E-02  5.306109E-02  5.328347E-02  5.350678E-02  5.373039E-02  5.395369E-02  5.417607E-02  5.439691E-02  5.458828E-02  5.475082E-02  5.491162E-02  5.504398E-02  5.514891E-02     0.0552528     0.0553556  5.545722E-02  5.555762E-02  5.565672E-02
  5.577891E-02     0.0559462  5.613125E-02  5.630971E-02  5.648115E-02  5.664516E-02  5.680138E-02  5.709748E-02  5.764468E-02  5.813824E-02             0
             0  4.939232E-02  4.964283E-02  4.979964E-02     0.0499144  5.003915E-02  5.017364E-02  5.029956E-02  5.039379E-02     0.0504714  5.055119E-02  5.065359E-02  5.080238E-02     0.0509803  5.116564E-02     0.0513579  5.155656E-02  5.176105E-02  5.197082E-02  5.218526E-02
  5.240377E-02  5.262572E-02  5.285046E-02  5.307734E-02  5.330572E-02  5.353492E-02  5.376429E-02  5.399317E-02     0.0542209  5.444686E-02  5.464245E-02  5.480845E-02  5.497252E-02  5.510745E-02  5.521434E-02  5.532011E-02  5.542468E-02      0.055528       0.05563  5.573061E-02
  5.585456E-02  5.602407E-02     0.0562113  5.639156E-02  5.656445E-02  5.672959E-02  5.688662E-02  5.718378E-02  5.773018E-02  5.821734E-02             0
             0  4.933827E-02  4.959124E-02  4.975003E-02  4.986637E-02  4.999297E-02  5.012956E-02  5.025756E-02  5.035339E-02  5.043234E-02  5.051354E-02  5.061778E-02     0.0507693  5.095059E-02  5.113951E-02  5.133556E-02  5.153819E-02  5.174682E-02  5.196086E-02  5.217969E-02
  5.240267E-02  5.262914E-02  5.285843E-02  5.308985E-02  5.332273E-02  5.355636E-02  5.379005E-02  5.402312E-02  5.425487E-02  5.448464E-02  5.468337E-02  5.485191E-02  5.501839E-02  5.515518E-02  5.526349E-02  5.537061E-02  5.547646E-02  5.558097E-02  5.568409E-02  5.578573E-02
  5.591088E-02  5.608188E-02  5.627048E-02  5.645182E-02  5.662553E-02  5.679121E-02  5.694855E-02     0.0572459  5.779047E-02  5.827174E-02             0
             0     0.0493047  4.955909E-02  4.971905E-02  4.983633E-02  4.996403E-02  5.010189E-02  5.023115E-02  5.032796E-02  5.040774E-02  5.048981E-02     0.0505952  5.074842E-02  5.093182E-02      0.051123  5.132144E-02  5.152658E-02  5.173785E-02  5.195461E-02  5.217624E-02
  5.240208E-02  5.263145E-02  5.286366E-02  5.309801E-02  5.333379E-02  5.357028E-02  5.380677E-02  5.404254E-02  5.427689E-02  5.450912E-02  5.470988E-02  5.488006E-02  5.504807E-02  5.518605E-02  5.529526E-02  5.540322E-02  5.550986E-02  5.561512E-02  5.571891E-02  5.582118E-02
  5.594704E-02  5.611889E-02  5.630825E-02  5.649016E-02  5.666423E-02  5.683012E-02  5.698749E-02  5.728465E-02  5.782748E-02  5.830454E-02             0
             0  4.928401E-02  4.953922E-02  4.969985E-02  4.981769E-02  4.994604E-02  5.008467E-02  5.021469E-02     0.0503121     0.0503924      0.050475  5.058109E-02  5.073537E-02  5.092007E-02  5.111266E-02     0.0513126  5.151932E-02  5.173223E-02  5.195071E-02  5.217411E-02
  5.240174E-02  5.263295E-02      0.052867     0.0531032  5.334082E-02  5.357913E-02     0.0538174     0.0540549  5.429091E-02  5.452472E-02  5.472678E-02      0.054898  5.506699E-02  5.520572E-02     0.0553155  5.542399E-02  5.553112E-02  5.563683E-02  5.574104E-02  5.584369E-02
  5.596998E-02  5.614232E-02     0.0563321  5.651429E-02  5.668852E-02  5.685444E-02  5.701176E-02  5.730866E-02  5.785013E-02  5.832439E-02             0
             0     0.0492737  4.952929E-02  4.969025E-02  4.980835E-02  4.993702E-02  5.007602E-02  5.020642E-02  5.030413E-02  5.038467E-02  5.046754E-02  5.057398E-02  5.072879E-02  5.091415E-02  5.110745E-02  5.130814E-02  5.151566E-02  5.172941E-02  5.194875E-02  5.217303E-02
  5.240158E-02  5.263371E-02  5.286871E-02  5.310585E-02     0.0533444  5.358363E-02  5.382281E-02     0.0540612  5.429806E-02  5.453269E-02     0.0547354  5.490717E-02  5.507666E-02  5.521578E-02  5.532584E-02     0.0554346  5.554198E-02  5.564792E-02  5.575233E-02  5.585517E-02
  5.598166E-02  5.615424E-02     0.0563442     0.0565265  5.670078E-02  5.686669E-02  5.702396E-02  5.732066E-02  5.786135E-02  5.833416E-02             0
             0     0.0492693  4.952504E-02  4.968614E-02  4.980435E-02  4.993316E-02  5.007231E-02  5.020287E-02  5.030071E-02  5.038136E-02  5.046434E-02  5.057093E-02  5.072597E-02  5.091161E-02  5.110521E-02  5.130623E-02  5.151409E-02  5.172819E-02  5.194791E-02  5.217258E-02
  5.240152E-02  5.263404E-02  5.286944E-02  5.310698E-02  5.334594E-02  5.358557E-02  5.382515E-02  5.406392E-02  5.430115E-02  5.453613E-02  5.473913E-02  5.491113E-02  5.508084E-02  5.522013E-02  5.533032E-02  5.543919E-02  5.554668E-02  5.565272E-02  5.575722E-02  5.586014E-02
  5.598671E-02  5.615938E-02  5.634942E-02  5.653176E-02  5.670605E-02  5.687196E-02     0.0570292     0.0573258  5.786614E-02  5.833831E-02             0
             0  4.926692E-02  4.952275E-02  4.968392E-02  4.980219E-02  4.993107E-02  5.007031E-02  5.020095E-02  5.029886E-02  5.037956E-02  5.046261E-02  5.056928E-02  5.072444E-02  5.091023E-02      0.051104  5.130519E-02  5.151324E-02  5.172754E-02  5.194745E-02  5.217233E-02
  5.240148E-02  5.263422E-02  5.286984E-02     0.0531076  5.334678E-02  5.358663E-02  5.382641E-02  5.406539E-02  5.430283E-02  5.453799E-02  5.474116E-02  5.491328E-02  5.508311E-02  5.522249E-02  5.533275E-02  5.544169E-02  5.554923E-02  5.565532E-02  5.575987E-02  5.586283E-02
  5.598945E-02  5.616217E-02  5.635225E-02  5.653461E-02  5.670891E-02  5.687481E-02  5.703203E-02  5.732857E-02  5.786873E-02  5.834055E-02             0
             0  4.926572E-02     0.0495216     0.0496828     0.0498011  4.993002E-02     0.0500693  5.019999E-02  5.029792E-02  5.037866E-02  5.046174E-02  5.056844E-02  5.072366E-02  5.090954E-02  5.110339E-02  5.130467E-02  5.151281E-02  5.172721E-02  5.194722E-02     0.0521722
  5.240146E-02  5.263431E-02  5.287004E-02  5.310791E-02     0.0533472  5.358716E-02  5.382705E-02  5.406613E-02  5.430367E-02  5.453894E-02  5.474218E-02  5.491437E-02  5.508426E-02  5.522368E-02  5.533397E-02  5.544294E-02  5.555052E-02  5.565663E-02  5.576121E-02  5.586419E-02
  5.599083E-02  5.616358E-02  5.635368E-02  5.653605E-02  5.671035E-02  5.687624E-02  5.703345E-02  5.732997E-02  5.787002E-02  5.834167E-02             0
