 51            10 
             0 -1.416308E-03  1.467543E-04  1.340008E-03  2.271669E-03  3.337721E-03  4.535527E-03  5.695928E-03  6.583295E-03  7.323687E-03  8.093975E-03  9.093408E-03  1.056721E-02  1.236018E-02  1.425548E-02  1.624638E-02  1.832571E-02     0.0204859  2.271904E-02  2.501689E-02
  2.737094E-02     0.0297724  3.221217E-02  3.468087E-02  3.716895E-02  3.966686E-02  4.216515E-02  4.465457E-02  4.712612E-02  4.957113E-02  5.168006E-02  5.346427E-02     0.0552219  5.666194E-02  5.779978E-02  5.892262E-02  6.002971E-02  6.112031E-02  6.219373E-02     0.0632493
     0.0645457  6.631027E-02  6.824645E-02  7.009851E-02  7.186334E-02  7.353838E-02  7.512156E-02  7.810107E-02  8.351268E-02  8.853304E-02             0
             0 -1.684212E-03 -1.131646E-04  1.087532E-03  2.025414E-03  3.099007E-03  4.305718E-03  5.475129E-03   6.36959E-03  7.116009E-03  7.892673E-03  8.900511E-03  1.038698E-02  1.219575E-02  1.410813E-02  1.611729E-02  1.821595E-02  2.039644E-02  2.265071E-02  2.497038E-02
  2.734677E-02  2.977091E-02  3.223354E-02  3.472507E-02  3.723578E-02     0.0397559  4.227579E-02      0.044786  4.727734E-02  4.974095E-02  5.186497E-02     0.0536613  5.543015E-02  5.687877E-02  5.802305E-02     0.0591519  6.026454E-02  6.136024E-02  6.243831E-02  6.349809E-02
  6.479917E-02  6.656913E-02  6.850971E-02     0.0703645  7.213048E-02  7.380522E-02  7.538681E-02     0.0783608  8.374872E-02  8.872052E-02             0
             0 -5.857184E-03 -4.169045E-03 -2.856445E-03 -1.824192E-03 -6.353918E-04   7.08189E-04  2.016812E-03  3.021244E-03  3.861264E-03  4.737142E-03  5.875967E-03  7.560275E-03  9.616572E-03  1.179688E-02  1.409304E-02  1.649617E-02  1.899672E-02  2.158456E-02  2.424902E-02
  2.697892E-02  2.976266E-02  3.258812E-02  3.544265E-02  3.831332E-02  4.118712E-02  4.405109E-02  4.689251E-02  4.969901E-02  5.245871E-02  5.482265E-02  5.681107E-02  5.875751E-02  6.034138E-02  6.158682E-02  6.280962E-02     0.0640089  6.518383E-02  6.633365E-02     0.0674577
  6.882979E-02  7.067975E-02      0.072683  7.457306E-02  7.634879E-02  7.800996E-02  7.955714E-02  8.242594E-02  8.740545E-02  9.158807E-02             0
             0 -9.195537E-03 -7.463821E-03 -6.090444E-03 -5.001445E-03 -3.737725E-03 -2.299365E-03  -8.89253E-04  1.979903E-04  1.109852E-03  2.063203E-03  3.305918E-03  5.150396E-03   7.41168E-03  9.817886E-03  1.235946E-02  1.502584E-02  1.780559E-02  2.068655E-02  2.365593E-02
  2.670037E-02  2.980594E-02  3.295808E-02  3.614145E-02  3.934021E-02  4.253825E-02  4.571933E-02  4.886725E-02  5.196597E-02  5.499988E-02  5.758473E-02  5.974849E-02     0.0618549  6.355819E-02  6.489138E-02     0.0661939  6.746466E-02  6.870267E-02     0.0699071  7.107728E-02
  7.249649E-02  7.439067E-02  7.641275E-02  7.829247E-02  8.003183E-02  8.163416E-02  8.310372E-02  8.578721E-02  9.024235E-02  9.365062E-02             0
             0 -1.144416E-02 -9.725109E-03 -8.335725E-03 -7.224927E-03 -5.925888E-03 -4.436478E-03 -2.966309E-03 -1.827377E-03  -8.69347E-04  1.350506E-04  1.447691E-03  3.402813E-03  5.809334E-03  8.378296E-03  1.109853E-02  1.395769E-02  1.694257E-02  2.003929E-02  2.323352E-02
  2.651046E-02  2.985484E-02     0.0332507     0.0366812     0.0401288  4.357542E-02  4.700257E-02  5.039132E-02  5.372246E-02  5.697669E-02  5.974007E-02  6.204556E-02  6.428047E-02  6.607835E-02  6.747997E-02  6.884325E-02  7.016677E-02  7.144931E-02     0.0726899  7.388781E-02
  7.533128E-02  7.723816E-02  7.924468E-02  8.108261E-02  8.275848E-02  8.428026E-02     0.0856567     0.0881367  9.211066E-02  9.493213E-02             0
             0 -1.291321E-02 -1.123179E-02 -9.850726E-03 -8.738452E-03 -7.428401E-03 -5.915913E-03 -4.412989E-03 -3.243238E-03  -2.25643E-03 -1.219066E-03  1.400199E-04  2.170961E-03  4.679578E-03  7.364345E-03  1.021214E-02  1.320871E-02  1.633919E-02     0.0195884  2.294096E-02
  2.638136E-02  2.989379E-02  3.346186E-02  3.706821E-02  4.069474E-02  4.432261E-02  4.793221E-02  5.150307E-02  5.501377E-02  5.844196E-02  6.134919E-02  6.377015E-02  6.611042E-02  6.798562E-02  6.944263E-02  7.085418E-02     0.0722183  7.353335E-02  7.479809E-02  7.601173E-02
  7.746448E-02  7.936355E-02  8.133323E-02  8.311219E-02  8.471293E-02  8.614895E-02  8.743358E-02      0.089725  9.331142E-02  9.572212E-02             0
             0 -1.367462E-02 -1.202738E-02 -1.066127E-02 -9.555948E-03 -8.247945E-03 -6.730437E-03 -5.214968E-03 -4.031127E-03 -3.030136E-03 -1.975612E-03 -5.913851E-04   1.48218E-03  4.049494E-03  6.801039E-03  9.721874E-03  1.279628E-02  1.600828E-02  1.934199E-02  2.278162E-02
  2.631149E-02  2.991579E-02  3.357822E-02  3.728154E-02  4.100774E-02  4.473803E-02  4.845272E-02  5.213099E-02  5.575066E-02  5.928794E-02  6.228867E-02  6.478671E-02  6.719897E-02  6.912789E-02  7.062346E-02  7.206838E-02  7.345983E-02  7.479555E-02  7.607386E-02  7.729384E-02
  7.874568E-02  8.062652E-02  8.255497E-02  8.427913E-02  8.581754E-02  8.718815E-02  8.840735E-02  9.057171E-02  9.392656E-02  9.611552E-02             0
             0 -1.400567E-02 -1.237657E-02 -1.101966E-02 -9.919485E-03 -8.614729E-03 -7.097371E-03 -5.578072E-03 -4.388797E-03 -3.381872E-03 -2.319779E-03 -9.240829E-04  1.169431E-03  3.764382E-03  6.547129E-03  9.501705E-03  1.261166E-02  1.586055E-02  1.923221E-02  2.271075E-02
  2.628047E-02  2.992563E-02  3.363008E-02     0.0373767  4.114763E-02  4.492423E-02  4.868691E-02     0.0524149  5.608589E-02  5.967573E-02  6.272278E-02  6.525999E-02  6.770989E-02  6.966771E-02  7.118441E-02  7.264777E-02  7.405433E-02  7.540113E-02  7.668602E-02  7.790786E-02
  7.935643E-02  8.122267E-02     0.0831241  8.481587E-02  8.631987E-02  8.765618E-02     0.0888424  9.094469E-02  9.419262E-02  9.628363E-02             0
             0 -1.418578E-02 -1.256748E-02    -0.0112164    -0.0101197 -8.817532E-03 -7.301151E-03 -5.780468E-03 -4.588553E-03 -3.578501E-03 -2.512221E-03 -1.110007E-03  9.950063E-04  3.605832E-03  6.406325E-03  9.379908E-03  1.250973E-02  1.577911E-02  1.917176E-02  2.267175E-02
     0.0262634  2.993105E-02  3.365862E-02     0.0374291  4.122474E-02  4.502701E-02  4.881645E-02  5.257236E-02  5.627245E-02  5.989248E-02  6.296662E-02  6.552715E-02  6.799997E-02  6.997591E-02  7.150611E-02  7.298152E-02     0.0743981  7.575224E-02  7.704117E-02  7.826348E-02
  7.970854E-02  8.156332E-02  8.344609E-02  8.511695E-02     0.0865997  8.791547E-02  8.908238E-02  9.114891E-02  9.433702E-02  9.637433E-02             0
             0 -1.427693E-02 -1.266441E-02 -1.131656E-02 -1.022188E-02 -8.921346E-03 -7.405858E-03  -5.88484E-03 -4.691777E-03 -3.680204E-03 -2.611753E-03 -1.206066E-03  9.051158E-04  3.524358E-03  6.334145E-03   9.31759E-03  1.245765E-02  1.573755E-02  1.914094E-02  2.265187E-02
  2.625471E-02  2.993381E-02  3.367316E-02  3.745581E-02  4.126408E-02     0.0450795     0.0488827  5.265302E-02  5.636825E-02  6.000412E-02  6.309269E-02  6.566583E-02  6.815132E-02     0.0701376  7.167573E-02  7.315847E-02  7.458137E-02  7.594031E-02     0.0772318  7.845381E-02
  7.989569E-02  8.174243E-02  8.361372E-02  8.527257E-02  8.674358E-02  8.804826E-02  8.920491E-02     0.0912527  9.440999E-02       0.09642             0
