 51            10 
             0    -0.2562428    -0.2471645    -0.2399831    -0.2343313    -0.2278245    -0.2204657    -0.2132892    -0.2077741    -0.2031576    -0.1983397    -0.1920697    -0.1827852    -0.1714393    -0.1594101    -0.1467606    -0.1335538     -0.119839    -0.1056715 -9.110731E-02
 -7.617787E-02 -6.079535E-02 -4.427547E-02 -2.766609E-02 -1.103223E-02  5.549517E-03     0.0220117  3.830188E-02  5.436672E-02  7.014934E-02     0.0836617     0.0950264     0.1061538     0.1152149     0.1223459     0.1293564     0.1362458     0.1430154     0.1496679     0.1562071
     0.1642441     0.1747374     0.1858988     0.1962417     0.2057265     0.2146849     0.2230778     0.2386905     0.2656678     0.2885534             0
             0    -0.2614975    -0.2523817    -0.2450927    -0.2393864    -0.2328734    -0.2254771    -0.2182372    -0.2126594    -0.2079815    -0.2030887    -0.1967043    -0.1872059    -0.1755517    -0.1631444    -0.1501176    -0.1366179    -0.1225492    -0.1079504 -9.288782E-02
 -7.742231E-02    -0.0615264 -4.476552E-02 -2.779966E-02 -1.074558E-02  6.206915E-03  2.295749E-02     0.0395411  5.591887E-02  7.201898E-02  8.578681E-02  9.734678E-02     0.1086402      0.117808     0.1249982     0.1320252     0.1388841     0.1455939     0.1521691     0.1586243
     0.1665674     0.1770474     0.1883073     0.1988712     0.2086334     0.2178018     0.2263088     0.2420134     0.2685413     0.2904419             0
             0    -0.3395085    -0.3299605    -0.3217855    -0.3151813    -0.3074167    -0.2983447    -0.2892239    -0.2820643    -0.2759891    -0.2695637    -0.2610914    -0.2483041    -0.2323501    -0.2151322    -0.1968592    -0.1777697    -0.1577593    -0.1369125    -0.1153509
 -9.318801E-02 -7.041172E-02 -4.643191E-02 -2.219554E-02  2.102823E-03  2.616191E-02  4.980361E-02     0.0730389  9.576824E-02      0.117841     0.1364265     0.1518132     0.1665997     0.1783766     0.1874828      0.196245     0.2046527     0.2127271     0.2204839     0.2279398
     0.2369118     0.2483392     0.2599713     0.2702772     0.2792057     0.2870367     0.2937859     0.3052965     0.3199993     0.3243203             0
             0    -0.4167386     -0.410901    -0.4043765    -0.3985316    -0.3910511    -0.3816193    -0.3714823    -0.3631714     -0.355935    -0.3481012    -0.3375547    -0.3212052    -0.3002296    -0.2771617    -0.2523664     -0.226306    -0.1989102    -0.1703488    -0.1408214
     -0.110501 -7.938047E-02    -0.0466661 -1.356881E-02  1.965556E-02  5.260271E-02  8.501743E-02     0.1168895       0.14803     0.1781488     0.2032959     0.2238999     0.2434092     0.2586373     0.2702145     0.2811326     0.2913583     0.3009062     0.3097878     0.3180195
     0.3275304      0.338842     0.3490824     0.3569836     0.3626906     0.3666648     0.3691387     0.3716195     0.3668671     0.3506562             0
             0    -0.4796045    -0.4824494    -0.4811556    -0.4785803    -0.4738891    -0.4663868    -0.4568194    -0.4481769    -0.4402478    -0.4312798    -0.4187635    -0.3985389    -0.3716491    -0.3415856    -0.3090684     -0.275036    -0.2395117    -0.2027763    -0.1650898
    -0.1266378 -8.735317E-02 -4.617298E-02 -4.418987E-03  3.769138E-02  7.975534E-02      0.121535     0.1630815     0.2041629     0.2443366     0.2781343      0.305855     0.3319678     0.3520638     0.3670971     0.3809528     0.3935157     0.4047555     0.4146541     0.4232189
     0.4323072     0.4414712     0.4471666     0.4491704     0.4481979     0.4451206      0.440567     0.4295369     0.4020597     0.3679436             0
             0    -0.5276681    -0.5433352    -0.5513437    -0.5552965    -0.5570832    -0.5552145    -0.5488405    -0.5410768    -0.5329822    -0.5229385    -0.5079697    -0.4822455    -0.4468293    -0.4071838     -0.364779    -0.3213503    -0.2769653     -0.231925     -0.186428
    -0.1405462 -9.403332E-02 -4.547139E-02  3.886994E-03  5.399988E-02     0.1046296     0.1557413       0.20766     0.2603442     0.3134136     0.3594792     0.3980836     0.4350519     0.4636659     0.4849268     0.5041466     0.5209009     0.5349268     0.5460366      0.554176
      0.560774     0.5632191     0.5578073     0.5475089     0.5344213     0.5200651     0.5054981     0.4771616     0.4270841     0.3790095             0
             0    -0.5559235    -0.5839185     -0.603045    -0.6159804    -0.6282992    -0.6375761    -0.6393754    -0.6349552    -0.6276039     -0.616141    -0.5969614    -0.5617448     -0.513428    -0.4613758     -0.407896    -0.3552856    -0.3032057    -0.2516337    -0.2004669
    -0.1495097 -9.825515E-02 -4.494395E-02  9.337914E-03  6.477895E-02     0.1214016     0.1795207     0.2399634     0.3032809     0.3697779     0.4306353     0.4840673     0.5378843      0.581631     0.6149515     0.6454219      0.671558      0.691955     0.7053515     0.7111626
     0.7097411     0.6945893     0.6661545     0.6348984     0.6045703     0.5765184     0.5514131     0.5071272     0.4408981     0.3846591             0
             0    -0.5689486    -0.6040795    -0.6307788    -0.6507342    -0.6728602    -0.6951579    -0.7098978    -0.7126368    -0.7076511    -0.6935124    -0.6667701    -0.6179757    -0.5557622    -0.4930097    -0.4314705    -0.3729885    -0.3164424    -0.2613415    -0.2072676
    -0.1538023    -0.1002594 -4.468143E-02  1.195682E-02  6.998584E-02     0.1295994     0.1913599     0.2564825     0.3260778     0.4012966     0.4730465     0.5388214     0.6088876     0.6700406     0.7192348      0.766891     0.8099108     0.8439393     0.8631686     0.8626306
     0.8433002     0.7980921     0.7409189     0.6889454     0.6444696     0.6066753     0.5748757     0.5214056     0.4470744      0.387099             0
             0    -0.5762439    -0.6158534    -0.6478009    -0.6731387    -0.7039284      -0.74046    -0.7750413    -0.7948083    -0.7993992    -0.7755072    -0.7315042    -0.6624887    -0.5855153    -0.5135956    -0.4460612    -0.3836001    -0.3242126    -0.2669615    -0.2111682
    -0.1562495     -0.101397    -0.0445297  1.345066E-02  7.296499E-02     0.1343196     0.1982459     0.2662363       0.33984     0.4209557      0.500693     0.5763658      0.661096     0.7406807     0.8093235     0.8821869     0.9563594      1.024545      1.068233      1.043025
     0.9799482     0.8863374      0.796406     0.7254303     0.6697741     0.6250177     0.5887655      0.529537     0.4504805     0.3884221             0
             0    -0.5800052    -0.6221075    -0.6572228    -0.6861447    -0.7236452    -0.7743701    -0.8395451    -0.9103487    -0.9956678     -0.890954    -0.7957894    -0.6959692    -0.6045121    -0.5256267    -0.4541792    -0.3893423    -0.3283484    -0.2699221    -0.2132096
    -0.1575248    -0.1019883 -4.445006E-02  1.422917E-02     0.0745209     0.1367956     0.2018833     0.2714446     0.3473122     0.4319139     0.5167152     0.5992217     0.6953752     0.7920793     0.8823564     0.9906582      1.125401      1.301925      1.547946      1.322561
      1.128047     0.9572877     0.8335841     0.7474195     0.6841303      0.635056     0.5962072     0.5337752     0.4522189     0.3890904             0
