 51            10 
             0    -0.2559617    -0.2469012    -0.2397313    -0.2340827    -0.2275733    -0.2202111    -0.2130324    -0.2075168    -0.2029007     -0.198084    -0.1918172     -0.182541    -0.1712098    -0.1591993    -0.1465671    -0.1333748    -0.1196867    -0.1055749 -9.112271E-02
    -0.0764119 -6.139383E-02 -4.418665E-02 -2.698751E-02 -9.864295E-03  7.117205E-03  2.389306E-02  4.040136E-02  5.658247E-02  7.237951E-02  8.581907E-02  9.706824E-02     0.1080276     0.1169042      0.123863     0.1306751     0.1373364     0.1438437     0.1501937     0.1563839
     0.1639192      0.174037     0.1849334     0.1951576      0.204709     0.2135917     0.2218144     0.2369661     0.2627779     0.2843457             0
             0    -0.2610462    -0.2519335    -0.2446955    -0.2389922    -0.2324175    -0.2249701    -0.2176921    -0.2120894    -0.2073939    -0.2024877    -0.1960955    -0.1866146    -0.1750074    -0.1626858    -0.1497188    -0.1361737    -0.1221065    -0.1075842 -9.269322E-02
 -7.752947E-02 -6.207331E-02 -4.445919E-02    -0.0268325 -9.287201E-03   8.10805E-03  2.528678E-02     0.0421845  5.873856E-02  7.488845E-02  8.861548E-02     0.1000952     0.1112674     0.1203051     0.1273837      0.134306     0.1410679     0.1476659      0.154097     0.1603588
     0.1679722     0.1781775     0.1891425     0.1994062     0.2089687     0.2178341     0.2260135     0.2410337     0.2663507     0.2870676             0
             0    -0.3388819    -0.3293023    -0.3211611    -0.3145465    -0.3066933    -0.2975442     -0.288364    -0.2811656    -0.2750632    -0.2686173    -0.2601329    -0.2473714    -0.2314919    -0.2144081     -0.196237    -0.1770993    -0.1571028    -0.1363706    -0.1150521
 -9.330747E-02 -7.112571E-02 -4.583513E-02 -2.056401E-02   4.52469E-03  2.930153E-02  5.363609E-02     0.0773958     0.1004456     0.1226493     0.1412192     0.1565212     0.1711574     0.1827613     0.1917138     0.2003255     0.2085882     0.2164956     0.2240432     0.2312288
     0.2397581      0.250754     0.2619099     0.2717115     0.2802334     0.2875624     0.2937959     0.3042764     0.3172106     0.3204964             0
             0    -0.4157389    -0.4096802    -0.4030502    -0.3971227    -0.3894728    -0.3798821    -0.3696249    -0.3612428    -0.3539611    -0.3460978    -0.3355422     -0.319258    -0.2984543    -0.2756532    -0.2511028     -0.225059    -0.1977449    -0.1693828    -0.1402072
    -0.1104415    -0.0800436 -4.526418E-02    -0.0104985  2.405816E-02  5.824528E-02     0.0918822     0.1247593     0.1566316     0.1872164     0.2125744     0.2332411     0.2526956     0.2677829     0.2792075     0.2899549     0.2999989     0.3093198     0.3179057     0.3257529
     0.3346442     0.3452067     0.3545681     0.3614896     0.3662888     0.3692942     0.3708227     0.3715043      0.363835     0.3464268             0
             0    -0.4780172    -0.4800953     -0.478238    -0.4753174     -0.470177    -0.4622364    -0.4523555    -0.4435529    -0.4355398    -0.4265397    -0.4140583    -0.3940622    -0.3676679    -0.3382483    -0.3063852    -0.2726259    -0.2373998    -0.2010598    -0.1639099
    -0.1261861 -8.773536E-02 -4.363646E-02  5.153235E-04  4.461949E-02  8.860613E-02     0.1323538     0.1756611     0.2182159     0.2595648     0.2941481     0.3223745      0.348804     0.3689898     0.3840064     0.3977778     0.4102052     0.4212119     0.4307495     0.4388036
     0.4470431     0.4549173     0.4589999     0.4591388     0.4563275     0.4514463     0.4452114     0.4311261      0.399144     0.3634706             0
             0    -0.5253408    -0.5391601    -0.5455181    -0.5483932    -0.5488767    -0.5456628    -0.5383261    -0.5301216    -0.5218461    -0.5118135    -0.4971041    -0.4722307    -0.4383186    -0.4003325     -0.359567    -0.3170463     -0.273436    -0.2291609    -0.1844943
    -0.1395706 -9.401838E-02 -4.175947E-02  1.067569E-02  6.343717E-02     0.1167186     0.1706589     0.2252957     0.2804971       0.33586     0.3837315     0.4237086     0.4618081     0.4910995      0.512744     0.5321963     0.5490616     0.5629963     0.5737621     0.5812768
     0.5867322     0.5869433     0.5786228     0.5649516     0.5485086     0.5310843      0.513798      0.480753     0.4244319     0.3743967             0
             0    -0.5529653    -0.5777616    -0.5935124    -0.6039514    -0.6130204    -0.6185289    -0.6173047    -0.6114719    -0.6036351    -0.5924452    -0.5744571     -0.542162    -0.4979393    -0.4496778    -0.3995539    -0.3488712    -0.2982379     -0.247888    -0.1978702
    -0.1480917 -9.791455E-02 -4.041198E-02  1.738917E-02  7.593217E-02     0.1357492     0.1973847     0.2613777     0.3282119     0.3981995     0.4621042     0.5180883     0.5743005     0.6197962     0.6543295     0.6857979     0.7127351     0.7335464     0.7468327     0.7519464
     0.7489709     0.7298891     0.6964259     0.6596875      0.624099     0.5915817     0.5627251     0.5122396     0.4384659     0.3799813             0
             0    -0.5656488    -0.5966877    -0.6186302     -0.634724    -0.6513342    -0.6663008    -0.6738299    -0.6724276    -0.6658838    -0.6530738    -0.6302416    -0.5885928    -0.5341778    -0.4775883     -0.420962    -0.3652316    -0.3106172    -0.2570393    -0.2043089
    -0.1521493 -9.974954E-02 -3.974808E-02  2.062022E-02  8.197358E-02     0.1450569     0.2106953      0.279825     0.3535182     0.4329798     0.5086445     0.5778944     0.6515031     0.7155856     0.7670617     0.8168917     0.8619478     0.8974436     0.9171181     0.9156825
     0.8939838     0.8423759     0.7777023     0.7183656     0.6671689     0.6239753     0.5877982     0.5272911     0.4447549     0.3823944             0
             0    -0.5727374    -0.6076558     -0.633807    -0.6541125    -0.6771088     -0.701767    -0.7212456    -0.7281603    -0.7248783    -0.7086236    -0.6772428    -0.6233072    -0.5587863    -0.4953647    -0.4340389    -0.3749551    -0.3178418    -0.2623149      -0.20799
    -0.1544558    -0.1007872 -3.936569E-02  2.246431E-02  8.543104E-02     0.1504167     0.2184363     0.2907125       0.36878     0.4546348     0.5389026     0.6187649     0.7080433     0.7917894     0.8640177     0.9407756      1.019177      1.091207      1.137023      1.109719
      1.042026     0.9382883     0.8380096     0.7580031     0.6944986     0.6436946     0.6026581      0.535875     0.4482269     0.3837034             0
             0    -0.5763867    -0.6134486    -0.6421004    -0.6651366    -0.6928642    -0.7264264    -0.7613504    -0.7847909    -0.7916743    -0.7651597    -0.7171332    -0.6475775    -0.5739375     -0.505552    -0.4412368     -0.380183    -0.3216712    -0.2650861    -0.2099124
    -0.1556558    -0.1013253 -3.916536E-02  2.342563E-02  8.723688E-02     0.1532281     0.2225246     0.2965236     0.3770593     0.4666877     0.5564003     0.6435779     0.7450502     0.8470539     0.9423617      1.056939      1.199916       1.38692      1.645818      1.408232
      1.201961      1.015497     0.8784248     0.7819097     0.7100083     0.6544908     0.6106244     0.5403528     0.4500001     0.3843646             0
