 51            10 
             0    -0.2271824    -0.2204482    -0.2147674    -0.2102206    -0.2049248    -0.1988937    -0.1929872    -0.1884388    -0.1846276    -0.1806468    -0.1754626    -0.1677784    -0.1583735     -0.149632    -0.1416576    -0.1332638     -0.120812    -0.1070563 -9.318418E-02
 -7.846636E-02 -6.324331E-02 -4.755674E-02 -3.150425E-02    -0.0152814  1.196205E-03  1.794712E-02  3.494343E-02  5.119795E-02     0.0663888  7.954212E-02  9.059399E-02     0.1013722     0.1101299     0.1170435     0.1239053      0.130739     0.1375402      0.144338       0.15071
     0.1580669      0.168446     0.1796827     0.1900783     0.2001873     0.2099062      0.219058     0.2362528     0.2642455     0.2878245             0
             0     -0.230313    -0.2235761    -0.2178755    -0.2133073    -0.2079802    -0.2019058    -0.1959485    -0.1913554    -0.1875035    -0.1834763    -0.1782261    -0.1704302      -0.16086    -0.1519295    -0.1437242    -0.1350043    -0.1222186    -0.1081219 -9.388205E-02
 -7.874675E-02 -6.307073E-02 -4.691425E-02 -3.039484E-02 -1.371357E-02  3.204089E-03  2.036694E-02  3.775987E-02  5.437277E-02     0.0699047  8.336209E-02  9.467499E-02     0.1057101     0.1146727     0.1217423     0.1287503     0.1357171     0.1426388     0.1495463     0.1560117
     0.1634809     0.1739713     0.1852726     0.1956887     0.2057588     0.2153384     0.2242458     0.2408568     0.2679041      0.290135             0
             0    -0.2798416    -0.2733506    -0.2675594     -0.262831    -0.2572231     -0.250726    -0.2442556    -0.2392105    -0.2349478     -0.230458    -0.2245616    -0.2157092    -0.2046818    -0.1942388    -0.1844889    -0.1739598    -0.1565582    -0.1367561    -0.1165172
 -9.489889E-02 -7.246689E-02 -4.934849E-02 -2.574471E-02 -1.974923E-03  2.203363E-02  4.625744E-02  7.063109E-02  9.370755E-02     0.1150237     0.1332249     0.1483233     0.1628206      0.174379     0.1833697      0.192148      0.200734      0.209118     0.2173322     0.2248763
     0.2333989      0.244956     0.2568021     0.2671021     0.2764436     0.2847493     0.2919403     0.3043936     0.3199194     0.3241645             0
             0    -0.3223919    -0.3175404    -0.3126687    -0.3085451    -0.3035045     -0.297508    -0.2913933    -0.2865483    -0.2824137    -0.2780175    -0.2721919     -0.263334    -0.2521231    -0.2413412    -0.2311307    -0.2199174    -0.1973652    -0.1706684    -0.1430811
     -0.113525 -8.284666E-02    -0.0512426 -1.898518E-02  1.350099E-02  4.632525E-02  7.945244E-02     0.1127713      0.144259     0.1732171     0.1977405     0.2178837     0.2369563     0.2518747     0.2632946     0.2742373     0.2847107     0.2946875     0.3041942     0.3126641
     0.3218857     0.3336103     0.3444902     0.3528105     0.3592351     0.3638988     0.3669799     0.3705896     0.3672057     0.3505802             0
             0    -0.3527165    -0.3502915    -0.3469772    -0.3439592    -0.3400556    -0.3351913    -0.3300385    -0.3258597    -0.3222474    -0.3183644    -0.3131728    -0.3052005    -0.2950353    -0.2852342     -0.276061    -0.2660414     -0.238482    -0.2045341    -0.1693127
    -0.1316957 -9.281378E-02 -5.287354E-02 -1.212876E-02  2.899511E-02  7.074974E-02     0.1131874     0.1562407     0.1972858     0.2353719     0.2677973     0.2944262     0.3194978     0.3388451     0.3534376     0.3671383     0.3799018     0.3916481     0.4023724     0.4114535
     0.4207102     0.4309902     0.4383785     0.4419063     0.4424835     0.4407203     0.4372527     0.4279301     0.4026299     0.3679113             0
             0    -0.3734251    -0.3736573    -0.3721938    -0.3705364     -0.368072    -0.3646647    -0.3607504    -0.3574234    -0.3544766    -0.3512494    -0.3468789     -0.340111    -0.3315545    -0.3235386    -0.3166532    -0.3097731    -0.2772986    -0.2359134    -0.1931922
    -0.1480031    -0.1016923 -5.437198E-02 -6.150953E-03  4.268605E-02  9.267273E-02      0.144111     0.1971703     0.2487476     0.2977867     0.3405454     0.3762085     0.4101456     0.4363648     0.4559812     0.4740699     0.4903877     0.5046688     0.5167825     0.5260458
     0.5341721     0.5398617     0.5390518     0.5331509     0.5237396     0.5122459     0.4998719     0.4745415     0.4277352     0.3789994             0
             0    -0.3845321    -0.3867913    -0.3868966    -0.3864567     -0.385343    -0.3833375    -0.3805831    -0.3779921    -0.3755736    -0.3728168     -0.368984    -0.3629599    -0.3555192    -0.3490144    -0.3445413    -0.3414916    -0.3050367    -0.2576976    -0.2093711
    -0.1588528     -0.107552    -0.0554146  -2.34774E-03  5.156795E-02     0.1071849     0.1651468     0.2260368     0.2866371     0.3462177     0.4002604     0.4468598     0.4927548      0.529301     0.5569729     0.5824915      0.604996     0.6235691     0.6375611     0.6461286
     0.6508545     0.6460353     0.6298366     0.6092649      0.586721     0.5641963     0.5429702     0.5034714      0.441543     0.3846577             0
             0     -0.389438    -0.3927481    -0.3937354    -0.3940229    -0.3937747     -0.392735    -0.3908136    -0.3887166     -0.386601    -0.3840421     -0.380356     -0.374466    -0.3673664    -0.3615475    -0.3584553    -0.3578356    -0.3191318    -0.2685492    -0.2173089
    -0.1641188    -0.1103818 -5.592977E-02 -5.435831E-04  5.582365E-02     0.1142161     0.1755023     0.2405712     0.3062802      0.372352      0.434102     0.4889461     0.5449712     0.5915313     0.6278121     0.6621112     0.6926181     0.7170922     0.7334669     0.7402204
     0.7394963     0.7204329     0.6874827     0.6537772     0.6211972      0.591234     0.5646063     0.5171499     0.4477045     0.3871007             0
             0     -0.392128    -0.3960618    -0.3975997    -0.3983625     -0.398717    -0.3984122    -0.3972005    -0.3955435    -0.3936625    -0.3911596    -0.3874058    -0.3813708    -0.3743061    -0.3688201    -0.3665744    -0.3675447    -0.3274288    -0.2748638    -0.2218892
    -0.1671397    -0.1120007 -5.622763E-02  4.794508E-04     0.0582491     0.1182469       0.18149     0.2490813     0.3179778     0.3883037     0.4554439     0.5164646      0.580783     0.6365486     0.6815602     0.7258538     0.7667208     0.7999959     0.8203792     0.8231308
       0.81378     0.7769868     0.7274011     0.6826274     0.6425185     0.6074199     0.5772846     0.5249072      0.451099     0.3884254             0
             0    -0.3934961     -0.397764    -0.3996086    -0.4006483    -0.4013785    -0.4015889    -0.4009866    -0.3998101    -0.3982124    -0.3955792     -0.391541    -0.3851947     -0.378023    -0.3726657    -0.3708777    -0.3727571    -0.3318506    -0.2782007    -0.2242954
    -0.1687202     -0.112846 -5.638419E-02  1.010666E-03  5.951272E-02     0.1203551     0.1846403     0.2535986     0.3242651     0.3970443     0.4674653     0.5324889     0.6026706        0.6658     0.7186742     0.7734269     0.8274238     0.8752202      0.905938     0.8974983
     0.8734101     0.8162082     0.7521616     0.6993434     0.6543554     0.6161677     0.5840262     0.5289387     0.4528304     0.3890944             0
