 51            10 
             0    -0.2561997    -0.2464725    -0.2382023    -0.2325288    -0.2267076    -0.2196864      -0.21254    -0.2069011    -0.2020997    -0.1970004    -0.1902391    -0.1799094    -0.1675911    -0.1546341    -0.1422269    -0.1305196    -0.1175558    -0.1035204 -8.853129E-02
 -7.264147E-02 -5.583502E-02    -0.0395475 -2.384473E-02 -7.371543E-03   8.52804E-03  2.368252E-02  3.912029E-02  5.467336E-02  7.020145E-02  8.366751E-02  9.509789E-02     0.1064011     0.1157117     0.1231031     0.1299786     0.1363332     0.1426175     0.1488224     0.1549391
     0.1624641     0.1727176     0.1839713      0.194747     0.2050543     0.2143729     0.2226846     0.2382855     0.2653892     0.2883009             0
             0    -0.2617658    -0.2526948    -0.2452823    -0.2395631    -0.2332929    -0.2259762    -0.2187965    -0.2132703    -0.2086385    -0.2037927     -0.197455    -0.1879088    -0.1762845    -0.1636167    -0.1504024    -0.1374184     -0.123439    -0.1087569 -9.347545E-02
 -7.767139E-02 -6.110974E-02 -4.446454E-02    -0.0280725 -1.093368E-02  5.905891E-03  2.212938E-02  3.849019E-02  5.481409E-02  7.096502E-02  8.476486E-02  9.634425E-02     0.1076805     0.1169713     0.1243742     0.1313569     0.1378856     0.1443655     0.1507641     0.1570711
     0.1648238     0.1752758     0.1866012     0.1973257     0.2074799     0.2168984     0.2254977     0.2415447     0.2682855     0.2903756             0
             0    -0.3398894    -0.3304303    -0.3221464    -0.3155687      -0.30811    -0.2991552    -0.2901277    -0.2830458    -0.2770384    -0.2706814    -0.2622773    -0.2494289    -0.2335197    -0.2159194    -0.1973743    -0.1789754    -0.1590687    -0.1380949    -0.1162246
 -9.358867E-02 -6.987245E-02 -4.606219E-02 -2.264434E-02  1.775805E-03  2.567682E-02  4.858364E-02     0.0715194  9.418859E-02     0.1163488     0.1349952     0.1504234     0.1652813     0.1772295     0.1866181     0.1953447     0.2033662     0.2111861     0.2187614     0.2260781
     0.2348808     0.2463406     0.2581259     0.2686605     0.2780155     0.2861266     0.2930114     0.3049133      0.319996     0.3243289             0
             0    -0.4174441    -0.4118897    -0.4054441    -0.3998307     -0.392767    -0.3835748    -0.3736261    -0.3654499    -0.3583198    -0.3505837    -0.3401251    -0.3236721    -0.3027179    -0.2790411    -0.2537964    -0.2285485    -0.2011878    -0.1723747    -0.1423655
    -0.1113571    -0.0789213    -0.0463953 -1.440177E-02  1.898281E-02  5.168616E-02  8.305925E-02     0.1144771     0.1454839     0.1756709     0.2008601     0.2214893     0.2410672     0.2565002     0.2684283     0.2793064     0.2890702     0.2983356     0.3070416      0.315166
      0.324576      0.336043     0.3466242     0.3549018     0.3611002      0.365431     0.3681596     0.3711554     0.3670608     0.3507245             0
             0    -0.4808684    -0.4845489    -0.4839424    -0.4822173     -0.478279    -0.4714157    -0.4623212     -0.453954     -0.446204    -0.4373636    -0.4249142    -0.4044063    -0.3773302    -0.3461379    -0.3127231    -0.2793692    -0.2435556    -0.2062391    -0.1677388
    -0.1282744 -8.723223E-02 -4.619772E-02 -5.804491E-03  3.649573E-02  7.817994E-02     0.1185258     0.1593466     0.2000726     0.2401202     0.2737632     0.3013323     0.3273552     0.3475798     0.3629653     0.3766941     0.3886377     0.3995287     0.4092589     0.4177863
     0.4269394     0.4365311     0.4429972     0.4457395     0.4454643     0.4429688     0.4389601     0.4287729     0.4023609     0.3680551             0
             0    -0.5296603    -0.5472634    -0.5573689    -0.5636498    -0.5672415    -0.5672734    -0.5622863    -0.5552082    -0.5474558    -0.5375253    -0.5223868    -0.4956203    -0.4590892    -0.4169689    -0.3725134    -0.3291021    -0.2836481    -0.2373744    -0.1905148
    -0.1431703    -0.0944126 -4.589631E-02  1.894293E-03  5.220791E-02     0.1022665     0.1514646     0.2022237     0.2540839      0.306487      0.351796      0.389666     0.4259448     0.4542587     0.4756336     0.4943382     0.5100017     0.5234277     0.5343238     0.5425726
      0.549659     0.5532585     0.5497227     0.5411055     0.5293222     0.5161197     0.5027024     0.4758899     0.4274212     0.3791501             0
             0    -0.5585469    -0.5898642    -0.6133101     -0.631124     -0.647718    -0.6621927    -0.6681173    -0.6656281    -0.6590252    -0.6474267      -0.62701    -0.5881232    -0.5358119    -0.4784298    -0.4206991    -0.3668604    -0.3125777    -0.2589476    -0.2058126
    -0.1529576 -9.906574E-02 -4.569418E-02  6.896186E-03  6.253106E-02     0.1183989      0.174172     0.2329753     0.2948433     0.3598111     0.4188177     0.4703321     0.5220653     0.5642961      0.596861     0.6255537     0.6491452     0.6680229     0.6809135     0.6872138
     0.6875142     0.6755933     0.6516242     0.6240436      0.596239     0.5703123     0.5472145     0.5053453     0.4412307     0.3848149             0
             0    -0.5719156    -0.6112922    -0.6441053    -0.6712362    -0.7005175    -0.7325823    -0.7561274    -0.7630872    -0.7594723    -0.7446709    -0.7144998    -0.6573341    -0.5868448    -0.5156248    -0.4477421    -0.3869928    -0.3274218    -0.2697155     -0.213301
    -0.1576877     -0.101299    -0.0456001  9.289615E-03  6.750531E-02     0.1262595     0.1854305     0.2486154     0.3163323     0.3893602     0.4583133     0.5210191     0.5874258     0.6453822      0.692361     0.7358541     0.7733061      0.803438     0.8211218      0.822194
     0.8076363     0.7697766     0.7206337     0.6745818     0.6338102     0.5989481     0.5697843     0.5193306     0.4473993     0.3872613             0
             0    -0.5794191    -0.6238971    -0.6633189     -0.697718    -0.7384646    -0.7898872    -0.8393508     -0.865565    -0.8702083     -0.847031    -0.7974246    -0.7138651    -0.6236833    -0.5403582    -0.4647243    -0.3992068     -0.336216    -0.2759927    -0.2176191
    -0.1603963    -0.1025733 -4.554765E-02  1.065228E-02  7.034805E-02     0.1307787     0.1919649     0.2578245     0.3292573     0.4077013     0.4838989     0.5555143     0.6350558      0.709489      0.773868     0.8385692     0.9011039     0.9586756     0.9956229     0.9772916
     0.9274518     0.8487789     0.7712399     0.7084048     0.6574627      0.616258     0.5830886       0.52728     0.4507995     0.3885881             0
             0    -0.5832935    -0.6306289    -0.6740971     -0.713391    -0.7631047    -0.8333628    -0.9184325    -0.9869371     -1.026131    -0.9683404    -0.8763379    -0.7568326    -0.6476267    -0.5550538    -0.4742721    -0.4058731    -0.3409268    -0.2793151     -0.219887
    -0.1618121    -0.1032378 -4.552078E-02  1.136163E-02  7.183164E-02     0.1331468     0.1954117     0.2627326     0.3362572     0.4178894     0.4986581     0.5763916     0.6660965     0.7556832     0.8391317     0.9329571      1.043347      1.185485         1.376      1.206005
      1.053267     0.9112486     0.8047803     0.7286502     0.6708069      0.625688     0.5901948     0.5314178     0.4525343     0.3892581             0
