-292 -292 -292 -292 -291 -291 -291 -291 -291 -291 -291 -291 -291 -290.5 -290.5 -289 -289 -289 -289 -289 -289 -289 -288 -288 -288 -287 -287 -287 -287 -287 -287 -287 -287 -287 -287 -286 -286 -286 -286 -286 -286 -286 -286 -286 -286 -285 -285 -285 -285 -285 -285
-292 -292 -292 -292 -291 -291 -291 -291 -291 -291 -291 -291 -291 -290.5 -290.5 -289 -289 -289 -289 -289 -289 -289 -288 -288 -288 -287 -287 -287 -287 -287 -287 -287 -287 -287 -287 -286 -286 -286 -286 -286 -286 -286 -286 -286 -286 -285 -285 -285 -285 -285 -285
-292 -292 -292 -292 -291 -291 -291 -291 -291 -291 -291 -291 -291 -290.5 -290.5 -289 -289 -289 -289 -289 -289 -289 -288 -288 -288 -287 -287 -287 -287 -287 -287 -287 -287 -287 -287 -286 -286 -286 -286 -286 -286 -286 -286 -286 -286 -285 -285 -285 -285 -285 -285
-292 -292 -292 -292 -291 -291 -291 -291 -291 -291 -291 -291 -291 -290.5 -290.5 -289 -289 -289 -289 -289 -289 -289 -288 -288 -288 -287 -287 -287 -287 -287 -287 -287 -287 -287 -287 -286 -286 -286 -286 -286 -286 -286 -286 -286 -286 -285 -285 -285 -285 -285 -285
-292 -292 -292 -292 -291 -291 -291 -291 -291 -291 -291 -291 -291 -290.5 -290.5 -289 -289 -289 -289 -289 -289 -289 -288 -288 -288 -287 -287 -287 -287 -287 -287 -287 -287 -287 -287 -286 -286 -286 -286 -286 -286 -286 -286 -286 -286 -285 -285 -285 -285 -285 -285
-292 -292 -292 -292 -291 -291 -291 -291 -291 -291 -291 -291 -291 -290.5 -290.5 -289 -289 -289 -289 -289 -289 -289 -288 -288 -288 -287 -287 -287 -287 -287 -287 -287 -287 -287 -287 -286 -286 -286 -286 -286 -286 -286 -286 -286 -286 -285 -285 -285 -285 -285 -285
-292 -292 -292 -292 -291 -291 -291 -291 -291 -291 -291 -291 -291 -290.5 -290.5 -289 -289 -289 -289 -289 -289 -289 -288 -288 -288 -287 -287 -287 -287 -287 -287 -287 -287 -287 -287 -286 -286 -286 -286 -286 -286 -286 -286 -286 -286 -285 -285 -285 -285 -285 -285
-292 -292 -292 -292 -291 -291 -291 -291 -291 -291 -291 -291 -291 -290.5 -290.5 -289 -289 -289 -289 -289 -289 -289 -288 -288 -288 -287 -287 -287 -287 -287 -287 -287 -287 -287 -287 -286 -286 -286 -286 -286 -286 -286 -286 -286 -286 -285 -285 -285 -285 -285 -285
-292 -292 -292 -292 -291 -291 -291 -291 -291 -291 -291 -291 -291 -290.5 -290.5 -289 -289 -289 -289 -289 -289 -289 -288 -288 -288 -287 -287 -287 -287 -287 -287 -287 -287 -287 -287 -286 -286 -286 -286 -286 -286 -286 -286 -286 -286 -285 -285 -285 -285 -285 -285
-292 -292 -292 -292 -291 -291 -291 -291 -291 -291 -291 -291 -291 -290.5 -290.5 -289 -289 -289 -289 -289 -289 -289 -288 -288 -288 -287 -287 -287 -287 -287 -287 -287 -287 -287 -287 -286 -286 -286 -286 -286 -286 -286 -286 -286 -286 -285 -285 -285 -285 -285 -285
