  6.631299E-03  6.631299E-03  6.631299E-03  6.631299E-03  6.633499E-03  6.633499E-03  6.633499E-03  6.633499E-03  6.633499E-03  6.633499E-03  6.633499E-03  6.633499E-03  6.633499E-03  6.634599E-03  4.983182E-03  4.985045E-03      .9090909      .9090909      .8510638      .8510638
      .8510638      .8510638      .8888889      .8888889      .8888889      .9302326      .9302326      .9302326      .8695652      .8695652      .8695652      .8695652      .8695652      .8695652      .8695652      .9090909      .9090909      .9090909      .9090909      .8510638
      1.355932      1.355932      1.333333      1.333333      1.333333      1.403509      1.403509      1.403509      1.403509      .2150538      .2150538
  6.631299E-03  6.631299E-03  6.631299E-03  6.631299E-03  6.633499E-03  6.633499E-03  6.633499E-03  6.633499E-03  6.633499E-03  6.633499E-03  6.633499E-03  6.633499E-03  6.633499E-03  6.634599E-03  4.983182E-03  4.985045E-03      .9090909      .9090909      .8510638      .8510638
      .8510638      .8510638      .8888889      .8888889      .8888889      .9302326      .9302326      .9302326      .8695652      .8695652      .8695652      .8695652      .8695652      .8695652      .8695652      .9090909      .9090909      .9090909      .9090909      .8510638
      1.355932      1.355932      1.333333      1.333333      1.333333      1.403509      1.403509      1.403509      1.403509      .2150538      .2150538
  6.631299E-03  6.631299E-03  6.631299E-03  6.631299E-03  6.633499E-03  6.633499E-03  6.633499E-03  6.633499E-03  6.633499E-03  6.633499E-03  6.633499E-03  6.633499E-03  6.633499E-03  6.634599E-03  4.983182E-03  4.985045E-03      .9090909      .9090909      .8510638      .8510638
      .8510638      .8510638      .8888889      .8888889      .8888889      .9302326      .9302326      .9302326      .8695652      .8695652      .8695652      .8695652      .8695652      .8695652      .8695652      .9090909      .9090909      .9090909      .9090909      .8510638
      1.355932      1.355932      1.333333      1.333333      1.333333      1.403509      1.403509      1.403509      1.403509      .2150538      .2150538
  6.631299E-03  6.631299E-03  6.631299E-03  6.631299E-03  6.633499E-03  6.633499E-03  6.633499E-03  6.633499E-03  6.633499E-03  6.633499E-03  6.633499E-03  6.633499E-03  6.633499E-03  6.634599E-03  4.983182E-03  4.985045E-03      .9090909      .9090909      .8510638      .8510638
      .8510638      .8510638      .8888889      .8888889      .8888889      .9302326      .9302326      .9302326      .8695652      .8695652      .8695652      .8695652      .8695652      .8695652      .8695652      .9090909      .9090909      .9090909      .9090909      .8510638
      1.355932      1.355932      1.333333      1.333333      1.333333      1.403509      1.403509      1.403509      1.403509      .2150538      .2150538
  6.631299E-03  6.631299E-03  6.631299E-03  6.631299E-03  6.633499E-03  6.633499E-03  6.633499E-03  6.633499E-03  6.633499E-03  6.633499E-03  6.633499E-03  6.633499E-03  6.633499E-03  6.634599E-03  4.983182E-03  4.985045E-03      .9090909      .9090909      .8510638      .8510638
      .8510638      .8510638      .8888889      .8888889      .8888889      .9302326      .9302326      .9302326      .8695652      .8695652      .8695652      .8695652      .8695652      .8695652      .8695652      .9090909      .9090909      .9090909      .9090909      .8510638
      1.355932      1.355932      1.333333      1.333333      1.333333      1.403509      1.403509      1.403509      1.403509      .2150538      .2150538
  6.631299E-03  6.631299E-03  6.631299E-03  6.631299E-03  6.633499E-03  6.633499E-03  6.633499E-03  6.633499E-03  6.633499E-03  6.633499E-03  6.633499E-03  6.633499E-03  6.633499E-03  6.634599E-03  4.983182E-03  4.985045E-03      .9090909      .9090909      .8510638      .8510638
      .8510638      .8510638      .8888889      .8888889      .8888889      .9302326      .9302326      .9302326      .8695652      .8695652      .8695652      .8695652      .8695652      .8695652      .8695652      .9090909      .9090909      .9090909      .9090909      .8510638
      1.355932      1.355932      1.333333      1.333333      1.333333      1.403509      1.403509      1.403509      1.403509      .2150538      .2150538
  6.631299E-03  6.631299E-03  6.631299E-03  6.631299E-03  6.633499E-03  6.633499E-03  6.633499E-03  6.633499E-03  6.633499E-03  6.633499E-03  6.633499E-03  6.633499E-03  6.633499E-03  6.634599E-03  4.983182E-03  4.985045E-03      .9090909      .9090909      .8510638      .8510638
      .8510638      .8510638      .8888889      .8888889      .8888889      .9302326      .9302326      .9302326      .8695652      .8695652      .8695652      .8695652      .8695652      .8695652      .8695652      .9090909      .9090909      .9090909      .9090909      .8510638
      1.355932      1.355932      1.333333      1.333333      1.333333      1.403509      1.403509      1.403509      1.403509      .2150538      .2150538
  6.631299E-03  6.631299E-03  6.631299E-03  6.631299E-03  6.633499E-03  6.633499E-03  6.633499E-03  6.633499E-03  6.633499E-03  6.633499E-03  6.633499E-03  6.633499E-03  6.633499E-03  6.634599E-03  4.983182E-03  4.985045E-03      .9090909      .9090909      .8510638      .8510638
      .8510638      .8510638      .8888889      .8888889      .8888889      .9302326      .9302326      .9302326      .8695652      .8695652      .8695652      .8695652      .8695652      .8695652      .8695652      .9090909      .9090909      .9090909      .9090909      .8510638
      1.355932      1.355932      1.333333      1.333333      1.333333      1.403509      1.403509      1.403509      1.403509      .2150538      .2150538
  6.631299E-03  6.631299E-03  6.631299E-03  6.631299E-03  6.633499E-03  6.633499E-03  6.633499E-03  6.633499E-03  6.633499E-03  6.633499E-03  6.633499E-03  6.633499E-03  6.633499E-03  6.634599E-03  4.983182E-03  4.985045E-03      .9090909      .9090909      .8510638      .8510638
      .8510638      .8510638      .8888889      .8888889      .8888889      .9302326      .9302326      .9302326      .8695652      .8695652      .8695652      .8695652      .8695652      .8695652      .8695652      .9090909      .9090909      .9090909      .9090909      .8510638
      1.355932      1.355932      1.333333      1.333333      1.333333      1.403509      1.403509      1.403509      1.403509      .2150538      .2150538
  6.631299E-03  6.631299E-03  6.631299E-03  6.631299E-03  6.633499E-03  6.633499E-03  6.633499E-03  6.633499E-03  6.633499E-03  6.633499E-03  6.633499E-03  6.633499E-03  6.633499E-03  6.634599E-03  4.983182E-03  4.985045E-03      .9090909      .9090909      .8510638      .8510638
      .8510638      .8510638      .8888889      .8888889      .8888889      .9302326      .9302326      .9302326      .8695652      .8695652      .8695652      .8695652      .8695652      .8695652      .8695652      .9090909      .9090909      .9090909      .9090909      .8510638
      1.355932      1.355932      1.333333      1.333333      1.333333      1.403509      1.403509      1.403509      1.403509      .2150538      .2150538