             6             6             6             6             6             6             6             6             6             6             6             6             6             6             6             6             6             6             6             6
             6             6  1.999467E-03  1.999467E-03  1.999467E-03  1.999467E-03  1.999467E-03  1.999467E-03  1.999467E-03  1.999467E-03  1.999467E-03  1.999467E-03  1.999467E-03  1.999467E-03  1.999467E-03  1.999467E-03  1.999467E-03  1.999467E-03  1.999467E-03  1.999467E-03
  1.999467E-03  1.999467E-03  1.999467E-03  1.999467E-03  1.999467E-03  1.999467E-03  1.999467E-03  1.999467E-03  1.999467E-03  1.999467E-03  1.999467E-03
             6             6             6             6             6             6             6             6             6             6             6             6             6             6             6             6             6             6             6             6
             6             6      .1948052      .1948052      .1948052      .1948052      .1948052      .1948052      .1948052      .1948052      .1948052      .1948052      .1948052      .1948052      .1948052      .1948052      .1948052      .1948052      .1948052      .1948052
      .1948052      .1948052      .1948052      .1948052      .1948052      .1948052      .1948052      .1948052      .1948052      .1948052      .1948052
             6             6             6             6             6             6             6             6             6             6             6             6             6             6             6             6             6             6             6             6
             6             6      .1948052      .1948052      .1948052      .1948052      .1948052      .1948052      .1948052      .1948052      .1948052      .1948052      .1948052      .1948052      .1948052      .1948052      .1948052      .1948052      .1948052      .1948052
      .1948052      .1948052      .1948052      .1948052      .1948052      .1948052      .1948052      .1948052      .1948052      .1948052      .1948052
             6             6             6             6             6             6             6             6             6             6             6             6             6             6             6             6             6             6             6             6
             6             6      .1948052      .1948052      .1948052      .1948052      .1948052      .1948052      .1948052      .1948052      .1948052      .1948052      .1948052      .1948052      .1948052      .1948052      .1948052      .1948052      .1948052      .1948052
      .1948052      .1948052      .1948052      .1948052      .1948052      .1948052      .1948052      .1948052      .1948052      .1948052      .1948052
             6             6             6             6             6             6             6             6             6             6             6             6             6             6             6             6             6             6             6             6
             6             6      .1948052      .1948052      .1948052      .1948052      .1948052      .1948052      .1948052      .1948052      .1948052      .1948052      .1948052      .1948052      .1948052      .1948052      .1948052      .1948052      .1948052      .1948052
      .1948052      .1948052      .1948052      .1948052      .1948052      .1948052      .1948052      .1948052      .1948052      .1948052      .1948052
             6             6             6             6             6             6             6             6             6             6             6             6             6             6             6             6             6             6             6             6
             6             6      .1948052      .1948052      .1948052      .1948052      .1948052      .1948052      .1948052      .1948052      .1948052      .1948052      .1948052      .1948052      .1948052      .1948052      .1948052      .1948052      .1948052      .1948052
      .1948052      .1948052      .1948052      .1948052      .1948052      .1948052      .1948052      .1948052      .1948052      .1948052      .1948052
             6             6             6             6             6             6             6             6             6             6             6             6             6             6             6             6             6             6             6             6
             6             6      .1948052      .1948052      .1948052      .1948052      .1948052      .1948052      .1948052      .1948052      .1948052      .1948052      .1948052      .1948052      .1948052      .1948052      .1948052      .1948052      .1948052      .1948052
      .1948052      .1948052      .1948052      .1948052      .1948052      .1948052      .1948052      .1948052      .1948052      .1948052      .1948052
             6             6             6             6             6             6             6             6             6             6             6             6             6             6             6             6             6             6             6             6
             6             6      .1948052      .1948052      .1948052      .1948052      .1948052      .1948052      .1948052      .1948052      .1948052      .1948052      .1948052      .1948052      .1948052      .1948052      .1948052      .1948052      .1948052      .1948052
      .1948052      .1948052      .1948052      .1948052      .1948052      .1948052      .1948052      .1948052      .1948052      .1948052      .1948052
             6             6             6             6             6             6             6             6             6             6             6             6             6             6             6             6             6             6             6             6
             6             6      .1948052      .1948052      .1948052      .1948052      .1948052      .1948052      .1948052      .1948052      .1948052      .1948052      .1948052      .1948052      .1948052      .1948052      .1948052      .1948052      .1948052      .1948052
      .1948052      .1948052      .1948052      .1948052      .1948052      .1948052      .1948052      .1948052      .1948052      .1948052      .1948052
             6             6             6             6             6             6             6             6             6             6             6             6             6             6             6             6             6             6             6             6
             6             6      .1948052      .1948052      .1948052      .1948052      .1948052      .1948052      .1948052      .1948052      .1948052      .1948052      .1948052      .1948052      .1948052      .1948052      .1948052      .1948052      6.976744      .1948052
      .1948052      .1948052      .1948052      .1948052      .1948052      .1948052      .1948052      .1948052      .1948052      .1948052      .1948052