9.94E-03	9.94E-03	9.94E-03	9.94E-03	9.94E-03	9.94E-03	9.94E-03	9.94E-03	9.94E-03	9.94E-03
9.94E-03	9.94E-03	9.94E-03	9.94E-03	9.94E-03	9.94E-03	9.94E-03	9.94E-03	9.94E-03	9.94E-03
9.94E-03	9.94E-03	9.94E-03	9.94E-03	9.94E-03	9.94E-03	9.94E-03	9.94E-03	9.94E-03	9.94E-03
9.94E-03	9.94E-03	9.94E-03	9.94E-03	9.94E-03	9.94E-03	9.94E-03	9.94E-03	9.94E-03	9.94E-03
9.94E-03	9.94E-03	9.94E-03	9.94E-03	9.94E-03	9.94E-03	9.94E-03	9.94E-03	9.94E-03	9.94E-03
9.94E-03	9.94E-03	9.94E-03	9.94E-03	9.94E-03	9.94E-03	9.94E-03	9.94E-03	9.94E-03	9.94E-03
9.94E-03	9.94E-03	9.94E-03	9.94E-03	9.94E-03	9.94E-03	9.94E-03	9.94E-03	9.94E-03	9.94E-03
9.94E-03	9.94E-03	9.94E-03	9.94E-03	9.94E-03	9.94E-03	9.94E-03	9.94E-03	9.94E-03	9.94E-03
9.94E-03	9.94E-03	9.94E-03	9.94E-03	9.94E-03	9.94E-03	9.94E-03	9.94E-03	9.94E-03	9.94E-03
9.94E-03	9.94E-03	9.94E-03	9.94E-03	9.94E-03	9.94E-03	9.94E-03	9.94E-03	9.94E-03	9.94E-03
9.94E-03	9.94E-03	9.94E-03	9.94E-03	9.94E-03	9.94E-03	9.94E-03	9.94E-03	9.94E-03	9.94E-03
9.94E-03	9.94E-03	9.94E-03	9.94E-03	9.94E-03	9.94E-03	9.94E-03	9.94E-03	9.94E-03	9.94E-03
9.94E-03	9.94E-03	9.94E-03	9.94E-03	9.94E-03	9.94E-03	9.94E-03	9.94E-03	9.94E-03	9.94E-03
9.94E-03	9.94E-03	9.94E-03	9.94E-03	9.94E-03	9.94E-03	9.94E-03	9.94E-03	9.94E-03	9.94E-03
9.94E-03	9.94E-03	9.94E-03	9.94E-03	9.94E-03	9.94E-03	9.94E-03	9.94E-03	9.94E-03	9.94E-03
9.94E-03	9.94E-03	9.94E-03	9.94E-03	9.94E-03	9.94E-03	9.94E-03	9.94E-03	9.94E-03	9.94E-03
9.94E-03	9.94E-03	9.94E-03	9.94E-03	9.94E-03	9.94E-03	9.94E-03	9.94E-03	9.94E-03	9.94E-03
9.94E-03	9.94E-03	9.94E-03	9.94E-03	9.94E-03	9.94E-03	9.94E-03	9.94E-03	9.94E-03	9.94E-03
9.94E-03	9.94E-03	9.94E-03	9.94E-03	9.94E-03	9.94E-03	9.94E-03	9.94E-03	9.94E-03	9.94E-03
9.94E-03	9.94E-03	9.94E-03	9.94E-03	9.94E-03	9.94E-03	9.94E-03	9.94E-03	9.94E-03	9.94E-03
9.94E-03	9.94E-03	9.94E-03	9.94E-03	9.94E-03	9.94E-03	9.94E-03	9.94E-03	9.94E-03	9.94E-03
9.94E-03	9.94E-03	9.94E-03	9.94E-03	9.94E-03	9.94E-03	9.94E-03	9.94E-03	9.94E-03	9.94E-03
9.94E-03	9.94E-03	9.94E-03	9.94E-03	9.94E-03	9.94E-03	9.94E-03	9.94E-03	9.94E-03	9.94E-03
9.94E-03	9.94E-03	9.94E-03	9.94E-03	9.94E-03	9.94E-03	9.94E-03	9.94E-03	9.94E-03	9.94E-03
9.94E-03	9.94E-03	9.94E-03	9.94E-03	9.94E-03	9.94E-03	9.94E-03	9.94E-03	9.94E-03	9.94E-03
9.94E-03	9.94E-03	9.94E-03	9.94E-03	9.94E-03	9.94E-03	9.94E-03	9.94E-03	9.94E-03	9.94E-03
9.94E-03	9.94E-03	9.94E-03	9.94E-03	9.94E-03	9.94E-03	9.94E-03	9.94E-03	9.94E-03	9.94E-03
9.94E-03	9.94E-03	9.94E-03	9.94E-03	9.94E-03	9.94E-03	9.94E-03	9.94E-03	9.94E-03	9.94E-03
9.94E-03	9.94E-03	9.94E-03	9.94E-03	9.94E-03	9.94E-03	9.94E-03	9.94E-03	9.94E-03	9.94E-03
9.94E-03	9.94E-03	9.94E-03	9.94E-03	9.94E-03	9.94E-03	9.94E-03	9.94E-03	9.94E-03	9.94E-03
9.94E-03	9.94E-03	9.94E-03	9.94E-03	9.94E-03	9.94E-03	9.94E-03	9.94E-03	9.94E-03	9.94E-03
9.94E-03	9.94E-03	9.94E-03	9.94E-03	9.94E-03	9.94E-03	9.94E-03	9.94E-03	9.94E-03	9.94E-03
9.94E-03	9.94E-03	9.94E-03	9.94E-03	9.94E-03	9.94E-03	9.94E-03	9.94E-03	9.94E-03	9.94E-03
9.94E-03	9.94E-03	9.94E-03	9.94E-03	9.94E-03	9.94E-03	9.94E-03	9.94E-03	9.94E-03	9.94E-03
9.94E-03	9.94E-03	9.94E-03	9.94E-03	9.94E-03	9.94E-03	9.94E-03	9.94E-03	9.94E-03	9.94E-03
9.94E-03	9.94E-03	9.94E-03	9.94E-03	9.94E-03	9.94E-03	9.94E-03	9.94E-03	9.94E-03	9.94E-03
9.94E-03	9.94E-03	9.94E-03	9.94E-03	9.94E-03	9.94E-03	9.94E-03	9.94E-03	9.94E-03	9.94E-03
9.94E-03	9.94E-03	9.94E-03	9.94E-03	9.94E-03	9.94E-03	9.94E-03	9.94E-03	9.94E-03	9.94E-03
9.94E-03	9.94E-03	9.94E-03	9.94E-03	9.94E-03	9.94E-03	9.94E-03	9.94E-03	9.94E-03	9.94E-03
9.94E-03	9.94E-03	9.94E-03	9.94E-03	9.94E-03	9.94E-03	9.94E-03	9.94E-03	9.94E-03	9.94E-03
9.94E-03	9.94E-03	9.94E-03	9.94E-03	9.94E-03	9.94E-03	9.94E-03	9.94E-03	9.94E-03	9.94E-03
9.94E-03	9.94E-03	9.94E-03	9.94E-03	9.94E-03	9.94E-03	9.94E-03	9.94E-03	9.94E-03	9.94E-03
9.94E-03	9.94E-03	9.94E-03	9.94E-03	9.94E-03	9.94E-03	9.94E-03	9.94E-03	9.94E-03	9.94E-03
9.94E-03	9.94E-03	9.94E-03	9.94E-03	9.94E-03	9.94E-03	9.94E-03	9.94E-03	9.94E-03	9.94E-03
9.94E-03	9.94E-03	9.94E-03	9.94E-03	9.94E-03	9.94E-03	9.94E-03	9.94E-03	9.94E-03	9.94E-03
9.94E-03	9.94E-03	9.94E-03	9.94E-03	9.94E-03	9.94E-03	9.94E-03	9.94E-03	9.94E-03	9.94E-03
9.94E-03	9.94E-03	9.94E-03	9.94E-03	9.94E-03	9.94E-03	9.94E-03	9.94E-03	9.94E-03	9.94E-03
9.94E-03	9.94E-03	9.94E-03	9.94E-03	9.94E-03	9.94E-03	9.94E-03	9.94E-03	9.94E-03	9.94E-03
9.94E-03	9.94E-03	9.94E-03	9.94E-03	9.94E-03	9.94E-03	9.94E-03	9.94E-03	9.94E-03	9.94E-03
9.94E-03	9.94E-03	9.94E-03	9.94E-03	9.94E-03	9.94E-03	9.94E-03	9.94E-03	9.94E-03	9.94E-03
9.94E-03	9.94E-03	9.94E-03	9.94E-03	9.94E-03	9.94E-03	9.94E-03	9.94E-03	9.94E-03	9.94E-03
