           7.5           7.5           7.5           7.5           7.5           7.5           7.5           7.5           7.5           7.5           7.5           7.5           7.5           7.5           7.5           7.5           7.5           7.5           7.5           7.5
           7.5           7.5      .0019996      .0019996      .0019996      .0019996      .0019996      .0019996      .0019996      .0019996      .0019996      .0019996      .0019996      .0019996      .0019996      .0019996      .0019996      .0019996      .0019996      .0019996
      .0019996      .0019996      .0019996      .0019996      .0019996      .0019996      .0019996      .0019996      .0019996      .0019996      .0019996
           7.5           7.5           7.5           7.5           7.5           7.5           7.5           7.5           7.5           7.5           7.5           7.5           7.5           7.5           7.5           7.5           7.5           7.5           7.5           7.5
           7.5           7.5      .1960784      .1960784      .1960784      .1960784      .1960784      .1960784      .1960784      .1960784      .1960784      .1960784      .1960784      .1960784      .1960784      .1960784      .1960784      .1960784      .1960784      .1960784
      .1960784      .1960784      .1960784      .1960784      .1960784      .1960784      .1960784      .1960784      .1960784      .1960784      .1960784
           7.5           7.5           7.5           7.5           7.5           7.5           7.5           7.5           7.5           7.5           7.5           7.5           7.5           7.5           7.5           7.5           7.5           7.5           7.5           7.5
           7.5           7.5      .1960784      .1960784      .1960784      .1960784      .1960784      .1960784      .1960784      .1960784      .1960784      .1960784      .1960784      .1960784      .1960784      .1960784      .1960784      .1960784      .1960784      .1960784
      .1960784      .1960784      .1960784      .1960784      .1960784      .1960784      .1960784      .1960784      .1960784      .1960784      .1960784
           7.5           7.5           7.5           7.5           7.5           7.5           7.5           7.5           7.5           7.5           7.5           7.5           7.5           7.5           7.5           7.5           7.5           7.5           7.5           7.5
           7.5           7.5      .1960784      .1960784      .1960784      .1960784      .1960784      .1960784      .1960784      .1960784      .1960784      .1960784      .1960784      .1960784      .1960784      .1960784      .1960784      .1960784      .1960784      .1960784
      .1960784      .1960784      .1960784      .1960784      .1960784      .1960784      .1960784      .1960784      .1960784      .1960784      .1960784
           7.5           7.5           7.5           7.5           7.5           7.5           7.5           7.5           7.5           7.5           7.5           7.5           7.5           7.5           7.5           7.5           7.5           7.5           7.5           7.5
           7.5           7.5      .1960784      .1960784      .1960784      .1960784      .1960784      .1960784      .1960784      .1960784      .1960784      .1960784      .1960784      .1960784      .1960784      .1960784      .1960784      .1960784      .1960784      .1960784
      .1960784      .1960784      .1960784      .1960784      .1960784      .1960784      .1960784      .1960784      .1960784      .1960784      .1960784
           7.5           7.5           7.5           7.5           7.5           7.5           7.5           7.5           7.5           7.5           7.5           7.5           7.5           7.5           7.5           7.5           7.5           7.5           7.5           7.5
           7.5           7.5      .1960784      .1960784      .1960784      .1960784      .1960784      .1960784      .1960784      .1960784      .1960784      .1960784      .1960784      .1960784      .1960784      .1960784      .1960784      .1960784      .1960784      .1960784
      .1960784      .1960784      .1960784      .1960784      .1960784      .1960784      .1960784      .1960784      .1960784      .1960784      .1960784
           7.5           7.5           7.5           7.5           7.5           7.5           7.5           7.5           7.5           7.5           7.5           7.5           7.5           7.5           7.5           7.5           7.5           7.5           7.5           7.5
           7.5           7.5      .1960784      .1960784      .1960784      .1960784      .1960784      .1960784      .1960784      .1960784      .1960784      .1960784      .1960784      .1960784      .1960784      .1960784      .1960784      .1960784      .1960784      .1960784
      .1960784      .1960784      .1960784      .1960784      .1960784      .1960784      .1960784      .1960784      .1960784      .1960784      .1960784
           7.5           7.5           7.5           7.5           7.5           7.5           7.5           7.5           7.5           7.5           7.5           7.5           7.5           7.5           7.5           7.5           7.5           7.5           7.5           7.5
           7.5           7.5      .1960784      .1960784      .1960784      .1960784      .1960784      .1960784      .1960784      .1960784      .1960784      .1960784      .1960784      .1960784      .1960784      .1960784      .1960784      .1960784      .1960784      .1960784
      .1960784      .1960784      .1960784      .1960784      .1960784      .1960784      .1960784      .1960784      .1960784      .1960784      .1960784
           7.5           7.5           7.5           7.5           7.5           7.5           7.5           7.5           7.5           7.5           7.5           7.5           7.5           7.5           7.5           7.5           7.5           7.5           7.5           7.5
           7.5           7.5      .1960784      .1960784      .1960784      .1960784      .1960784      .1960784      .1960784      .1960784      .1960784      .1960784      .1960784      .1960784      .1960784      .1960784      .1960784      .1960784      .1960784      .1960784
      .1960784      .1960784      .1960784      .1960784      .1960784      .1960784      .1960784      .1960784      .1960784      .1960784      .1960784
           7.5           7.5           7.5           7.5           7.5           7.5           7.5           7.5           7.5           7.5           7.5           7.5           7.5           7.5           7.5           7.5           7.5           7.5           7.5           7.5
           7.5           7.5      .1960784      .1960784      .1960784      .1960784      .1960784      .1960784      .1960784      .1960784      .1960784      .1960784      .1960784      .1960784      .1960784      .1960784      .1960784      .1960784      9.090909      .1960784
      .1960784      .1960784      .1960784      .1960784      .1960784      .1960784      .1960784      .1960784      .1960784      .1960784      .1960784