 51            10 
             0 -1.416315E-03  1.467463E-04       0.00134  2.271661E-03  3.337713E-03  4.535519E-03   5.69592E-03  6.583287E-03  7.323679E-03  8.093967E-03     0.0090934     0.0105672  1.236017E-02  1.425547E-02  1.624637E-02     0.0183257  2.048589E-02  2.271903E-02  2.501688E-02
  2.737094E-02  2.977239E-02  3.221216E-02  3.468086E-02  3.716894E-02  3.966685E-02  4.216515E-02  4.465457E-02  4.712611E-02  4.957113E-02  5.168005E-02  5.346427E-02  5.522189E-02  5.666193E-02  5.779977E-02  5.892261E-02     0.0600297     0.0611203  6.219372E-02  6.324929E-02
  6.454568E-02  6.631026E-02  6.824645E-02     0.0700985  7.186333E-02  7.353837E-02  7.512155E-02  7.810106E-02  8.351267E-02  8.853304E-02             0
             0  -1.68422E-03 -1.131726E-04  1.087524E-03  2.025407E-03  3.098999E-03  4.305709E-03  5.475121E-03  6.369582E-03      0.007116  7.892665E-03  8.900503E-03  1.038697E-02  1.219575E-02  1.410813E-02  1.611728E-02  1.821594E-02  2.039643E-02     0.0226507  2.497037E-02
  2.734676E-02     0.0297709  3.223353E-02  3.472507E-02  3.723577E-02  3.975589E-02  4.227579E-02  4.478599E-02  4.727732E-02  4.974094E-02  5.186497E-02  5.366129E-02  5.543014E-02  5.687876E-02  5.802304E-02  5.915188E-02  6.026453E-02  6.136024E-02  6.243831E-02  6.349808E-02
  6.479916E-02  6.656912E-02  6.850971E-02  7.036448E-02  7.213047E-02  7.380521E-02  7.538679E-02  7.836079E-02  8.374871E-02  8.872051E-02             0
             0 -5.857192E-03 -4.169053E-03 -2.856453E-03    -0.0018242 -6.353999E-04  7.081809E-04  2.016804E-03  3.021236E-03  3.861256E-03  4.737133E-03  5.875958E-03  7.560267E-03  9.616564E-03  1.179687E-02  1.409303E-02  1.649616E-02  1.899671E-02  2.158455E-02  2.424901E-02
  2.697892E-02  2.976265E-02  3.258811E-02  3.544264E-02  3.831331E-02  4.118711E-02  4.405108E-02     0.0468925      0.049699     0.0524587  5.482264E-02  5.681106E-02  5.875751E-02  6.034137E-02  6.158681E-02  6.280962E-02  6.400889E-02  6.518382E-02  6.633364E-02  6.745769E-02
  6.882977E-02  7.067975E-02  7.268299E-02  7.457305E-02  7.634878E-02  7.800996E-02  7.955714E-02  8.242593E-02  8.740544E-02  9.158807E-02             0
             0 -9.195546E-03 -7.463829E-03 -6.090451E-03 -5.001453E-03 -3.737733E-03 -2.299373E-03 -8.892611E-04  1.979822E-04  1.109844E-03  2.063195E-03   3.30591E-03  5.150388E-03  7.411671E-03  9.817878E-03  1.235945E-02  1.502583E-02  1.780558E-02  2.068654E-02  2.365592E-02
  2.670036E-02  2.980593E-02  3.295807E-02  3.614144E-02     0.0393402  4.253824E-02  4.571933E-02  4.886724E-02  5.196596E-02  5.499987E-02  5.758471E-02  5.974848E-02  6.185489E-02  6.355818E-02  6.489138E-02  6.619389E-02  6.746465E-02  6.870265E-02  6.990709E-02  7.107727E-02
  7.249648E-02  7.439066E-02  7.641274E-02  7.829246E-02  8.003182E-02  8.163415E-02  8.310372E-02     0.0857872  9.024234E-02  9.365062E-02             0
             0 -1.144417E-02 -9.725116E-03 -8.335733E-03 -7.224936E-03 -5.925896E-03 -4.436486E-03 -2.966317E-03 -1.827385E-03 -8.693552E-04  1.350424E-04  1.447683E-03  3.402805E-03  5.809325E-03  8.378288E-03  1.109852E-02  1.395769E-02  1.694256E-02  2.003928E-02  2.323351E-02
  2.651046E-02  2.985483E-02     0.0332507  3.668119E-02  4.012879E-02  4.357542E-02  4.700256E-02  5.039131E-02  5.372246E-02  5.697668E-02  5.974007E-02  6.204554E-02  6.428046E-02  6.607834E-02  6.747995E-02  6.884324E-02  7.016676E-02  7.144929E-02  7.268989E-02     0.0738878
  7.533127E-02  7.723815E-02  7.924467E-02     0.0810826  8.275847E-02  8.428025E-02  8.565669E-02     0.0881367  9.211065E-02  9.493212E-02             0
             0 -1.291322E-02 -1.123179E-02 -9.850733E-03  -8.73846E-03 -7.428409E-03 -5.915921E-03 -4.412998E-03 -3.243246E-03 -2.256438E-03 -1.219074E-03  1.400117E-04  2.170953E-03   4.67957E-03  7.364337E-03  1.021213E-02     0.0132087  1.633918E-02  1.958839E-02  2.294095E-02
  2.638135E-02  2.989378E-02  3.346185E-02  3.706821E-02  4.069474E-02     0.0443226     0.0479322  5.150306E-02  5.501376E-02  5.844195E-02  6.134918E-02  6.377015E-02  6.611041E-02  6.798562E-02  6.944261E-02  7.085417E-02  7.221829E-02  7.353334E-02  7.479808E-02  7.601172E-02
  7.746447E-02  7.936354E-02  8.133323E-02  8.311218E-02  8.471292E-02  8.614895E-02  8.743357E-02  8.972499E-02  9.331141E-02  9.572211E-02             0
             0 -1.367463E-02 -1.202738E-02 -1.066128E-02 -9.555955E-03 -8.247954E-03 -6.730445E-03 -5.214976E-03 -4.031136E-03 -3.030144E-03 -1.975621E-03 -5.913933E-04  1.482172E-03  4.049486E-03  6.801031E-03  9.721866E-03  1.279627E-02  1.600827E-02  1.934198E-02  2.278162E-02
  2.631149E-02  2.991578E-02  3.357821E-02  3.728153E-02  4.100773E-02  4.473802E-02  4.845271E-02  5.213098E-02  5.575065E-02  5.928794E-02  6.228866E-02     0.0647867  6.719896E-02  6.912787E-02  7.062346E-02  7.206837E-02  7.345983E-02  7.479554E-02  7.607386E-02  7.729383E-02
  7.874567E-02  8.062652E-02  8.255496E-02  8.427913E-02  8.581753E-02  8.718814E-02  8.840734E-02     0.0905717  9.392655E-02  9.611551E-02             0
             0 -1.400568E-02 -1.237658E-02 -1.101967E-02 -9.919493E-03 -8.614738E-03  -7.09738E-03  -5.57808E-03 -4.388805E-03  -3.38188E-03 -2.319787E-03 -9.240911E-04  1.169423E-03  3.764374E-03   6.54712E-03  9.501697E-03  1.261165E-02  1.586054E-02     0.0192322  2.271074E-02
  2.628046E-02  2.992562E-02  3.363007E-02  3.737669E-02  4.114762E-02  4.492422E-02     0.0486869  5.241489E-02  5.608588E-02  5.967572E-02  6.272277E-02  6.525998E-02  6.770988E-02     0.0696677     0.0711844  7.264777E-02  7.405432E-02  7.540113E-02  7.668601E-02  7.790785E-02
  7.935642E-02  8.122266E-02  8.312409E-02  8.481586E-02  8.631986E-02  8.765617E-02  8.884239E-02  9.094468E-02  9.419262E-02  9.628361E-02             0
             0 -1.418579E-02 -1.256749E-02 -1.121641E-02 -1.011971E-02  -8.81754E-03 -7.301159E-03 -5.780476E-03 -4.588562E-03 -3.578509E-03 -2.512229E-03 -1.110016E-03  9.949981E-04  3.605824E-03  6.406317E-03  9.379899E-03  1.250972E-02     0.0157791  1.917175E-02  2.267174E-02
     0.0262634  2.993104E-02  3.365861E-02  3.742909E-02  4.122473E-02      0.045027  4.881644E-02  5.257235E-02  5.627244E-02  5.989247E-02  6.296661E-02  6.552713E-02  6.799996E-02     0.0699759  7.150611E-02  7.298151E-02  7.439809E-02  7.575223E-02  7.704116E-02  7.826347E-02
  7.970853E-02  8.156332E-02  8.344608E-02  8.511694E-02  8.659969E-02  8.791547E-02  8.908237E-02  9.114891E-02  9.433702E-02  9.637433E-02             0
             0 -1.427694E-02 -1.266441E-02 -1.131657E-02 -1.022189E-02 -8.921354E-03 -7.405866E-03 -5.884848E-03 -4.691785E-03 -3.680212E-03 -2.611761E-03 -1.206074E-03  9.051075E-04   3.52435E-03  6.334137E-03  9.317582E-03  1.245764E-02  1.573754E-02  1.914093E-02  2.265186E-02
     0.0262547     0.0299338  3.367316E-02     0.0374558  4.126407E-02     0.0450795  4.888269E-02  5.265301E-02  5.636824E-02  6.000411E-02  6.309269E-02  6.566582E-02  6.815132E-02  7.013758E-02  7.167572E-02  7.315845E-02  7.458136E-02     0.0759403  7.723179E-02     0.0784538
  7.989568E-02  8.174242E-02  8.361372E-02  8.527256E-02  8.674356E-02  8.804826E-02  8.920491E-02  9.125269E-02  9.440998E-02       0.09642             0
