 51            10 
             0  1.840591E-02  1.965564E-02  2.034222E-02     0.0208583  2.144052E-02     0.0220905  2.271784E-02  2.319662E-02  2.359565E-02  2.401039E-02  2.454804E-02  2.533997E-02  2.630214E-02  2.731813E-02  2.838439E-02  2.949715E-02  3.065244E-02  3.184608E-02  3.307374E-02
  3.433094E-02  3.561305E-02  3.691527E-02  3.823271E-02     0.0395604  4.089334E-02  4.222659E-02     0.0435553  4.487475E-02  4.618036E-02  4.730687E-02  4.826019E-02  4.919957E-02  4.996945E-02  5.057791E-02  5.117849E-02  5.177078E-02     0.0523544  5.292897E-02  5.349413E-02
  5.418842E-02  5.513382E-02  5.617176E-02  5.716515E-02     0.0581123  5.901174E-02  5.986229E-02  6.146362E-02  6.436945E-02     0.0666229             0
             0  1.827363E-02  1.952491E-02  2.021509E-02  2.073429E-02  2.132033E-02  2.197482E-02  2.260672E-02  2.308909E-02  2.349117E-02  2.390914E-02  2.445104E-02  2.524936E-02  2.621952E-02  2.724413E-02  2.831959E-02     0.0294421  3.060761E-02     0.0318119  3.305056E-02
  3.431901E-02  3.561253E-02  3.692627E-02  3.825522E-02     0.0395943  4.093842E-02  4.228254E-02  4.362172E-02  4.495113E-02  4.626612E-02  4.740024E-02  4.835965E-02     0.0493047  5.007891E-02  5.069062E-02  5.129423E-02  5.188933E-02  5.247553E-02  5.305245E-02  5.361975E-02
  5.431641E-02  5.526456E-02  5.630474E-02  5.729955E-02  5.824732E-02  5.914665E-02  5.999644E-02  6.159508E-02  6.448915E-02  6.671771E-02             0
             0  1.621377E-02  1.748555E-02  1.822976E-02  1.879633E-02     0.0194407  2.016454E-02  2.086693E-02  2.140494E-02  2.185436E-02  2.232247E-02  2.293055E-02  2.382878E-02  2.492384E-02  2.608357E-02  2.730371E-02  2.857965E-02     0.0299064  3.127868E-02  3.269093E-02
  3.413735E-02  3.561184E-02  3.710813E-02  3.861967E-02     0.0401398     0.0416618  4.317899E-02  4.468477E-02  4.617273E-02  4.763671E-02     0.0488916  4.994776E-02  5.098229E-02  5.182471E-02  5.248745E-02  5.313849E-02  5.377737E-02  5.440363E-02  5.501689E-02  5.561677E-02
     0.0563495  5.733845E-02  5.841084E-02  5.942415E-02  6.037762E-02  6.127096E-02  6.210428E-02  6.365167E-02  6.634349E-02     0.0681687             0
             0  1.457119E-02  1.583528E-02  1.660871E-02  1.720401E-02  1.788654E-02  1.865857E-02  1.941238E-02  1.999225E-02  2.047794E-02  2.098511E-02  2.164552E-02     0.0226243  2.382231E-02  2.509538E-02  2.643858E-02  2.784644E-02  2.931305E-02  3.083215E-02     0.0323971
  3.400097E-02  3.563654E-02  3.729627E-02  3.897227E-02  4.065644E-02  4.234051E-02  4.401616E-02  4.567507E-02      0.047309  4.890995E-02  5.027521E-02  5.141901E-02  5.253353E-02  5.343572E-02  5.414243E-02  5.483347E-02  5.550825E-02  5.616627E-02     0.0568071  5.743036E-02
  5.818709E-02  5.919887E-02  6.028167E-02  6.129089E-02  6.222732E-02     0.0630924  6.388805E-02  6.534494E-02  6.777801E-02  6.921098E-02             0
             0  1.346792E-02  1.470706E-02  1.548836E-02  1.609522E-02  1.679626E-02  1.759462E-02  1.837905E-02  1.898509E-02  1.949407E-02  2.002692E-02     0.0207224  2.175653E-02      0.023027  2.438115E-02  2.581327E-02  2.731707E-02  2.888579E-02  3.051229E-02  3.218919E-02
  3.390883E-02  3.566328E-02  3.744427E-02  3.924318E-02  4.105103E-02  4.285856E-02  4.465628E-02  4.643454E-02  4.818353E-02  4.989342E-02  5.134688E-02  5.256066E-02  5.373866E-02  5.468762E-02     0.0554282  5.614937E-02  5.685039E-02  5.753065E-02  5.818965E-02      0.058827
     0.0595963  6.061532E-02  6.169173E-02  6.268169E-02  6.358812E-02  6.441468E-02  6.516544E-02     0.0665237     0.0687206  6.985797E-02             0
             0  1.274884E-02  1.395819E-02  1.473605E-02  1.534464E-02  1.605229E-02  1.686319E-02  1.766465E-02     0.0182864  1.880991E-02  1.935929E-02  2.007793E-02  2.114964E-02  2.247049E-02  2.388169E-02  2.537667E-02  2.694825E-02  2.858887E-02  3.029078E-02  3.204607E-02
  3.384668E-02  3.568439E-02  3.755068E-02  3.943662E-02     0.0413329  4.322986E-02  4.511743E-02     0.0469851  4.882197E-02  5.061671E-02  5.214007E-02  5.340983E-02     0.0546388  5.562514E-02  5.639252E-02  5.713709E-02  5.785789E-02  5.855412E-02  5.922516E-02  5.987059E-02
  6.064512E-02  6.166166E-02  6.272193E-02  6.368499E-02  6.455649E-02  6.534266E-02  6.604975E-02  6.731756E-02  6.932534E-02  7.025658E-02             0
             0  1.237684E-02  1.356419E-02  1.433561E-02  1.494177E-02  1.564956E-02  1.646405E-02  1.727249E-02  1.790159E-02     0.0184323  1.899023E-02  1.972125E-02  2.081369E-02  2.216294E-02  2.360647E-02  2.513691E-02  2.674643E-02  2.842696E-02  3.017037E-02  3.196853E-02
  3.381326E-02  3.569632E-02  3.760916E-02  3.954289E-02  4.148821E-02  4.343541E-02  4.537433E-02  4.729421E-02     0.0491837  5.103068E-02  5.259839E-02  5.390444E-02  5.516703E-02     0.0561783  5.696354E-02  5.772355E-02  5.845706E-02  5.916303E-02  5.984069E-02  6.048957E-02
  6.126452E-02  6.227407E-02  6.331687E-02  6.425583E-02  6.509919E-02  6.585523E-02  6.653173E-02  6.773937E-02  6.963474E-02      0.070455             0
             0  1.221524E-02     0.0133916  1.415908E-02  1.476333E-02  1.547026E-02  1.628545E-02  1.709634E-02  1.772838E-02  1.826213E-02  1.882381E-02  1.956037E-02     0.0206623  2.202465E-02  2.348305E-02  2.502969E-02     0.0266564  2.835489E-02  3.011686E-02  3.193412E-02
  3.379847E-02  3.570165E-02  3.763519E-02  3.959022E-02     0.0415575  4.352735E-02  4.548962E-02  4.743354E-02  4.934761E-02  5.121946E-02  5.280875E-02  5.413278E-02  5.541239E-02     0.0564365  5.723102E-02  5.799908E-02  5.873917E-02  5.945005E-02  6.013078E-02  6.078087E-02
  6.155506E-02  6.255931E-02  6.359126E-02  6.451646E-02  6.534467E-02  6.608518E-02  6.674642E-02  6.792489E-02     0.0697685  7.053977E-02             0
             0  1.212736E-02  1.329733E-02  1.406234E-02  1.466528E-02  1.537144E-02  1.618671E-02  1.699873E-02  1.763228E-02  1.816765E-02  1.873138E-02  1.947103E-02  2.057831E-02  2.194805E-02  2.341481E-02  2.497051E-02  2.660679E-02  2.831522E-02  3.008744E-02  3.191521E-02
  3.379034E-02  3.570459E-02  3.764951E-02  3.961626E-02  4.159566E-02  4.357805E-02  4.555332E-02  4.751069E-02  4.943863E-02  5.132466E-02  5.292643E-02      0.054261  5.555072E-02  5.658258E-02  5.738277E-02  5.815579E-02  5.889994E-02  5.961381E-02  6.029633E-02  6.094693E-02
  6.172027E-02  6.272065E-02  6.374542E-02  6.466199E-02  6.548098E-02     0.0662123  6.686466E-02  6.802639E-02  6.984106E-02  7.058551E-02             0
             0     0.0120829     0.0132495  1.401314E-02  1.461533E-02  1.532099E-02  1.613618E-02  1.694867E-02  1.758294E-02  1.811912E-02  1.868389E-02  1.942514E-02  2.053522E-02  2.190882E-02  2.337991E-02  2.494028E-02  2.658147E-02  2.829499E-02  3.007245E-02  3.190558E-02
  3.378621E-02  3.570609E-02     0.0376568  3.962954E-02  4.161512E-02  4.360393E-02  4.558586E-02  4.755017E-02     0.0494853  5.137874E-02  5.298709E-02  5.432728E-02  5.562246E-02  5.665859E-02  5.746194E-02  5.823775E-02  5.898423E-02     0.0596998  6.038329E-02  6.103407E-02
  6.180673E-02  6.280464E-02  6.382521E-02  6.473694E-02  6.555092E-02     0.0662773  6.692497E-02  6.807794E-02  6.987773E-02  7.060854E-02             0
