 51            10 
             0  1.840592E-02  1.965565E-02  2.034223E-02  2.085831E-02  2.144054E-02  2.209051E-02  2.271785E-02  2.319663E-02  2.359566E-02     0.0240104  2.454805E-02  2.533998E-02  2.630216E-02  2.731815E-02  2.838441E-02  2.949717E-02  3.065245E-02  3.184609E-02  3.307375E-02
  3.433095E-02  3.561306E-02  3.691528E-02  3.823273E-02  3.956041E-02  4.089335E-02  4.222661E-02  4.355532E-02  4.487476E-02  4.618038E-02  4.730688E-02     0.0482602  4.919958E-02  4.996946E-02  5.057792E-02     0.0511785     0.0517708  5.235441E-02  5.292898E-02  5.349414E-02
  5.418843E-02  5.513383E-02  5.617177E-02  5.716517E-02  5.811231E-02  5.901176E-02     0.0598623  6.146364E-02  6.436946E-02  6.662291E-02             0
             0  1.827364E-02  1.952492E-02     0.0202151     0.0207343  2.132034E-02  2.197483E-02  2.260673E-02     0.0230891  2.349119E-02  2.390915E-02  2.445105E-02  2.524938E-02  2.621953E-02  2.724414E-02  2.831961E-02  2.944211E-02  3.060763E-02  3.181192E-02  3.305057E-02
  3.431902E-02  3.561255E-02  3.692628E-02  3.825523E-02  3.959431E-02  4.093843E-02  4.228256E-02  4.362173E-02  4.495114E-02  4.626613E-02  4.740025E-02  4.835967E-02  4.930471E-02  5.007892E-02  5.069063E-02  5.129424E-02  5.188935E-02  5.247554E-02  5.305247E-02  5.361976E-02
  5.431642E-02  5.526457E-02  5.630476E-02  5.729956E-02  5.824733E-02  5.914667E-02  5.999645E-02  6.159509E-02  6.448916E-02  6.671773E-02             0
             0  1.621378E-02  1.748556E-02  1.822977E-02  1.879635E-02  1.944071E-02  2.016455E-02  2.086694E-02  2.140495E-02  2.185437E-02  2.232249E-02  2.293056E-02  2.382879E-02  2.492385E-02  2.608358E-02  2.730373E-02  2.857966E-02  2.990641E-02  3.127869E-02  3.269095E-02
  3.413736E-02  3.561186E-02  3.710814E-02  3.861968E-02  4.013981E-02  4.166182E-02      0.043179  4.468478E-02  4.617274E-02  4.763673E-02  4.889162E-02  4.994778E-02  5.098231E-02  5.182472E-02  5.248746E-02  5.313851E-02  5.377738E-02  5.440364E-02     0.0550169  5.561678E-02
  5.634952E-02  5.733846E-02  5.841086E-02  5.942417E-02  6.037763E-02  6.127097E-02  6.210429E-02  6.365168E-02     0.0663435  6.816871E-02             0
             0     0.0145712  1.583529E-02  1.660872E-02  1.720402E-02  1.788655E-02  1.865858E-02  1.941239E-02  1.999226E-02  2.047795E-02  2.098512E-02  2.164553E-02  2.262431E-02  2.382232E-02     0.0250954  2.643859E-02  2.784645E-02  2.931307E-02  3.083216E-02  3.239711E-02
  3.400099E-02  3.563656E-02  3.729628E-02  3.897228E-02  4.065645E-02  4.234052E-02  4.401617E-02  4.567508E-02  4.730901E-02  4.890997E-02  5.027523E-02  5.141902E-02  5.253354E-02  5.343574E-02  5.414245E-02  5.483348E-02  5.550826E-02  5.616629E-02  5.680711E-02  5.743037E-02
     0.0581871  5.919889E-02  6.028168E-02     0.0612909  6.222733E-02  6.309241E-02  6.388807E-02  6.534496E-02  6.777803E-02  6.921098E-02             0
             0  1.346793E-02  1.470707E-02  1.548837E-02  1.609523E-02  1.679627E-02  1.759463E-02  1.837906E-02     0.0189851  1.949408E-02  2.002693E-02  2.072241E-02  2.175655E-02  2.302702E-02  2.438116E-02  2.581329E-02  2.731708E-02     0.0288858     0.0305123     0.0321892
  3.390884E-02  3.566329E-02  3.744429E-02     0.0392432  4.105104E-02  4.285857E-02     0.0446563  4.643455E-02  4.818354E-02  4.989344E-02  5.134689E-02  5.256068E-02  5.373867E-02  5.468763E-02  5.542821E-02  5.614938E-02     0.0568504  5.753067E-02  5.818966E-02  5.882701E-02
  5.959631E-02  6.061533E-02  6.169174E-02     0.0626817  6.358813E-02  6.441469E-02  6.516545E-02  6.652371E-02  6.872062E-02  6.985798E-02             0
             0  1.274885E-02     0.0139582  1.473606E-02  1.534465E-02     0.0160523     0.0168632  1.766466E-02  1.828641E-02  1.880992E-02     0.0193593  2.007794E-02  2.114965E-02     0.0224705  2.388171E-02  2.537668E-02  2.694826E-02  2.858888E-02  3.029079E-02  3.204608E-02
  3.384669E-02  3.568441E-02  3.755069E-02  3.943663E-02  4.133292E-02  4.322988E-02  4.511744E-02  4.698512E-02  4.882199E-02  5.061672E-02  5.214008E-02  5.340984E-02  5.463881E-02  5.562515E-02  5.639253E-02     0.0571371     0.0578579  5.855413E-02  5.922517E-02  5.987061E-02
  6.064514E-02  6.166168E-02  6.272195E-02  6.368501E-02  6.455651E-02  6.534267E-02  6.604975E-02  6.731758E-02  6.932536E-02  7.025659E-02             0
             0  1.237685E-02  1.356421E-02  1.433562E-02  1.494178E-02  1.564957E-02  1.646406E-02     0.0172725     0.0179016  1.843231E-02  1.899024E-02  1.972126E-02  2.081371E-02  2.216296E-02  2.360648E-02  2.513693E-02  2.674644E-02  2.842697E-02  3.017038E-02  3.196854E-02
  3.381328E-02  3.569633E-02  3.760917E-02     0.0395429  4.148822E-02  4.343542E-02  4.537434E-02  4.729423E-02  4.918371E-02     0.0510307  5.259841E-02  5.390445E-02  5.516705E-02  5.617831E-02  5.696355E-02  5.772356E-02  5.845708E-02  5.916305E-02  5.984071E-02  6.048958E-02
  6.126453E-02  6.227408E-02  6.331689E-02  6.425584E-02     0.0650992  6.585525E-02  6.653174E-02  6.773939E-02  6.963476E-02  7.045501E-02             0
             0  1.221526E-02  1.339161E-02  1.415909E-02  1.476334E-02  1.547027E-02  1.628546E-02  1.709635E-02  1.772839E-02  1.826214E-02  1.882382E-02  1.956038E-02  2.066232E-02  2.202467E-02  2.348306E-02     0.0250297  2.665642E-02     0.0283549  3.011687E-02  3.193413E-02
  3.379848E-02  3.570167E-02     0.0376352  3.959023E-02  4.155751E-02  4.352736E-02  4.548964E-02  4.743355E-02  4.934762E-02  5.121947E-02  5.280876E-02  5.413279E-02     0.0554124  5.643651E-02  5.723103E-02  5.799909E-02  5.873919E-02  5.945006E-02  6.013079E-02  6.078088E-02
  6.155507E-02  6.255932E-02  6.359127E-02  6.451648E-02  6.534468E-02     0.0660852  6.674644E-02     0.0679249  6.976851E-02  7.053978E-02             0
             0  1.212737E-02  1.329734E-02  1.406235E-02  1.466529E-02  1.537145E-02  1.618672E-02  1.699874E-02  1.763229E-02  1.816766E-02  1.873139E-02  1.947104E-02  2.057832E-02  2.194807E-02  2.341482E-02  2.497052E-02     0.0266068  2.831523E-02  3.008745E-02  3.191522E-02
  3.379035E-02  3.570461E-02  3.764952E-02  3.961628E-02  4.159567E-02  4.357807E-02  4.555333E-02     0.0475107  4.943864E-02  5.132467E-02  5.292645E-02  5.426101E-02  5.555073E-02     0.0565826  5.738278E-02     0.0581558  5.889996E-02  5.961382E-02  6.029634E-02  6.094694E-02
  6.172028E-02  6.272066E-02  6.374544E-02      0.064662      0.065481  6.621231E-02  6.686468E-02     0.0680264  6.984108E-02  7.058552E-02             0
             0  1.208291E-02  1.324951E-02  1.401315E-02  1.461534E-02      0.015321  1.613619E-02  1.694868E-02  1.758295E-02  1.811913E-02  1.868391E-02  1.942515E-02  2.053523E-02  2.190883E-02  2.337992E-02  2.494029E-02  2.658148E-02      0.028295  3.007246E-02     0.0319056
  3.378622E-02     0.0357061  3.765681E-02  3.962955E-02  4.161513E-02  4.360394E-02  4.558588E-02  4.755018E-02  4.948531E-02  5.137875E-02  5.298711E-02  5.432729E-02  5.562247E-02  5.665861E-02  5.746195E-02  5.823776E-02  5.898424E-02  5.969981E-02     0.0603833  6.103409E-02
  6.180674E-02  6.280465E-02  6.382523E-02  6.473695E-02  6.555093E-02  6.627732E-02  6.692499E-02  6.807795E-02  6.987774E-02  7.060855E-02             0
