 51            10 
             0    -0.2579111    -0.2490798    -0.2422611      -0.23676    -0.2303219    -0.2231439    -0.2162387    -0.2109862    -0.2066198    -0.2020949    -0.1962486    -0.1876875    -0.1772065    -0.1656843     -0.152595    -0.1384086    -0.1243545    -0.1097207 -9.450379E-02
 -7.930037E-02 -6.415189E-02 -4.840533E-02 -3.215828E-02 -1.623029E-02  1.239111E-04  1.679594E-02  3.284721E-02  4.906053E-02  6.535213E-02  7.889705E-02  9.004327E-02     0.1007024     0.1091469     0.1156484     0.1223202     0.1291402     0.1356565      0.141854     0.1481949
     0.1562834     0.1666253     0.1779494     0.1887033     0.1979473     0.2079176      0.218279      0.236163     0.2640057     0.2876614             0
             0    -0.2625057    -0.2535558    -0.2466076    -0.2410077    -0.2344581    -0.2271328    -0.2200582    -0.2146607    -0.2101654    -0.2054983    -0.1994585    -0.1905967    -0.1797453    -0.1678433    -0.1544227    -0.1399687    -0.1256198    -0.1106388 -9.502992E-02
 -7.937817E-02 -6.373142E-02    -0.0474782 -3.074609E-02 -1.433692E-02  2.458208E-03  1.951077E-02  3.592915E-02  5.251137E-02     0.0691543  8.301891E-02  9.445391E-02     0.1054139     0.1141083      0.120797     0.1276374     0.1345988     0.1412348     0.1475368     0.1539723
     0.1621475     0.1725957     0.1840339     0.1948549     0.2041552     0.2140154     0.2239452      0.240966     0.2678138     0.2902436             0
             0    -0.3409207    -0.3316742    -0.3239825    -0.3175771    -0.3098525     -0.300947     -0.292093    -0.2851985    -0.2793819     -0.273269    -0.2652665    -0.2533365     -0.238452    -0.2218753    -0.2029625     -0.182419    -0.1619978    -0.1406173    -0.1182899
 -9.587066E-02 -7.345124E-02 -5.017987E-02 -2.626232E-02 -2.871532E-03  2.097088E-02  4.505318E-02  6.807707E-02  9.111323E-02     0.1139781     0.1327543     0.1480379      0.162462     0.1736992     0.1822263     0.1908135      0.199422     0.2074918     0.2150145     0.2225394
     0.2319116     0.2434974     0.2555339     0.2663321     0.2750561     0.2836152     0.2916862     0.3044791     0.3199075      0.324277             0
             0    -0.4193187    -0.4144441     -0.408892    -0.4036681    -0.3966819    -0.3878343    -0.3782786    -0.3704258    -0.3635865    -0.3561898    -0.3462562    -0.3309545    -0.3112045      -0.28869      -0.26264    -0.2341378    -0.2059101     -0.176421    -0.1456945
    -0.1149121 -8.419207E-02 -5.235279E-02 -1.965405E-02  1.232145E-02  4.492615E-02  7.787087E-02     0.1093629     0.1408238     0.1719267     0.1972669     0.2176984     0.2367231     0.2512741      0.262145     0.2728878     0.2834437     0.2931067     0.3018661     0.3103436
     0.3205503     0.3324345     0.3435761     0.3524675     0.3586347     0.3634549     0.3669974     0.3707225      0.367316     0.3507439             0
             0    -0.4841858     -0.489902    -0.4910982    -0.4905118    -0.4878491    -0.4823175    -0.4742712    -0.4665542    -0.4592761    -0.4508786     -0.439002    -0.4196245    -0.3934233    -0.3629231    -0.3274909    -0.2889102    -0.2513674    -0.2127357    -0.1729836
    -0.1335661 -9.452377E-02 -5.424154E-02 -1.292096E-02  2.756311E-02  6.904618E-02      0.111254     0.1519668     0.1930595     0.2340404     0.2676336     0.2947397     0.3198667     0.3388526     0.3528398     0.3663858     0.3793707     0.3908691     0.4008498     0.4099804
     0.4202938     0.4309022     0.4385788     0.4426113     0.4434648     0.4416315     0.4378462     0.4281934     0.4028642     0.3681318             0
             0    -0.5348547    -0.5572146      -0.57141    -0.5809243    -0.5890718    -0.5934467    -0.5915988    -0.5861191     -0.579236    -0.5697694    -0.5548097    -0.5280356    -0.4903226     -0.446683    -0.3972587    -0.3449892    -0.2960088    -0.2471894    -0.1981591
    -0.1504336     -0.103765 -5.597187E-02 -7.042389E-03  4.104313E-02  9.071552E-02     0.1418765     0.1920866     0.2439104     0.2968473     0.3413946      0.378006     0.4124346     0.4385935     0.4577654      0.476036     0.4930598     0.5074101     0.5189215     0.5282317
     0.5371293     0.5430357     0.5421106      0.536075     0.5274546     0.5153922     0.5014343      0.475021     0.4280797     0.3792689             0
             0    -0.5653657     -0.604866    -0.6362205    -0.6613941    -0.6894635    -0.7161053     -0.731769    -0.7340698    -0.7294406    -0.7176909     -0.694928    -0.6506732    -0.5905136     -0.525888    -0.4578653    -0.3899757    -0.3296118    -0.2718731    -0.2155238
    -0.1617729    -0.1099031 -5.717637E-02 -3.302776E-03  4.979195E-02     0.1050726     0.1627298     0.2204118     0.2816002     0.3462668     0.4032004     0.4519411        0.4999     0.5380334      0.566668     0.5943152     0.6198387     0.6402317     0.6544158     0.6624658
     0.6654452      0.658108     0.6391556     0.6160212     0.5940564     0.5700544     0.5456756     0.5041772     0.4419595     0.3849573             0
             0    -0.5796178    -0.6294515    -0.6733128    -0.7118675    -0.7604552    -0.8162955    -0.8633189    -0.8840691    -0.8859758    -0.8678252     -0.826805    -0.7515745    -0.6625014    -0.5769202    -0.4937178    -0.4148299     -0.347289    -0.2844202    -0.2241383
    -0.1673112    -0.1128789 -5.777267E-02 -1.529294E-03  5.398484E-02     0.1120331     0.1730062     0.2346985     0.3012787     0.3733357     0.4391177     0.4976814     0.5584108     0.6101534     0.6512066     0.6933016     0.7341279     0.7672362     0.7875437     0.7906399
     0.7784312     0.7467687     0.7046399     0.6643414     0.6313323     0.5989913     0.5680753     0.5179918     0.4481559     0.3874143             0
             0    -0.5876569    -0.6441202    -0.6969873    -0.7463585    -0.8142281    -0.9044163     -1.003429      -1.07127     -1.100237     -1.055163    -0.9672505    -0.8404413    -0.7173548    -0.6122264     -0.516966    -0.4302213    -0.3579058    -0.2918054    -0.2291397
    -0.1704991    -0.1145848 -5.811788E-02 -5.238295E-04  5.637479E-02     0.1160249     0.1789524     0.2430749     0.3130564     0.3900402      0.462232     0.5286076     0.6008397      0.667102     0.7236193      0.787473     0.8569906     0.9221919     0.9668862     0.9481132
     0.8956876     0.8224404     0.7529979     0.6966327     0.6547789     0.6165163     0.5812731      0.525836     0.4515704     0.3887469             0
             0    -0.5918217    -0.6520351    -0.7105048    -0.7674022    -0.8510094    -0.9775636     -1.161085     -1.373945     -1.626569     -1.357939     -1.125157    -0.9141726    -0.7549867    -0.6339424    -0.5303832    -0.4387545    -0.3636492    -0.2957404    -0.2317785
     -0.172171    -0.1154769 -5.829951E-02 -1.802402E-06  5.762003E-02     0.1181134     0.1820827     0.2475265     0.3194141     0.3992841     0.4755127     0.5472687     0.6284997     0.7084255     0.7825004     0.8777815      1.003778      1.171268       1.41081      1.206674
      1.027328     0.8842308       0.78554     0.7160045     0.6680108     0.6260831     0.5883219     0.5299164     0.4533122       0.38942             0
