 51            10 
             0  3.906472E-02  3.925397E-02  3.937128E-02  3.945682E-02  3.954952E-02  3.964919E-02  3.974231E-02  3.981188E-02  3.986912E-02  3.992793E-02  4.000333E-02  4.011277E-02  4.024347E-02  4.037945E-02  4.052037E-02  4.066584E-02  4.081549E-02     0.0409689  4.112566E-02
  4.128534E-02  4.144749E-02  4.161167E-02  4.177742E-02  4.194428E-02  4.211178E-02  4.227947E-02  4.244688E-02  4.261355E-02  4.277902E-02  4.292237E-02  4.304411E-02  4.316451E-02  4.326361E-02  4.334214E-02     0.0434199  4.349682E-02  4.357286E-02  4.364797E-02  4.372209E-02
  4.381347E-02  4.393854E-02  4.407685E-02  4.421017E-02  4.433818E-02  4.446059E-02  4.457711E-02  4.479783E-02  4.520459E-02  4.556604E-02             0
             0  3.906104E-02  3.925047E-02  3.936793E-02  3.945358E-02  3.954642E-02  3.964623E-02  3.973949E-02  3.980917E-02  3.986651E-02  3.992541E-02  4.000094E-02  4.011056E-02  4.024148E-02  4.037771E-02  4.051888E-02  4.066461E-02  4.081453E-02  4.096823E-02  4.112528E-02
  4.128524E-02  4.144769E-02  4.161216E-02     0.0417782  4.194535E-02  4.211315E-02  4.228111E-02  4.244879E-02  4.261572E-02  4.278144E-02      0.042925     0.0430469  4.316747E-02  4.326669E-02  4.334532E-02  4.342317E-02  4.350018E-02     0.0435763  4.365148E-02  4.372568E-02
  4.381714E-02  4.394233E-02  4.408074E-02  4.421415E-02  4.434224E-02     0.0444647  4.458126E-02  4.480204E-02  4.520877E-02  4.556993E-02             0
             0  3.900455E-02  3.919677E-02     0.0393164  3.940379E-02  3.949861E-02  3.960068E-02  3.969614E-02  3.976751E-02  3.982627E-02  3.988665E-02     0.0399641  4.007658E-02  4.021098E-02  4.035088E-02  4.049593E-02  4.064572E-02  4.079984E-02  4.095786E-02  4.111933E-02
     0.0412838  4.145079E-02  4.161982E-02  4.179041E-02  4.196206E-02  4.213427E-02  4.230656E-02  4.247842E-02  4.264937E-02  4.281893E-02  4.296565E-02  4.309014E-02  4.321317E-02     0.0433143  4.339441E-02  4.347367E-02  4.355201E-02  4.362941E-02  4.370579E-02  4.378112E-02
     0.0438739  4.400076E-02  4.414079E-02  4.427556E-02  4.440474E-02  4.452804E-02  4.464522E-02  4.486679E-02  4.527292E-02  4.562927E-02             0
             0  3.896401E-02  3.915808E-02  3.927921E-02  3.936777E-02  3.946398E-02  3.956763E-02  3.966464E-02  3.973722E-02  3.979698E-02  3.985842E-02  3.993725E-02  4.005178E-02     0.0401887     0.0403313  4.047919E-02  4.063196E-02  4.078918E-02     0.0409504  4.111516E-02
  4.128299E-02  4.145337E-02  4.162581E-02  4.179981E-02  4.197483E-02  4.215037E-02     0.0423259  4.250089E-02  4.267486E-02  4.284728E-02  4.299636E-02  4.312276E-02  4.324758E-02  4.335012E-02     0.0434313  4.351156E-02  4.359086E-02  4.366915E-02  4.374637E-02  4.382248E-02
  4.391616E-02  4.404412E-02     0.0441852  4.432077E-02  4.445056E-02  4.457428E-02  4.469168E-02  4.491339E-02  4.531815E-02  4.567008E-02             0
             0  3.893884E-02  3.913398E-02  3.925598E-02  3.934525E-02  3.944228E-02  3.954688E-02  3.964484E-02  3.971815E-02  3.977854E-02  3.984063E-02  3.992032E-02  4.003612E-02  4.017463E-02  4.031892E-02     0.0404686  4.062326E-02  4.078246E-02  4.094572E-02  4.111258E-02
  4.128255E-02  4.145511E-02  4.162974E-02  4.180593E-02  4.198313E-02  4.216081E-02  4.233844E-02  4.251547E-02  4.269138E-02  4.286565E-02  4.301625E-02  4.314388E-02  4.326985E-02  4.337328E-02  4.345513E-02  4.353603E-02  4.361593E-02  4.369476E-02     0.0437725  4.384907E-02
  4.394329E-02     0.0440719  4.421354E-02  4.434954E-02     0.0444796  4.460347E-02     0.0447209  4.494246E-02  4.534592E-02  4.569469E-02             0
             0  3.892333E-02  3.911907E-02  3.924158E-02  3.933126E-02  3.942879E-02  3.953397E-02     0.0396325  3.970626E-02  3.976703E-02  3.982952E-02  3.990974E-02  4.002633E-02  4.016582E-02  4.031117E-02  4.046197E-02  4.061782E-02  4.077825E-02     0.0409428  4.111098E-02
     0.0412823  4.145623E-02  4.163226E-02  4.180983E-02  4.198841E-02  4.216746E-02  4.234642E-02  4.252475E-02     0.0427019  4.287736E-02  4.302893E-02  4.315734E-02  4.328405E-02  4.338804E-02  4.347032E-02  4.355161E-02  4.363188E-02  4.371106E-02     0.0437891  4.386596E-02
     0.0439605  4.408947E-02  4.423143E-02  4.436764E-02  4.449782E-02  4.462172E-02  4.473911E-02  4.496047E-02  4.536291E-02  4.570958E-02             0
             0     0.0389156  3.911163E-02  3.923438E-02  3.932426E-02  3.942203E-02  3.952749E-02     0.0396263  3.970028E-02  3.976124E-02  3.982393E-02  3.990441E-02     0.0400214  4.016138E-02  4.030726E-02  4.045863E-02  4.061507E-02  4.077613E-02  4.094133E-02  4.111018E-02
  4.128218E-02  4.145681E-02  4.163354E-02  4.181181E-02     0.0419911  4.217084E-02  4.235048E-02  4.252947E-02  4.270727E-02  4.288333E-02     0.0430354  4.316422E-02     0.0432913  4.339559E-02  4.347808E-02  4.355957E-02  4.364002E-02  4.371938E-02  4.379757E-02  4.387458E-02
  4.396927E-02  4.409841E-02  4.424051E-02     0.0443768  4.450702E-02  4.463091E-02  4.474826E-02  4.496948E-02  4.537133E-02  4.571691E-02             0
             0  3.891229E-02  3.910844E-02     0.0392313  3.932126E-02  3.941913E-02     0.0395247  3.962364E-02  3.969772E-02  3.975876E-02  3.982153E-02  3.990212E-02  4.001928E-02  4.015948E-02  4.030558E-02     0.0404572  4.061389E-02  4.077522E-02     0.0409407  4.110984E-02
  4.128214E-02  4.145706E-02  4.163409E-02  4.181267E-02  4.199225E-02  4.217229E-02  4.235223E-02  4.253151E-02  4.270959E-02  4.288591E-02     0.0430382     0.0431672  4.329444E-02  4.339885E-02  4.348144E-02  4.356302E-02  4.364355E-02  4.372298E-02  4.380124E-02     0.0438783
  4.397305E-02  4.410227E-02  4.424442E-02  4.438075E-02  4.451098E-02  4.463486E-02  4.475219E-02  4.497333E-02  4.537492E-02  4.572003E-02             0
             0  3.891051E-02  3.910672E-02  3.922963E-02  3.931964E-02  3.941756E-02     0.0395232     0.0396222  3.969633E-02  3.975741E-02  3.982023E-02  3.990088E-02  4.001814E-02  4.015844E-02  4.030467E-02  4.045642E-02  4.061326E-02  4.077473E-02  4.094036E-02  4.110966E-02
  4.128211E-02     0.0414572  4.163438E-02  4.181313E-02  4.199288E-02  4.217308E-02  4.235318E-02  4.253262E-02  4.271084E-02  4.288731E-02  4.303972E-02  4.316881E-02  4.329614E-02  4.340062E-02  4.348326E-02  4.356489E-02  4.364546E-02  4.372493E-02  4.380323E-02  4.388032E-02
  4.397511E-02  4.410437E-02  4.424655E-02  4.438289E-02  4.451312E-02  4.463699E-02  4.475431E-02  4.497541E-02  4.537686E-02     0.0457217             0
             0  3.890961E-02  3.910585E-02  3.922879E-02  3.931883E-02  3.941677E-02  3.952244E-02  3.962148E-02  3.969563E-02  3.975673E-02  3.981958E-02  3.990026E-02  4.001756E-02  4.015792E-02  4.030421E-02  4.045603E-02  4.061293E-02  4.077448E-02  4.094018E-02  4.110956E-02
     0.0412821  4.145727E-02  4.163454E-02  4.181337E-02     0.0419932  4.217348E-02  4.235366E-02  4.253318E-02  4.271148E-02  4.288802E-02  4.304048E-02  4.316963E-02      0.043297  4.340152E-02  4.348418E-02  4.356584E-02  4.364643E-02  4.372592E-02  4.380424E-02  4.388134E-02
  4.397615E-02  4.410543E-02  4.424762E-02  4.438397E-02     0.0445142  4.463807E-02  4.475538E-02  4.497646E-02  4.537784E-02  4.572255E-02             0
