 51            10 
             0 -1.416304E-03   1.46758E-04  1.340011E-03  2.271672E-03  3.337725E-03  4.535531E-03  5.695932E-03  6.583299E-03  7.323691E-03  8.093978E-03  9.093411E-03  1.056722E-02  1.236018E-02  1.425548E-02  1.624639E-02  1.832571E-02     0.0204859  2.271904E-02     0.0250169
  2.737095E-02     0.0297724  3.221218E-02  3.468087E-02  3.716895E-02  3.966686E-02  4.216516E-02  4.465458E-02  4.712613E-02  4.957114E-02  5.168007E-02  5.346428E-02     0.0552219  5.666194E-02  5.779978E-02  5.892263E-02  6.002972E-02  6.112031E-02  6.219373E-02     0.0632493
     0.0645457  6.631027E-02  6.824645E-02  7.009851E-02  7.186335E-02  7.353838E-02  7.512157E-02  7.810107E-02  8.351269E-02  8.853304E-02             0
             0 -1.684209E-03 -1.131609E-04  1.087535E-03  2.025418E-03  3.099011E-03  4.305721E-03  5.475133E-03  6.369594E-03  7.116012E-03  7.892677E-03  8.900515E-03  1.038699E-02  1.219576E-02  1.410814E-02  1.611729E-02  1.821596E-02  2.039644E-02  2.265071E-02  2.497038E-02
  2.734677E-02  2.977091E-02  3.223354E-02  3.472508E-02  3.723578E-02     0.0397559     0.0422758      0.044786  4.727734E-02  4.974095E-02  5.186498E-02  5.366131E-02  5.543016E-02  5.687878E-02  5.802305E-02     0.0591519  6.026454E-02  6.136025E-02  6.243832E-02  6.349809E-02
  6.479917E-02  6.656913E-02  6.850971E-02     0.0703645  7.213048E-02  7.380522E-02  7.538681E-02     0.0783608  8.374873E-02  8.872052E-02             0
             0  -5.85718E-03 -4.169041E-03 -2.856442E-03 -1.824189E-03 -6.353881E-04  7.081928E-04  2.016816E-03  3.021248E-03  3.861268E-03  4.737145E-03   5.87597E-03  7.560279E-03  9.616576E-03  1.179688E-02  1.409304E-02  1.649617E-02  1.899672E-02  2.158456E-02  2.424902E-02
  2.697893E-02  2.976266E-02  3.258812E-02  3.544265E-02  3.831332E-02  4.118712E-02  4.405109E-02  4.689252E-02  4.969902E-02  5.245871E-02  5.482266E-02  5.681107E-02  5.875752E-02  6.034138E-02  6.158682E-02  6.280962E-02  6.400891E-02  6.518383E-02  6.633366E-02     0.0674577
  6.882979E-02  7.067976E-02  7.268301E-02  7.457306E-02     0.0763488  7.800997E-02  7.955715E-02  8.242594E-02  8.740546E-02  9.158808E-02             0
             0 -9.195534E-03 -7.463817E-03  -6.09044E-03 -5.001441E-03 -3.737722E-03 -2.299361E-03 -8.892493E-04  1.979941E-04  1.109856E-03  2.063207E-03  3.305922E-03     0.0051504  7.411683E-03   9.81789E-03  1.235947E-02  1.502584E-02  1.780559E-02  2.068655E-02  2.365593E-02
  2.670037E-02  2.980595E-02  3.295808E-02  3.614145E-02  3.934021E-02  4.253826E-02  4.571934E-02  4.886725E-02  5.196597E-02  5.499988E-02  5.758473E-02     0.0597485     0.0618549  6.355819E-02  6.489138E-02  6.619391E-02  6.746466E-02  6.870267E-02  6.990711E-02  7.107728E-02
     0.0724965  7.439068E-02  7.641276E-02  7.829247E-02  8.003183E-02  8.163416E-02  8.310373E-02  8.578721E-02  9.024235E-02  9.365063E-02             0
             0 -1.144416E-02 -9.725105E-03 -8.335722E-03 -7.224923E-03 -5.925884E-03 -4.436474E-03 -2.966305E-03 -1.827373E-03 -8.693432E-04  1.350543E-04  1.447695E-03  3.402817E-03  5.809337E-03     0.0083783  1.109854E-02     0.0139577  1.694257E-02     0.0200393  2.323353E-02
  2.651047E-02  2.985484E-02  3.325071E-02  3.668121E-02     0.0401288  4.357543E-02  4.700258E-02  5.039132E-02  5.372247E-02  5.697669E-02  5.974008E-02  6.204556E-02  6.428047E-02  6.607835E-02  6.747997E-02  6.884325E-02  7.016677E-02  7.144931E-02     0.0726899  7.388782E-02
  7.533129E-02  7.723816E-02  7.924468E-02  8.108262E-02  8.275848E-02  8.428026E-02     0.0856567  8.813671E-02  9.211066E-02  9.493213E-02             0
             0 -1.291321E-02 -1.123178E-02 -9.850722E-03 -8.738448E-03 -7.428397E-03 -5.915909E-03 -4.412985E-03 -3.243234E-03 -2.256426E-03 -1.219062E-03  1.400237E-04  2.170965E-03  4.679582E-03  7.364349E-03  1.021214E-02  1.320871E-02     0.0163392     0.0195884  2.294097E-02
  2.638137E-02  2.989379E-02  3.346186E-02  3.706822E-02  4.069475E-02  4.432261E-02  4.793222E-02  5.150307E-02  5.501377E-02  5.844196E-02     0.0613492  6.377016E-02  6.611042E-02  6.798562E-02  6.944263E-02  7.085419E-02  7.221831E-02  7.353335E-02  7.479809E-02  7.601174E-02
  7.746448E-02  7.936355E-02  8.133324E-02     0.0831122  8.471294E-02  8.614895E-02  8.743358E-02      0.089725  9.331143E-02  9.572212E-02             0
             0 -1.367462E-02 -1.202737E-02 -1.066127E-02 -9.555944E-03 -8.247942E-03 -6.730433E-03 -5.214964E-03 -4.031124E-03 -3.030132E-03 -1.975609E-03 -5.913812E-04  1.482184E-03  4.049498E-03  6.801043E-03  9.721878E-03  1.279628E-02  1.600829E-02  1.934199E-02  2.278163E-02
     0.0263115  2.991579E-02  3.357822E-02  3.728155E-02  4.100775E-02  4.473804E-02  4.845273E-02      0.052131  5.575066E-02  5.928795E-02  6.228868E-02  6.478671E-02  6.719898E-02  6.912789E-02  7.062347E-02  7.206838E-02  7.345984E-02  7.479556E-02  7.607387E-02  7.729384E-02
  7.874568E-02  8.062653E-02  8.255497E-02  8.427914E-02  8.581755E-02  8.718815E-02  8.840735E-02  9.057172E-02  9.392656E-02  9.611552E-02             0
             0 -1.400566E-02 -1.237656E-02 -1.101966E-02 -9.919481E-03 -8.614725E-03 -7.097368E-03 -5.578069E-03 -4.388793E-03 -3.381868E-03 -2.319775E-03 -9.240791E-04  1.169435E-03  3.764386E-03  6.547133E-03  9.501709E-03  1.261166E-02  1.586056E-02  1.923221E-02  2.271075E-02
  2.628047E-02  2.992564E-02  3.363008E-02     0.0373767  4.114763E-02  4.492423E-02  4.868691E-02  5.241491E-02     0.0560859  5.967573E-02  6.272279E-02  6.525999E-02  6.770989E-02  6.966772E-02  7.118442E-02  7.264778E-02  7.405434E-02  7.540113E-02  7.668602E-02  7.790787E-02
  7.935643E-02  8.122268E-02  8.312411E-02  8.481587E-02  8.631987E-02  8.765619E-02     0.0888424  9.094469E-02  9.419263E-02  9.628363E-02             0
             0 -1.418577E-02 -1.256748E-02 -1.121639E-02    -0.0101197 -8.817528E-03 -7.301147E-03 -5.780464E-03 -4.588549E-03 -3.578498E-03 -2.512217E-03 -1.110004E-03  9.950101E-04  3.605836E-03  6.406329E-03  9.379911E-03  1.250973E-02  1.577912E-02  1.917177E-02  2.267175E-02
  2.626341E-02  2.993106E-02  3.365862E-02     0.0374291  4.122474E-02  4.502702E-02  4.881646E-02  5.257236E-02  5.627246E-02  5.989248E-02  6.296663E-02  6.552715E-02  6.799997E-02  6.997591E-02  7.150611E-02  7.298153E-02     0.0743981  7.575224E-02  7.704117E-02  7.826348E-02
  7.970855E-02  8.156332E-02  8.344609E-02  8.511695E-02     0.0865997  8.791548E-02  8.908238E-02  9.114892E-02  9.433703E-02  9.637433E-02             0
             0 -1.427693E-02    -0.0126644 -1.131655E-02 -1.022188E-02 -8.921342E-03 -7.405855E-03 -5.884836E-03 -4.691773E-03    -0.0036802 -2.611749E-03 -1.206062E-03  9.051196E-04  3.524362E-03  6.334149E-03  9.317594E-03  1.245766E-02  1.573755E-02  1.914094E-02  2.265188E-02
  2.625471E-02  2.993382E-02  3.367317E-02  3.745582E-02  4.126408E-02  4.507951E-02     0.0488827  5.265303E-02  5.636825E-02  6.000412E-02  6.309269E-02  6.566583E-02  6.815132E-02     0.0701376  7.167573E-02  7.315847E-02  7.458138E-02  7.594031E-02     0.0772318  7.845382E-02
     0.0798957  8.174244E-02  8.361373E-02  8.527257E-02  8.674358E-02  8.804827E-02  8.920491E-02     0.0912527  9.440999E-02       0.09642             0
