 51            10 
             0    -0.2577033    -0.2479851     -0.239719    -0.2340477    -0.2282284     -0.221209    -0.2140643    -0.2084265     -0.203626    -0.1985276    -0.1917674    -0.1814393    -0.1691227    -0.1561673    -0.1437614    -0.1320553    -0.1190926    -0.1050584 -9.007037E-02
 -7.418157E-02    -0.0573761 -4.108943E-02 -2.538737E-02 -8.914839E-03  6.984198E-03  2.213825E-02  3.757568E-02  5.312849E-02  6.865644E-02  8.212245E-02  9.355285E-02     0.1048562     0.1141669     0.1215584      0.128434     0.1347889     0.1410733     0.1472784     0.1533954
     0.1609207     0.1711749     0.1824293     0.1932061     0.2035145     0.2128343     0.2211472      0.236751     0.2638632     0.2867978             0
             0     -0.263271    -0.2542072    -0.2467982    -0.2410811    -0.2348129    -0.2274981    -0.2203201     -0.214795    -0.2101641    -0.2053191    -0.1989825    -0.1894378    -0.1778151    -0.1651489     -0.151936    -0.1389534    -0.1249752    -0.1102943 -9.501398E-02
 -7.921097E-02    -0.0626503 -4.600596E-02 -2.961467E-02 -1.247653E-02  4.362449E-03  2.058546E-02     0.0369459  5.326951E-02  6.942026E-02  8.322003E-02  9.479942E-02     0.1061358     0.1154266     0.1228297     0.1298125     0.1363413     0.1428215     0.1492202     0.1555275
     0.1632806     0.1737331     0.1850593     0.1957848       0.20594     0.2153597     0.2239603     0.2400102     0.2667593     0.2888723             0
             0    -0.3413947    -0.3319427    -0.3236623    -0.3170867    -0.3096299    -0.3006771    -0.2916512    -0.2845705    -0.2785639    -0.2722079    -0.2638049    -0.2509579    -0.2350503    -0.2174516    -0.1989079    -0.1805103    -0.1606049    -0.1396323    -0.1177631
 -9.512825E-02 -7.141299E-02    -0.0476036    -0.0241865  2.329598E-04  2.413339E-02  4.703973E-02  6.997511E-02  9.264401E-02      0.114804     0.1334503     0.1488785     0.1637365     0.1756848     0.1850736     0.1938003      0.201822      0.209642     0.2172176     0.2245345
     0.2333376     0.2447979      0.256584     0.2671195     0.2764756     0.2845879      0.291474     0.3033789     0.3184699     0.3228256             0
             0    -0.4189493    -0.4134022      -0.40696    -0.4013487     -0.394287    -0.3850967    -0.3751496    -0.3669746    -0.3598453    -0.3521101    -0.3416527    -0.3252011    -0.3042485    -0.2805732      -0.25533    -0.2300834     -0.202724    -0.1739121     -0.143904
    -0.1128966 -8.046184E-02    -0.0479367 -1.594392E-02  1.743996E-02  5.014273E-02  8.151534E-02     0.1129328     0.1439393     0.1741262     0.1993152     0.2199444     0.2395224     0.2549555     0.2668837      0.277762     0.2875259     0.2967916     0.3054977     0.3136224
     0.3230328     0.3345003     0.3450823     0.3533609     0.3595603     0.3638923     0.3666222      0.369621     0.3655347     0.3492212             0
             0    -0.4823736    -0.4860613    -0.4854582    -0.4837353    -0.4797989    -0.4729376    -0.4638447    -0.4554787    -0.4477296    -0.4388901    -0.4264418    -0.4059353    -0.3788607      -0.34767    -0.3142567    -0.2809041    -0.2450918    -0.2077765    -0.1692773
    -0.1298139 -8.877277E-02 -4.773912E-02 -7.346644E-03  3.495288E-02  7.663651E-02     0.1169819     0.1578023      0.198528     0.2385754     0.2722183     0.2997875     0.3258104     0.3460352     0.3614208     0.3751496     0.3870935     0.3979847     0.4077151     0.4162427
     0.4253962     0.4349885     0.4414553     0.4441985     0.4439244     0.4414301     0.4374228     0.4272384     0.4008347     0.3665518             0
             0    -0.5311655    -0.5487759    -0.5588847    -0.5651678    -0.5687615    -0.5687953    -0.5638098    -0.5567329    -0.5489814    -0.5390517    -0.5239143    -0.4971492    -0.4606198     -0.418501     -0.374047     -0.330637    -0.2851843    -0.2389118    -0.1920533
    -0.1447098 -9.595314E-02 -4.743771E-02  3.521414E-04  5.066507E-02     0.1007231     0.1499207     0.2006795     0.2525394     0.3049422     0.3502512     0.3881212     0.4244001     0.4527141     0.4740891     0.4927938     0.5084574     0.5218836     0.5327799      0.541029
     0.5481158     0.5517159     0.5481808     0.5395645     0.5277823      0.514581      0.501165     0.4743554     0.4258951     0.3776468             0
             0    -0.5600522    -0.5913766     -0.614826     -0.632642     -0.649238    -0.6637146    -0.6696409    -0.6671527    -0.6605508    -0.6489531    -0.6285375    -0.5896522    -0.5373425    -0.4799619    -0.4222327    -0.3683953    -0.3141139     -0.260485    -0.2073511
    -0.1544972    -0.1006063 -4.723558E-02  5.354035E-03  6.098822E-02     0.1168554     0.1726281      0.231431     0.2932987     0.3582664     0.4172729     0.4687873     0.5205205     0.5627515     0.5953165     0.6240093     0.6476009     0.6664788     0.6793697     0.6856702
      0.685971     0.6740507     0.6500823     0.6225027     0.5946991     0.5687736     0.5456771     0.5038109     0.4397046     0.3833116             0
             0    -0.5734208    -0.6128047    -0.6456211    -0.6727542    -0.7020375    -0.7341042     -0.757651    -0.7646118    -0.7609978    -0.7461973    -0.7160273    -0.6588631    -0.5883754    -0.5171569    -0.4492757    -0.3885277     -0.328958    -0.2712529    -0.2148395
    -0.1592272    -0.1028396    -0.0471415  7.747464E-03  6.596248E-02     0.1247161     0.1838866     0.2470711     0.3147877     0.3878155     0.4567684     0.5194743     0.5858811     0.6438376     0.6908165     0.7343097     0.7717619     0.8018939     0.8195779     0.8206504
      0.806093      0.768234     0.7190919     0.6730409     0.6322703     0.5974094      0.568247     0.5177962     0.4458731      0.385758             0
             0    -0.5809244    -0.6254096    -0.6648347     -0.699236    -0.7399846    -0.7914091    -0.8408743    -0.8670897    -0.8717339    -0.8485574    -0.7989521    -0.7153941    -0.6252139    -0.5418903    -0.4662579    -0.4007416    -0.3377522      -0.27753    -0.2191576
    -0.1619359    -0.1041139 -4.708904E-02  9.110134E-03  6.880521E-02     0.1292353      0.190421     0.2562802     0.3277127     0.4061566     0.4823541     0.5539695     0.6335111     0.7079443     0.7723235     0.8370248     0.8995596     0.9571316     0.9940791      0.975748
     0.9259086     0.8472362      0.769698     0.7068639     0.6559228     0.6147193     0.5815513     0.5257455     0.4492733     0.3870848             0
             0    -0.5847987    -0.6321414    -0.6756129     -0.714909    -0.7646247    -0.8348846    -0.9199561    -0.9884618     -1.027657    -0.9698668    -0.8778655    -0.7583616    -0.6491573    -0.5565859    -0.4758057     -0.407408    -0.3424629    -0.2808525    -0.2214255
    -0.1633517    -0.1047783 -4.706218E-02  9.819476E-03  7.028881E-02     0.1316034     0.1938678     0.2611883     0.3347127     0.4163446     0.4971133     0.5748467     0.6645517     0.7541386     0.8375872     0.9314127      1.041802      1.183941      1.374456      1.204461
      1.051724     0.9097059     0.8032385     0.7271093      0.669267     0.6241493     0.5886575     0.5298834     0.4510082     0.3877549             0
