 51            10 
             0    -0.2286683    -0.2219479    -0.2162732    -0.2117302    -0.2064379    -0.2004102    -0.1945065    -0.1899599    -0.1861501    -0.1821707    -0.1769881    -0.1693062    -0.1599036     -0.151164    -0.1431909    -0.1347984    -0.1223478    -0.1085934 -9.472235E-02
 -8.000556E-02 -6.478346E-02 -4.909776E-02 -3.304605E-02    -0.0168239 -3.469002E-04  1.640349E-02  3.339936E-02  4.965355E-02  6.484418E-02  7.799742E-02  8.904926E-02  9.982747E-02     0.1085853      0.115499     0.1223609     0.1291948     0.1359962     0.1427942     0.1491664
     0.1565236     0.1669032     0.1781407     0.1885371     0.1986471     0.2083671     0.2175203      0.234718     0.2627189     0.2863231             0
             0    -0.2317989    -0.2250758    -0.2193813    -0.2148169    -0.2094934    -0.2034223    -0.1974677    -0.1928765     -0.189026    -0.1850002    -0.1797517    -0.1719579    -0.1623902    -0.1534615    -0.1452576     -0.136539    -0.1237546    -0.1096591 -9.542037E-02
 -8.028609E-02 -6.461102E-02    -0.0484554 -3.193678E-02 -1.525619E-02  1.660864E-03     0.0188232     0.0362157  5.282827E-02       0.06836  8.181731E-02  9.313019E-02     0.1041653     0.1131281     0.1201978     0.1272059     0.1341728     0.1410948     0.1480024     0.1544681
     0.1619376     0.1724285     0.1837306     0.1941476     0.2042187     0.2137994     0.2227082     0.2393221     0.2663777     0.2886334             0
             0    -0.2813275    -0.2748503    -0.2690652    -0.2643406    -0.2587363    -0.2522426    -0.2457749    -0.2407316    -0.2364703    -0.2319819    -0.2260872     -0.217237    -0.2062119    -0.1957708    -0.1860223    -0.1754945    -0.1580943    -0.1382933    -0.1180555
 -9.643824E-02 -7.400719E-02 -5.088966E-02 -2.728667E-02 -3.517566E-03  2.049038E-02  4.471368E-02     0.0690869  9.216304E-02      0.113479     0.1316801     0.1467785     0.1612759     0.1728344     0.1818252     0.1906035     0.1991898     0.2075739     0.2157883     0.2233327
     0.2318557     0.2434132     0.2552601      0.265561     0.2749035     0.2832104     0.2904027     0.3028589      0.318393     0.3226628             0
             0    -0.3238778    -0.3190401    -0.3141744    -0.3100547    -0.3050177    -0.2990245    -0.2929125    -0.2880694    -0.2839362    -0.2795414    -0.2737175    -0.2648618    -0.2536532    -0.2428732    -0.2326642    -0.2214521    -0.1989013    -0.1722056    -0.1446195
    -0.1150643 -8.438697E-02 -5.278378E-02 -2.052713E-02  1.195834E-02  4.478201E-02  7.790868E-02     0.1112271     0.1427144     0.1716724     0.1961956     0.2163389     0.2354115       0.25033     0.2617501     0.2726929     0.2831664     0.2931435     0.3026503     0.3111205
     0.3203424     0.3320675     0.3429483     0.3512694      0.357695     0.3623599     0.3654423     0.3690549     0.3656793     0.3490785             0
             0    -0.3542024    -0.3517912     -0.348483    -0.3454688    -0.3415688    -0.3367078    -0.3315577    -0.3273808    -0.3237699    -0.3198883    -0.3146984    -0.3067282    -0.2965654    -0.2867663    -0.2775944    -0.2675761     -0.240018    -0.2060714    -0.1708511
    -0.1332351 -9.435409E-02 -5.441471E-02 -1.367071E-02  2.745247E-02     0.0692065     0.1116436     0.1546965     0.1957412     0.2338272     0.2662525     0.2928814     0.3179531     0.3373004      0.351893     0.3655939     0.3783575      0.390104     0.4008286     0.4099099
     0.4191669     0.4294475     0.4368365     0.4403652     0.4409434     0.4391814     0.4357151     0.4263954     0.4011035     0.3664096             0
             0     -0.374911     -0.375157    -0.3736996     -0.372046    -0.3695852    -0.3661813    -0.3622696    -0.3589445    -0.3559992    -0.3527733    -0.3484046    -0.3416388    -0.3330846    -0.3250706    -0.3181866    -0.3113078    -0.2788346    -0.2374506    -0.1947305
    -0.1495425    -0.1032326 -5.591315E-02 -7.692907E-03  4.114341E-02  9.112948E-02     0.1425672     0.1956261     0.2472031      0.296242     0.3390006     0.3746637     0.4086008     0.4348201     0.4544366     0.4725255     0.4888434     0.5031247     0.5152386     0.5245022
     0.5326287     0.5383189     0.5375098     0.5316098     0.5221995      0.510707     0.4983343     0.4730068     0.4262088     0.3774977             0
             0     -0.386018    -0.3882911    -0.3884024    -0.3879663    -0.3868562     -0.384854    -0.3821023    -0.3795132    -0.3770961    -0.3743407    -0.3705096    -0.3644877    -0.3570493    -0.3505464    -0.3460748    -0.3430263    -0.3065727    -0.2592348    -0.2109094
    -0.1603922    -0.1090923 -5.695577E-02 -3.889693E-03     0.0500253     0.1056417     0.1636031     0.2244926     0.2850926     0.3446729     0.3987156      0.445315     0.4912101     0.5277564     0.5554283      0.580947     0.6034517      0.622025     0.6360173      0.644585
     0.6493112     0.6444926     0.6282946     0.6077237     0.5851809     0.5626575     0.5414326     0.5019367     0.4400165      0.383156             0
             0    -0.3909239    -0.3942478    -0.3952412    -0.3955325    -0.3952879    -0.3942515    -0.3923329    -0.3902377    -0.3881236    -0.3855661    -0.3818815    -0.3759938    -0.3688965    -0.3630795    -0.3599887    -0.3593703    -0.3206678    -0.2700864    -0.2188473
    -0.1656582    -0.1119221 -5.747094E-02 -2.085536E-03      0.054281     0.1126728     0.1739585      0.239027     0.3047357     0.3708073     0.4325572     0.4874013     0.5434264     0.5899866     0.6262675     0.6605668     0.6910738     0.7155481      0.731923     0.7386768
      0.737953     0.7188902     0.6859407     0.6522361     0.6196571      0.589695     0.5630687     0.5156152     0.4461781      0.385599             0
             0    -0.3936139    -0.3975616    -0.3991055    -0.3998722    -0.4002302    -0.3999287    -0.3987198    -0.3970646    -0.3951851    -0.3926835    -0.3889314    -0.3828985    -0.3758362    -0.3703521    -0.3681078    -0.3690794    -0.3289649     -0.276401    -0.2234276
     -0.168679     -0.113541    -0.0577688 -1.062502E-03  5.670646E-02     0.1167036     0.1799462     0.2475371     0.3164333      0.386759     0.4538991     0.5149198     0.5792383      0.635004     0.6800156     0.7243094     0.7651765     0.7984518     0.8188353     0.8215872
     0.8122367     0.7754441     0.7258592     0.6810864     0.6409785      0.605881     0.5757471     0.5233725     0.4495726     0.3869237             0
             0     -0.394982    -0.3992637    -0.4011144    -0.4021579    -0.4028917    -0.4031054    -0.4025059    -0.4013312    -0.3997349    -0.3971032    -0.3930666    -0.3867226    -0.3795531    -0.3741977    -0.3724112    -0.3742917    -0.3333866     -0.279738    -0.2258337
    -0.1702596    -0.1143863 -5.792536E-02 -5.312875E-04  5.797007E-02     0.1188119     0.1830966     0.2520545     0.3227206     0.3954996     0.4659205     0.5309441     0.6011258     0.6642553     0.7171297     0.7718825     0.8258796     0.8736761     0.9043942     0.8959547
     0.8718668     0.8146654     0.7506196     0.6978024     0.6528153     0.6146288     0.5824886      0.527404      0.451304     0.3875927             0
