 51            10 
             0    -0.2577473    -0.2486767    -0.2414988    -0.2358492    -0.2293445    -0.2219878    -0.2148129     -0.209299    -0.2046835    -0.1998665    -0.1935976    -0.1843145    -0.1729703    -0.1609426    -0.1482946    -0.1350891    -0.1213755    -0.1072093    -0.0926462
 -7.771777E-02 -6.233615E-02 -4.581707E-02 -2.920842E-02    -0.0125752   4.00599E-03  2.046771E-02  3.675753E-02  5.282211E-02  6.860457E-02  8.211688E-02  9.348161E-02     0.1046091     0.1136703     0.1208015     0.1278122     0.1347017     0.1414715     0.1481243     0.1546638
     0.1627012     0.1731951     0.1843573     0.1947012     0.2041871     0.2131466     0.2215409     0.2371565     0.2641422     0.2870493             0
             0    -0.2630024    -0.2538941    -0.2466085    -0.2409044    -0.2343934    -0.2269991    -0.2197609    -0.2141842    -0.2095073    -0.2046153     -0.198232    -0.1887351    -0.1770825    -0.1646768    -0.1516514    -0.1381531    -0.1240856     -0.109488 -9.442655E-02
 -7.896207E-02 -6.306709E-02 -4.630704E-02 -2.934194E-02 -1.228854E-02   4.66338E-03  2.141347E-02  3.799671E-02     0.0543742  7.047413E-02     0.0842419  9.580188E-02     0.1070954     0.1162633     0.1234536     0.1304808     0.1373398     0.1440499     0.1506253     0.1570807
     0.1650243     0.1755049     0.1867655     0.1973304     0.2070937     0.2162633     0.2247716     0.2404791     0.2670155     0.2889381             0
             0    -0.3410134    -0.3314729    -0.3233013    -0.3166993    -0.3089367    -0.2998667    -0.2907476    -0.2835891    -0.2775148    -0.2710903    -0.2626191    -0.2498333    -0.2338809    -0.2166645    -0.1983929    -0.1793048    -0.1592957    -0.1384501    -0.1168896
 -9.472773E-02 -7.195238E-02 -4.797341E-02    -0.0237378  5.598852E-04  2.461839E-02  4.825961E-02  7.149451E-02  9.422357E-02     0.1162962     0.1348816     0.1502683     0.1650548     0.1768319     0.1859382     0.1947006     0.2031085      0.211183     0.2189401     0.2263963
     0.2353686     0.2467967     0.2584295     0.2687364     0.2776659     0.2854981     0.2922486     0.3037622     0.3184734     0.3228165             0
             0    -0.4182435    -0.4124134    -0.4058923    -0.4000495    -0.3925712    -0.3831413     -0.373006    -0.3646962    -0.3574608    -0.3496278    -0.3390824    -0.3227343    -0.3017603    -0.2786941    -0.2539001    -0.2278411    -0.2004465    -0.1718864    -0.1423601
    -0.1120407 -8.092112E-02    -0.0482076 -1.511107E-02  1.811263E-02  5.105919E-02  8.347342E-02     0.1153451     0.1464853     0.1766039     0.2017509      0.222355     0.2418644     0.2570926     0.2686699     0.2795881     0.2898141     0.2993621      0.308244     0.3164759
     0.3259872     0.3372994     0.3475407     0.3554428     0.3611508     0.3651262     0.3676015     0.3700852     0.3653412     0.3491524             0
             0    -0.4811094    -0.4839618    -0.4826714    -0.4800982    -0.4754092    -0.4679088    -0.4583431    -0.4497017    -0.4417735    -0.4328064    -0.4202912     -0.400068    -0.3731798    -0.3431179    -0.3106021    -0.2765711    -0.2410481    -0.2043139    -0.1666285
    -0.1281775 -8.889382E-02 -4.771447E-02 -5.961241E-03  3.614845E-02  7.821182E-02      0.119991     0.1615371     0.2026183     0.2427917     0.2765894     0.3043101      0.330423     0.3505191     0.3655525     0.3794084     0.3919715     0.4032114     0.4131103     0.4216753
     0.4307641     0.4399286     0.4456248     0.4476296     0.4466582      0.443582     0.4390298     0.4280026     0.4005338     0.3664398             0
             0     -0.529173    -0.5448476    -0.5528594    -0.5568145    -0.5586032    -0.5567364    -0.5503641    -0.5426016    -0.5345079    -0.5244651    -0.5094973    -0.4837747    -0.4483601    -0.4087161    -0.3663127    -0.3228854    -0.2785017    -0.2334625    -0.1879667
    -0.1420859 -9.557397E-02 -4.701288E-02  2.344741E-03  5.245695E-02      0.103086     0.1541973     0.2061156     0.2587996     0.3118687     0.3579344     0.3965387     0.4335071     0.4621212     0.4833822     0.5026022     0.5193566     0.5333827     0.5444928     0.5526325
     0.5592309     0.5616764     0.5562655     0.5459681     0.5328816     0.5185265     0.5039609     0.4756273     0.4255582     0.3775057             0
             0    -0.5574284    -0.5854309    -0.6045608    -0.6174983    -0.6298193    -0.6390981    -0.6408991      -0.63648    -0.6291296    -0.6176676    -0.5984891     -0.563274    -0.5149588    -0.4629081    -0.4094297    -0.3568207     -0.304742    -0.2531713    -0.2020056
    -0.1510494    -0.0997958 -4.648544E-02  7.795662E-03  6.323603E-02     0.1198581     0.1779767     0.2384191     0.3017363      0.368233     0.4290904     0.4825224     0.5363395     0.5800863     0.6134069     0.6438774     0.6700138     0.6904109     0.7038077      0.709619
      0.708198     0.6930467     0.6646127     0.6333575     0.6030305     0.5749798     0.5498759     0.5055929     0.4393722     0.3831553             0
             0    -0.5704535    -0.6055918    -0.6322945    -0.6522523    -0.6743802    -0.6966799    -0.7114214    -0.7141616    -0.7091769     -0.695039    -0.6682978    -0.6195047    -0.5572929     -0.494542    -0.4330042    -0.3745236    -0.3179788    -0.2628791    -0.2088063
    -0.1553421       -0.1018 -4.622292E-02  1.041456E-02  6.844291E-02     0.1280559     0.1898159     0.2549381     0.3245331     0.3997518     0.4715016     0.5372765     0.6073428     0.6684959     0.7176902     0.7653466     0.8083665     0.8423952     0.8616248      0.861087
      0.841757     0.7965496     0.7393771     0.6874046     0.6429299     0.6051367     0.5733384     0.5198713     0.4455485     0.3855952             0
             0    -0.5777488    -0.6173657    -0.6493166    -0.6746566    -0.7054484     -0.741982     -0.776565    -0.7963331    -0.8009249    -0.7770338    -0.7330319    -0.6640179    -0.5870461    -0.5151279    -0.4475949    -0.3851352     -0.325749    -0.2684991    -0.2127069
    -0.1577892    -0.1029377 -4.607118E-02     0.0119084  7.142206E-02     0.1327761     0.1967019     0.2646919     0.3382953     0.4194109     0.4991481     0.5748209     0.6595511      0.739136      0.807779     0.8806424     0.9548151      1.023001      1.066689      1.041482
      0.978405     0.8847948     0.7948642     0.7238895     0.6682343     0.6234791     0.5872283     0.5280027     0.4489546     0.3869183             0
             0    -0.5815101    -0.6236199    -0.6587386    -0.6876627    -0.7251652    -0.7758921    -0.8410688    -0.9118735    -0.9971935    -0.8924806    -0.7973171    -0.6974984    -0.6060429     -0.527159    -0.4557129    -0.3908774    -0.3298847    -0.2714597    -0.2147483
    -0.1590645    -0.1035289 -4.599155E-02  1.268692E-02  7.297797E-02     0.1352521     0.2003393     0.2699002     0.3457676      0.430369     0.5151703     0.5976768     0.6938304     0.7905346     0.8808118     0.9891137      1.123856       1.30038      1.546402      1.321017
      1.126504     0.9557452     0.8320423     0.7458786     0.6825905     0.6335174       0.59467     0.5322409      0.450693     0.3875866             0
