 51            10 
             0     -0.257667    -0.2486006    -0.2414265    -0.2357774    -0.2292705    -0.2219113    -0.2147346    -0.2092197    -0.2046037    -0.1997866    -0.1935183    -0.1842377    -0.1728984    -0.1608776    -0.1482355    -0.1350342    -0.1213307    -0.1071899 -9.269321E-02
    -0.0779734 -6.346676E-02 -4.890105E-02 -3.121247E-02 -1.381141E-02  3.302562E-03  2.012333E-02  3.663142E-02  5.279133E-02  6.855211E-02  8.193675E-02  9.310984E-02     0.1039458     0.1126587      0.119441     0.1260186     0.1323724     0.1384809     0.1443193     0.1498593
      0.156372     0.1660692     0.1768192     0.1880769     0.1998951     0.2103524     0.2196881     0.2364364     0.2639771      0.286742             0
             0    -0.2628337    -0.2537208    -0.2464631    -0.2407614     -0.234213    -0.2267912    -0.2195325    -0.2139418    -0.2092545    -0.2043542    -0.1979649    -0.1884759     -0.176845    -0.1644855    -0.1514927    -0.1379586    -0.1238858    -0.1093241 -9.435727E-02
 -7.912321E-02 -6.399306E-02 -4.762731E-02 -2.965598E-02 -1.224871E-02  4.904575E-03  2.183602E-02  3.854121E-02  5.498199E-02  7.109922E-02  8.485801E-02      0.096397     0.1076541     0.1167767     0.1239254     0.1309149     0.1377367     0.1443821      0.150834     0.1570546
     0.1644373     0.1750495     0.1862379     0.1970336     0.2071568     0.2163752     0.2248793     0.2405313     0.2669733     0.2887952             0
             0    -0.3407749    -0.3312115    -0.3230596    -0.3164538    -0.3086395    -0.2995286    -0.2903779    -0.2831981     -0.277108    -0.2706708    -0.2621906    -0.2494163    -0.2334984    -0.2163535    -0.1981367     -0.179006    -0.1589951    -0.1382032    -0.1167773
 -9.493987E-02 -7.324753E-02 -4.980369E-02 -2.411227E-02  6.986256E-04  2.504792E-02     0.0489497  7.235989E-02  9.518081E-02     0.1172804      0.135856     0.1512167     0.1659574     0.1776775     0.1867318     0.1954481     0.2038128     0.2118143     0.2194326     0.2266265
     0.2349766     0.2465213     0.2580909     0.2685783     0.2778206     0.2856694     0.2923901     0.3038078      0.318361     0.3226381             0
             0    -0.4178381    -0.4118926    -0.4053211    -0.3994418    -0.3918723    -0.3823607    -0.3721631     -0.363815     -0.356554    -0.3487028    -0.3381485    -0.3218302    -0.3009387    -0.2780103    -0.2533456    -0.2272685    -0.1999019    -0.1714362    -0.1421051
    -0.1122278 -8.256887E-02 -5.054821E-02 -1.543363E-02  1.852125E-02  5.189863E-02  8.471136E-02     0.1168726     0.1481941     0.1784085     0.2035936     0.2242039     0.2436887     0.2588656     0.2703893     0.2812562     0.2914342     0.3008989      0.309624     0.3175676
     0.3264157     0.3377452     0.3478995     0.3558038     0.3616356     0.3655318     0.3679118     0.3702079     0.3651881     0.3489438             0
             0    -0.4804297    -0.4829015     -0.481331    -0.4785991    -0.4736844    -0.4659647    -0.4562405     -0.447516    -0.4395419    -0.4305538    -0.4180491    -0.3979336    -0.3712882    -0.3415489    -0.3093724    -0.2754394    -0.2400458    -0.2035011    -0.1661096
    -0.1282378 -9.078506E-02 -5.043092E-02 -6.095952E-03  3.698469E-02  7.966075E-02     0.1220445     0.1640908     0.2055697     0.2460656     0.2801116     0.3080201     0.3342802      0.354447     0.3695075     0.3833739     0.3959402     0.4071269     0.4168751     0.4251408
     0.4335582     0.4424002     0.4478128     0.4493006     0.4479471     0.4445381     0.4397286     0.4283051     0.4003758      0.366212             0
             0    -0.5281418    -0.5429099    -0.5500976    -0.5535476    -0.5546988    -0.5521688    -0.5453206    -0.5373372    -0.5291488    -0.5191029    -0.5042505    -0.4789343    -0.4442608    -0.4054343    -0.3638703    -0.3208382    -0.2768111    -0.2321413    -0.1870906
    -0.1419477 -9.760588E-02 -4.997507E-02  2.469233E-03  5.379269E-02      0.105254     0.1572558     0.2100243     0.2635438     0.3174929     0.3644262      0.403833     0.4416263     0.4708884     0.4926163     0.5122384     0.5293351     0.5435482     0.5546279     0.5624839
       0.56839     0.5693579     0.5627425     0.5505008     0.5357961     0.5205048     0.5053299     0.4761961     0.4254169     0.3772663             0
             0     -0.556095    -0.5825326    -0.5999753    -0.6117309    -0.6224774    -0.6299334    -0.6303083    -0.6252436    -0.6176677    -0.6063071     -0.587643    -0.5537848    -0.5074629    -0.4572597    -0.4054823    -0.3537509    -0.3023511    -0.2513719    -0.2008123
    -0.1507317    -0.1018821 -4.956708E-02  8.132878E-03  6.496273E-02     0.1226106     0.1819063     0.2436096     0.3083721     0.3766778      0.439647     0.4953217     0.5518392      0.598148     0.6335858     0.6661238     0.6941528     0.7159176     0.7298813     0.7353833
     0.7328088     0.7123019     0.6792938     0.6427751     0.6083884     0.5783139     0.5520449     0.5064192     0.4392512     0.3829103             0
             0     -0.568956    -0.6020935    -0.6264192    -0.6445462    -0.6640384    -0.6829358    -0.6946574    -0.6959356    -0.6904414    -0.6766771    -0.6512581    -0.6054336    -0.5468758    -0.4870852    -0.4280173    -0.3708035    -0.3151701    -0.2608083    -0.2074392
    -0.1549267    -0.1039048 -4.935399E-02  1.086254E-02  7.037181E-02     0.1311186     0.1942263     0.2608768     0.3323593     0.4101543     0.4852173     0.5548465     0.6300946     0.6968738      0.751227     0.8045049     0.8531835      0.891802     0.9132451     0.9117925
     0.8891286     0.8307199      0.762787     0.7013831     0.6502817     0.6094575     0.5760412     0.5208468     0.4454392     0.3853479             0
             0    -0.5761518    -0.6134754    -0.6425319    -0.6654941    -0.6926386     -0.724023    -0.7534322     -0.770118    -0.7725713    -0.7506776    -0.7096167    -0.6457481    -0.5742433    -0.5063217    -0.4418846    -0.3809855    -0.3226745    -0.2662603    -0.2112342
    -0.1573149    -0.1050509 -4.922837E-02  1.242187E-02  7.347037E-02     0.1360246     0.2014065     0.2711027     0.3469055     0.4311806     0.5152375     0.5962604     0.6887814     0.7777597     0.8558355     0.9401278      1.027223      1.107515      1.158019      1.128804
      1.055747     0.9359457     0.8265765     0.7417635      0.677126     0.6285056     0.5902927     0.5290717     0.4488524     0.3866699             0
             0    -0.5798593     -0.619505    -0.6513993    -0.6775588    -0.7106125    -0.7545786    -0.8117662    -0.8718617    -0.9182734    -0.8523261    -0.7677324    -0.6758954    -0.5915639    -0.5174847    -0.4495658    -0.3864795    -0.3266611    -0.2691284    -0.2132184
    -0.1585584    -0.1056459 -4.916168E-02  1.323526E-02     0.0750899     0.1386005     0.2052045     0.2765746     0.3548301     0.4429657     0.5327891     0.6217928     0.7279932     0.8379083     0.9426485      1.070543       1.23094      1.437356      1.707909      1.462861
      1.240105      1.023986     0.8705438     0.7665942      0.692499     0.6389785     0.5979472     0.5333617     0.4505948     0.3873376             0
