 51            10 
             0  1.692299E-02     0.0181361  1.881698E-02     0.0193304  1.991041E-02  2.055839E-02     0.0211841  2.166176E-02  2.205993E-02  2.247382E-02  2.301045E-02      0.023801     0.0247617  2.577629E-02  2.684125E-02  2.795279E-02  2.910694E-02  3.029954E-02  3.152624E-02
  3.278257E-02  3.406388E-02     0.0353654  3.668221E-02  3.800936E-02  3.934184E-02  4.067471E-02  4.200312E-02  4.332235E-02  4.462783E-02  4.575429E-02  4.670761E-02  4.764704E-02  4.841701E-02  4.902555E-02  4.962623E-02  5.021865E-02  5.080241E-02  5.137714E-02  5.194249E-02
  5.263704E-02  5.358286E-02  5.462135E-02  5.561538E-02  5.656325E-02     0.0574635  5.831493E-02  5.991821E-02     0.0628297  6.510713E-02             0
             0  1.679071E-02  1.800536E-02  1.868985E-02  1.920639E-02  1.979022E-02  2.044271E-02  2.107298E-02  2.155424E-02  2.195545E-02  2.237257E-02  2.291344E-02     0.0237104  2.467907E-02  2.570229E-02  2.677645E-02  2.789774E-02  2.906212E-02  3.026536E-02  3.150306E-02
  3.277063E-02  3.406337E-02     0.0353764  3.670472E-02  3.804325E-02  3.938691E-02  4.073066E-02  4.206954E-02  4.339873E-02  4.471358E-02  4.584765E-02  4.680708E-02  4.775217E-02  4.852647E-02  4.913826E-02  4.974197E-02     0.0503372  5.092354E-02  5.150063E-02  5.206811E-02
  5.276503E-02  5.371359E-02  5.475434E-02  5.574978E-02  5.669827E-02  5.759841E-02  5.844908E-02  6.004967E-02     0.0629494  6.520195E-02             0
             0  1.473086E-02      0.015966  1.670451E-02  1.726843E-02  1.791059E-02  1.863243E-02  1.933319E-02  1.987008E-02  2.031863E-02  2.078591E-02  2.139296E-02  2.228981E-02  2.338339E-02  2.454173E-02  2.576057E-02  2.703529E-02  2.836091E-02  2.973214E-02  3.114344E-02
  3.258897E-02  3.406268E-02  3.555825E-02  3.706917E-02  3.858876E-02     0.0401103  4.162711E-02  4.313258E-02  4.462033E-02  4.608418E-02  4.733902E-02  4.839519E-02  4.942977E-02  5.027226E-02  5.093509E-02  5.158624E-02  5.222524E-02  5.285165E-02  5.346506E-02  5.406513E-02
  5.479813E-02  5.578748E-02  5.686044E-02  5.787438E-02  5.882857E-02  5.972272E-02  6.055692E-02  6.210626E-02  6.480373E-02  6.665293E-02             0
             0  1.308828E-02  1.431574E-02  1.508346E-02  1.567611E-02  1.635643E-02  1.712646E-02  1.787864E-02     0.0184574  1.894221E-02  1.944855E-02  2.010792E-02  2.108533E-02  2.228187E-02  2.355354E-02  2.489543E-02  2.630208E-02  2.776756E-02  2.928561E-02     0.0308496
     0.0324526  3.408738E-02  3.574639E-02  3.742177E-02     0.0391054  4.078901E-02  4.246428E-02  4.412288E-02     0.0457566  4.735742E-02  4.872263E-02  4.986643E-02      0.050981  5.188328E-02  5.259007E-02  5.328121E-02  5.395612E-02  5.461429E-02  5.525528E-02  5.587872E-02
  5.663572E-02  5.764791E-02  5.873127E-02  5.974112E-02  6.067828E-02  6.154416E-02     0.0623407  6.379954E-02  6.623826E-02  6.769521E-02             0
             0  1.198501E-02  1.318751E-02  1.396312E-02  1.456732E-02  1.526615E-02  1.606251E-02  1.684531E-02  1.745024E-02  1.795834E-02  1.849035E-02  1.918481E-02  2.021757E-02  2.148656E-02  2.283931E-02  2.427013E-02  2.577271E-02  2.734029E-02  2.896575E-02  3.064169E-02
  3.236046E-02  3.411411E-02  3.589441E-02  3.769269E-02  3.949999E-02  4.130705E-02     0.0431044  4.488236E-02  4.663113E-02  4.834089E-02     0.0497943  5.100809E-02  5.218614E-02  5.313518E-02  5.387584E-02  5.459711E-02  5.529826E-02  5.597867E-02  5.663783E-02  5.727537E-02
  5.804492E-02  5.906436E-02  6.014132E-02  6.113192E-02  6.203907E-02  6.286643E-02  6.361809E-02  6.497829E-02  6.718085E-02     0.0683422             0
             0  1.126593E-02  1.243865E-02     0.0132108  1.381674E-02  1.452218E-02  1.533108E-02  1.613091E-02  1.675154E-02  1.727419E-02  1.782272E-02  1.854034E-02  1.961067E-02  2.093004E-02  2.233985E-02  2.383353E-02  2.540389E-02  2.704338E-02  2.874425E-02  3.049857E-02
  3.229831E-02  3.413523E-02  3.600081E-02  3.788612E-02  3.978186E-02  4.167836E-02  4.356555E-02  4.543293E-02  4.726958E-02  4.906418E-02  5.058749E-02  5.185725E-02  5.308627E-02  5.407269E-02  5.484015E-02  5.558483E-02  5.630576E-02  5.700213E-02  5.767334E-02  5.831896E-02
  5.909375E-02     0.0601107  6.117152E-02  6.213523E-02  6.300745E-02  6.379442E-02  6.450239E-02  6.577215E-02  6.778559E-02  6.874081E-02             0
             0  1.089393E-02  1.204465E-02  1.281036E-02  1.341387E-02  1.411945E-02  1.493195E-02  1.573875E-02  1.636673E-02  1.689658E-02  1.745366E-02  1.818365E-02  1.927473E-02     0.0206225  2.206463E-02  2.359377E-02  2.520207E-02  2.688147E-02  2.862384E-02  3.042103E-02
     0.0322649  3.414715E-02  3.605929E-02  3.799239E-02  3.993717E-02  4.188391E-02  4.382244E-02  4.574203E-02     0.0476313  4.947815E-02  5.104582E-02  5.235186E-02  5.361451E-02  5.462585E-02  5.541117E-02  5.617129E-02  5.690493E-02  5.761105E-02  5.828887E-02  5.893794E-02
  5.971314E-02  6.072311E-02  6.176647E-02  6.270607E-02  6.355014E-02      0.064307  6.498437E-02  6.619397E-02  6.809499E-02  6.893923E-02             0
             0  1.073233E-02  1.187205E-02  1.263383E-02  1.323543E-02  1.394015E-02  1.475334E-02     0.0155626  1.619353E-02  1.672641E-02  1.728724E-02  1.802278E-02  1.912334E-02  2.048421E-02  2.194121E-02  2.348655E-02  2.511204E-02     0.0268094  2.857033E-02  3.038662E-02
     0.0322501  3.415249E-02  3.608532E-02  3.803972E-02  4.000646E-02  4.197585E-02  4.393774E-02  4.588136E-02  4.779521E-02  4.966693E-02  5.125617E-02     0.0525802  5.385986E-02  5.488405E-02  5.567865E-02  5.644682E-02  5.718704E-02  5.789806E-02  5.857896E-02  5.922923E-02
  6.000368E-02  6.100835E-02  6.204085E-02     0.0629667  6.379562E-02  6.453694E-02  6.519907E-02  6.637948E-02  6.822874E-02      0.069024             0
             0  1.064445E-02  1.177778E-02  1.253709E-02  1.313738E-02  1.384133E-02     0.0146546  1.546499E-02  1.609742E-02  1.663193E-02  1.719481E-02  1.793343E-02  1.903934E-02  2.040761E-02  2.187297E-02  2.342737E-02  2.506243E-02  2.676973E-02     0.0285409  3.036772E-02
  3.224197E-02  3.415543E-02  3.609964E-02  3.806577E-02  4.004462E-02  4.202655E-02  4.400144E-02  4.595851E-02  4.788623E-02  4.977213E-02  5.137385E-02  5.270842E-02  5.399819E-02  5.503014E-02  5.583041E-02  5.660353E-02  5.734782E-02  5.806182E-02  5.874451E-02  5.939529E-02
  6.016889E-02  6.116969E-02  6.219502E-02  6.311222E-02  6.393194E-02  6.466406E-02  6.531731E-02  6.648098E-02  6.830131E-02  6.906974E-02             0
             0  1.059998E-02  1.172996E-02     0.0124879  1.308743E-02  1.379088E-02  1.460407E-02  1.541493E-02  1.604808E-02     0.0165834  1.714733E-02  1.788755E-02  1.899625E-02  2.036837E-02  2.183807E-02  2.339714E-02  2.503711E-02     0.0267495  2.852591E-02  3.035809E-02
  3.223784E-02  3.415693E-02  3.610693E-02  3.807904E-02  4.006408E-02  4.205243E-02  4.403398E-02  4.599799E-02     0.0479329     0.0498262  5.143451E-02     0.0527747  5.406994E-02  5.510615E-02  5.590957E-02     0.0566855     0.0574321  5.814781E-02  5.883147E-02  5.948244E-02
  6.025535E-02  6.125368E-02  6.227481E-02  6.318717E-02  6.400187E-02  6.472906E-02  6.537762E-02  6.653253E-02  6.833798E-02  6.909277E-02             0
