 51            10 
             0     -0.257466    -0.2484132    -0.2412469    -0.2356006    -0.2290934    -0.2217332    -0.2145563    -0.2090418    -0.2044266    -0.1996109    -0.1933452    -0.1840705    -0.1727409    -0.1607319    -0.1481011    -0.1349102    -0.1212233    -0.1071128 -9.266172E-02
 -7.795195E-02    -0.0629349    -0.0457289 -2.853081E-02 -1.140848E-02   5.57226E-03     0.0223475  3.885531E-02  5.503607E-02     0.0708329  8.427238E-02  9.552155E-02      0.106481     0.1153577     0.1223167     0.1291289     0.1357904     0.1422979     0.1486482     0.1548387
     0.1623743     0.1724928     0.1833901     0.1936153     0.2031678     0.2120517     0.2202758     0.2354307     0.2612511     0.2828407             0
             0    -0.2625506    -0.2534457    -0.2462112    -0.2405102    -0.2339376    -0.2264922    -0.2192159    -0.2136143    -0.2089198    -0.2040145    -0.1976233     -0.188144    -0.1765384    -0.1642183    -0.1512527     -0.137709    -0.1236431     -0.109122 -9.423212E-02
 -7.906942E-02 -6.361428E-02 -4.600134E-02 -2.837567E-02 -1.083125E-02  6.563266E-03     0.0237414  4.063865E-02  5.719237E-02  7.334206E-02  8.706901E-02  9.854872E-02      0.109721     0.1187589     0.1258376       0.13276     0.1395221     0.1461204     0.1525517     0.1588138
     0.1664276     0.1766335     0.1875994     0.1978641     0.2074277     0.2162944     0.2244752     0.2394984      0.264824     0.2855628             0
             0    -0.3403865    -0.3308145    -0.3226768    -0.3160645    -0.3082134    -0.2990663    -0.2898878    -0.2826906    -0.2765891     -0.270144    -0.2616608    -0.2489008    -0.2330228    -0.2159406    -0.1977709    -0.1786346    -0.1586394    -0.1379084     -0.116591
    -0.0948474 -7.266665E-02 -4.737724E-02 -2.210714E-02  2.980692E-03     0.0277568  5.209077E-02  7.585002E-02  9.889951E-02      0.121103     0.1396728     0.1549748     0.1696111     0.1812151     0.1901677     0.1987796     0.2070425     0.2149501      0.222498     0.2296839
     0.2382135     0.2492101     0.2603669     0.2701695     0.2786925     0.2860227     0.2922576     0.3027411      0.315684     0.3189917             0
             0    -0.4172434    -0.4111925     -0.404566    -0.3986407    -0.3909929    -0.3814042    -0.3711487    -0.3627678    -0.3554869    -0.3476246      -0.33707    -0.3207873    -0.2999852    -0.2771856    -0.2526367    -0.2265942    -0.1992814    -0.1709206    -0.1417461
    -0.1119815 -8.158453E-02 -4.680628E-02 -1.204161E-02  2.251417E-02  5.670056E-02  9.033689E-02     0.1232135     0.1550855     0.1856701     0.2110281     0.2316948     0.2511493     0.2662367     0.2776615     0.2884091     0.2984532     0.3077743     0.3163605     0.3242079
     0.3330997     0.3436628     0.3530251     0.3599475     0.3647479     0.3677545     0.3692845     0.3699691     0.3623084     0.3449221             0
             0    -0.4795217    -0.4816075    -0.4797538    -0.4768354    -0.4716971    -0.4637585    -0.4538793    -0.4450779    -0.4370656    -0.4280665    -0.4155861    -0.3955915    -0.3691988    -0.3397808    -0.3079191    -0.2741612    -0.2389363    -0.2025975    -0.1654487
     -0.127726 -8.927629E-02 -4.517856E-02 -1.027786E-03  4.307551E-02  8.706143E-02     0.1308085     0.1741153     0.2166699     0.2580186     0.2926017     0.3208281     0.3472577     0.3674436     0.3824604      0.396232     0.4086596     0.4196664     0.4292043     0.4372587
     0.4454986     0.4533735     0.4574569     0.4575968     0.4547866     0.4499066     0.4436731     0.4295909     0.3976174     0.3619659             0
             0    -0.5268453    -0.5406723    -0.5470338    -0.5499111    -0.5503968    -0.5471848    -0.5398499    -0.5316466     -0.523372    -0.5133403     -0.498632      -0.47376    -0.4398495    -0.4018649    -0.3611009    -0.3185816    -0.2749725    -0.2306986    -0.1860331
    -0.1411105    -0.0955593 -4.330156E-02  9.132586E-03     0.0618932      0.115174     0.1691136       0.22375      0.278951     0.3343137     0.3821852     0.4221623     0.4602619     0.4895534      0.511198     0.5306505     0.5475159     0.5614509     0.5722169     0.5797319
     0.5851877     0.5853994     0.5770798     0.5634096     0.5469678     0.5295447     0.5122597     0.4792178     0.4229053     0.3728919             0
             0    -0.5544698    -0.5792738    -0.5950281    -0.6054693    -0.6145405     -0.620051    -0.6188285    -0.6129969     -0.605161     -0.593972     -0.575985    -0.5436913    -0.4994702    -0.4512103    -0.4010878    -0.3504065    -0.2997744    -0.2494257     -0.199409
    -0.1496317 -9.945548E-02 -4.195407E-02  1.584607E-02     0.0743882     0.1342045     0.1958394      0.259832     0.3266658     0.3966532     0.4605579      0.516542     0.5727543     0.6182501     0.6527836      0.684252     0.7111895     0.7320011     0.7452876     0.7504016
     0.7474265     0.7283453     0.6948829     0.6581455     0.6225581     0.5900421     0.5611869     0.5107045     0.4369393     0.3784766             0
             0    -0.5671533       -0.5982     -0.620146     -0.636242    -0.6528543     -0.667823    -0.6753537    -0.6739525    -0.6674096    -0.6546006    -0.6317694    -0.5901221    -0.5357087    -0.4791207    -0.4224959    -0.3667668    -0.3121538     -0.258577    -0.2058478
    -0.1536892    -0.1012905 -4.129017E-02  1.907711E-02  8.042961E-02     0.1435122       0.20915     0.2782793     0.3519721     0.4314335     0.5070982     0.5763481     0.6499569     0.7140396     0.7655157     0.8153459     0.8604022     0.8958983      0.915573     0.9141377
     0.8924394     0.8408321     0.7761593     0.7168236     0.6656281     0.6224357       0.58626     0.5257558     0.4432283     0.3808897             0
             0    -0.5742419    -0.6091681    -0.6353227    -0.6556304    -0.6786289    -0.7032892    -0.7227694    -0.7296852    -0.7264041    -0.7101504    -0.6787706    -0.6248365    -0.5603173    -0.4968972    -0.4355728    -0.3764903    -0.3193784    -0.2638527    -0.2095289
    -0.1559958    -0.1023282 -4.090779E-02     0.0209212  8.388707E-02      0.148872      0.216891     0.2891668      0.367234     0.4530886     0.5373563     0.6172186     0.7064971     0.7902433     0.8624718     0.9392298      1.017631      1.089661      1.135478      1.108174
      1.040481     0.9367446     0.8364667     0.7564611     0.6929578      0.642155     0.6011199     0.5343398     0.4467003     0.3821987             0
             0    -0.5778912    -0.6149608    -0.6436161    -0.6666545    -0.6943843    -0.7279485    -0.7628741    -0.7863158    -0.7932001    -0.7666864    -0.7186611    -0.6491069    -0.5754684    -0.5070844    -0.4427706    -0.3817182    -0.3232078    -0.2666239    -0.2114513
    -0.1571957    -0.1028662 -4.070745E-02  2.188253E-02  8.569292E-02     0.1516834     0.2209794     0.2949779     0.3755133     0.4651414      0.554854     0.6420316      0.743504     0.8455079     0.9408158      1.055393      1.198371      1.385375      1.644273      1.406687
      1.200417      1.013954     0.8768818     0.7803678     0.7084675     0.6529512     0.6090862     0.5388176     0.4484736     0.3828599             0
