 51            10 
             0    -0.2575423    -0.2484839    -0.2413148    -0.2356672    -0.2291595    -0.2217989    -0.2146215    -0.2091065    -0.2044907    -0.1996743    -0.1934074    -0.1841305    -0.1727976    -0.1607847    -0.1481501    -0.1349555    -0.1212635    -0.1071454 -9.268957E-02
 -7.803043E-02 -6.382662E-02 -5.171997E-02    -0.0315582 -1.315016E-02  4.379827E-03  2.138681E-02  3.799592E-02  5.423098E-02  7.007166E-02  8.355337E-02     0.0948436     0.1058494     0.1147687     0.1217637     0.1286137     0.1353147     0.1418635     0.1482572     0.1544939
     0.1620916     0.1723095     0.1833405      0.193718     0.2034344     0.2124835     0.2208683     0.2363289     0.2626387     0.2814427             0
             0      -0.26265    -0.2535403       -0.2463    -0.2405985    -0.2340303    -0.2265899    -0.2193173    -0.2137178    -0.2090245    -0.2041198    -0.1977284     -0.188246    -0.1766332    -0.1643034    -0.1513307    -0.1377862    -0.1237166    -0.1091847 -9.428084E-02
 -7.915307E-02 -6.450276E-02 -4.681014E-02 -2.894425E-02 -1.147248E-02   5.84212E-03  2.294579E-02  3.978514E-02  5.630497E-02  7.244697E-02  8.618832E-02  9.769155E-02     0.1088958     0.1179645     0.1250686     0.1320159     0.1388012     0.1454199     0.1518686     0.1581455
       0.16578     0.1760575     0.1871432     0.1975756     0.2073375     0.2163776     0.2247155     0.2400317     0.2658786      0.287073             0
             0    -0.3405207    -0.3309477    -0.3228064    -0.3161954    -0.3083517    -0.2992125      -0.29004    -0.2828463    -0.2767469     -0.270303    -0.2618195    -0.2490548    -0.2331657    -0.2160678    -0.1978859    -0.1787465    -0.1587445    -0.1379972    -0.1166603
 -9.496953E-02 -7.395148E-02 -4.857161E-02 -2.298941E-02  1.959295E-03  2.658476E-02  5.077612E-02  7.441814E-02  9.738778E-02     0.1195532     0.1381248     0.1534481     0.1681222      0.179768     0.1887575     0.1974083     0.2057106     0.2136569     0.2212421     0.2284642
     0.2370433     0.2481582     0.2595008     0.2695369     0.2783298     0.2859078     0.2923729     0.3032887     0.3169771      0.320691             0
             0    -0.4174382    -0.4114109    -0.4047981    -0.3988847    -0.3912549    -0.3816844    -0.3714423    -0.3630685    -0.3557916    -0.3479309     -0.337375    -0.3210818    -0.3002558    -0.2774238    -0.2528455     -0.226788    -0.1994574    -0.1710689    -0.1418663
    -0.1121804 -8.340543E-02 -4.859894E-02 -1.350333E-02  2.076522E-02  5.464799E-02  8.799053E-02     0.1206079     0.1522738     0.1827154     0.2080056     0.2286496     0.2481142      0.263234     0.2746953     0.2854883     0.2955849      0.304964     0.3136123      0.321526
     0.3305098     0.3412574     0.3509154     0.3581813     0.3633863     0.3667949     0.3687129     0.3701333     0.3636891     0.3467934             0
             0    -0.4798031    -0.4819847    -0.4802021    -0.4773328    -0.4722503     -0.464366    -0.4545247    -0.4457413    -0.4377374    -0.4287394    -0.4162508    -0.3962234     -0.369765    -0.3402655    -0.3083249     -0.274514    -0.2392406    -0.2028482     -0.165653
    -0.1280307 -9.165929E-02 -4.763138E-02 -3.168813E-03  4.046207E-02  8.394896E-02      0.127202     0.1700531     0.2122196     0.2532695     0.2876812     0.3158215     0.3422253     0.3624358     0.3774929     0.3913219     0.4038199     0.4149059     0.4245285     0.4326708
     0.4410256     0.4490968     0.4535495     0.4541084     0.4518516     0.4475814     0.4419635      0.429062     0.3989369     0.3639395             0
             0     -0.527231    -0.5412965     -0.547866    -0.5508935    -0.5515496    -0.5485109    -0.5412993     -0.533151    -0.5248967    -0.5148588      -0.50011    -0.4751206    -0.4410143    -0.4028147    -0.3618506    -0.3191893    -0.2754663    -0.2310898    -0.1863449
    -0.1415316 -9.845432E-02 -4.635751E-02  6.364569E-03     0.0584805     0.1110778     0.1643346      0.218337     0.2730061     0.3279928     0.3757174     0.4157057     0.4539594     0.4834847     0.5053548       0.52505     0.5421491       0.55628     0.5671797      0.574752
     0.5801851      0.580212     0.5719193     0.5583847     0.5424456     0.5257637      0.509309     0.4779216     0.4241087     0.3749235             0
             0    -0.5549425    -0.5801628    -0.5963421    -0.6071271    -0.6166322    -0.6226513    -0.6218634    -0.6162524    -0.6084924    -0.5972447    -0.5790536    -0.5463279    -0.5015588    -0.4527982    -0.4022601    -0.3512962    -0.3004589    -0.2499472    -0.1998129
     -0.150141    -0.1026873 -4.539967E-02  1.267789E-02  7.046945E-02      0.129492     0.1903428     0.2536371     0.3199638     0.3897776     0.4539899     0.5106454     0.5680189     0.6149034     0.6507189     0.6835458     0.7117585     0.7335429     0.7472648     0.7521355
     0.7481284     0.7266885     0.6912282     0.6531833      0.617397     0.5854173     0.5574281      0.508873      0.438051      0.380535             0
             0    -0.5676727    -0.5992528    -0.6217985    -0.6384274    -0.6558012    -0.6718596    -0.6807117    -0.6803333    -0.6742679     -0.660999    -0.6371615    -0.5941905    -0.5386347     -0.481205    -0.4239616    -0.3678359    -0.3129517    -0.2591722    -0.2063015
    -0.1542437    -0.1046842 -4.492088E-02  1.572076E-02  7.627475E-02     0.1385161     0.2033338     0.2717655     0.3450413     0.4246166     0.5012006     0.5720764      0.648485     0.7161626     0.7712306     0.8252599     0.8747395     0.9140529     0.9355633     0.9325259
     0.9061918     0.8466465     0.7759153     0.7129973     0.6605726     0.6175489     0.5821612     0.5236682     0.4442941     0.3829591             0
             0    -0.5747895    -0.6103276    -0.6372148    -0.6582241    -0.6823529    -0.7090474    -0.7323069     -0.744278    -0.7450524    -0.7247605    -0.6883409    -0.6306207     -0.564005    -0.4993661    -0.4372455    -0.3776783    -0.3202485    -0.2644933    -0.2100128
    -0.1565768    -0.1058143 -4.464341E-02  1.745882E-02  7.959982E-02     0.1437185     0.2109017     0.2824931     0.3602292     0.4464555     0.5322165     0.6146789     0.7086357     0.7989476     0.8783897     0.9647021      1.055015      1.140117      1.195585      1.159091
      1.075259     0.9524232     0.8401888     0.7539759       0.68819     0.6371916     0.5968513     0.5321075     0.4477396     0.3842739             0
             0    -0.5784541    -0.6161814     -0.645656    -0.6695278    -0.6987673    -0.7358463    -0.7812149    -0.8300035    -0.8770124    -0.8103912    -0.7370332    -0.6570261    -0.5798045    -0.5098178    -0.4445709    -0.3829755    -0.3241185    -0.2672895    -0.2119514
    -0.1577908    -0.1064005 -4.449752E-02  1.836535E-02  8.133751E-02     0.1464494     0.2149034       0.28823     0.3684952     0.4586771     0.5503131     0.6408873     0.7487751     0.8606194     0.9679363      1.101006      1.273117      1.508511      1.867007      1.531326
      1.266977      1.040589     0.8842514      0.779028     0.7039776     0.6479853     0.6047409     0.5365108     0.4494989      0.384938             0
