 51            10 
             0    -0.2575996    -0.2485371    -0.2413659    -0.2357175    -0.2292096     -0.221849    -0.2146715    -0.2091563    -0.2045402    -0.1997233    -0.1934557    -0.1841771    -0.1728415    -0.1608255    -0.1481878    -0.1349902    -0.1212939    -0.1071688 -9.270468E-02
 -7.803825E-02 -6.337101E-02 -4.650782E-02 -2.956126E-02 -1.262378E-02  4.221295E-03  2.090246E-02  3.735616E-02  5.352274E-02  6.934413E-02  8.283611E-02  9.414763E-02     0.1051842     0.1141352     0.1211581     0.1280382     0.1347715     0.1413545     0.1477848     0.1540609
     0.1617125     0.1720188     0.1831724     0.1936921      0.203565      0.212773     0.2213142     0.2370789     0.2640302      0.286766             0
             0    -0.2627303    -0.2536176    -0.2463718    -0.2406701    -0.2341072    -0.2266722    -0.2194038    -0.2138068    -0.2091151    -0.2042114    -0.1978201    -0.1883351    -0.1767158    -0.1643764    -0.1513971    -0.1378534    -0.1237811    -0.1092388 -9.431756E-02
 -7.916541E-02 -6.402027E-02 -4.692832E-02 -2.949422E-02 -1.210846E-02  5.125086E-03  2.215343E-02  3.893425E-02  5.541972E-02     0.0715537  8.530916E-02  9.683573E-02     0.1080718     0.1171712     0.1243006     0.1312726     0.1380809       0.14472     0.1511856     0.1574765
      0.165129     0.1754786      0.186683      0.197283     0.2072444     0.2164569     0.2249507     0.2405585     0.2669241     0.2886732             0
             0    -0.3406303    -0.3310583    -0.3229137    -0.3163044    -0.3084689    -0.2993384    -0.2901725    -0.2829828     -0.276886    -0.2704436    -0.2619605     -0.249192    -0.2332925    -0.2161794    -0.1979859    -0.1788456    -0.1588383    -0.1380756    -0.1167141
 -9.499081E-02 -7.327021E-02 -4.878115E-02 -2.384806E-02  9.438775E-04  2.541786E-02  4.946587E-02  7.299005E-02     0.0958794     0.1180064     0.1365796     0.1519241     0.1666358     0.1783232     0.1873495      0.196039     0.2043806     0.2123654     0.2199874     0.2272448
     0.2358704     0.2471038     0.2586314     0.2689004     0.2779641     0.2857885     0.2924826     0.3038288     0.3182597     0.3224883             0
             0    -0.4176026    -0.4116008     -0.405002    -0.3991006    -0.3914896    -0.3819379    -0.3717099    -0.3633439    -0.3560715    -0.3482132    -0.3376567    -0.3213541    -0.3005052    -0.2776414    -0.2530347    -0.2269651    -0.1996192    -0.1712041    -0.1419662
     -0.112241    -0.0825261 -4.904142E-02 -1.493283E-02  1.902469E-02  5.260308E-02  8.565114E-02     0.1180086     0.1494682     0.1797666     0.2049887     0.2256097     0.2450842     0.2602362     0.2717339     0.2825721     0.2927209     0.3021577     0.3108678     0.3188467
     0.3279197     0.3388511      0.348805     0.3564126     0.3620232     0.3658323     0.3681372     0.3702907     0.3650582     0.3487705             0
             0    -0.4800489    -0.4823272    -0.4806158    -0.4777948    -0.4727682    -0.4649386    -0.4551357     -0.446371    -0.4383761    -0.4293801    -0.4168845    -0.3968258    -0.3703035    -0.3407235    -0.3087052    -0.2748456    -0.2395272    -0.2030825    -0.1658318
    -0.1281596    -0.0906222 -4.837687E-02  -5.26933E-03  3.785936E-02  8.084649E-02     0.1236048     0.1659992     0.2077769     0.2485271     0.2827661     0.3108191     0.3371958     0.3574297     0.3725263     0.3864119     0.3989795     0.4101443     0.4198512      0.428081
     0.4365493     0.4448143     0.4496408     0.4506155     0.4489144     0.4452541     0.4402512     0.4285277     0.4002449      0.366024             0
             0    -0.5275768      -0.54188    -0.5486565    -0.5518315    -0.5526562    -0.5497896    -0.5427007    -0.5346075    -0.5263742    -0.5163316    -0.5015444     -0.476441    -0.4421418    -0.4037299    -0.3625672    -0.3197704    -0.2759383    -0.2314614    -0.1866263
     -0.141744 -9.729957E-02     -0.047394  3.643912E-03  5.507997E-02     0.1069928     0.1595652     0.2129314     0.2670656     0.3216717     0.3692435     0.4092367     0.4476367     0.4773891     0.4994791      0.519412     0.5367404     0.5510647     0.5620974     0.5697286
     0.5751435     0.5749828     0.5667367     0.5533374     0.5379104     0.5219762     0.5063542     0.4766211     0.4253008     0.3770695             0
             0    -0.5553725    -0.5810059    -0.5976085    -0.6087307    -0.6186632    -0.6251807    -0.6248112    -0.6194077    -0.6117188    -0.6004195    -0.5820405    -0.5489021    -0.5035963    -0.4543425    -0.4033913    -0.3521541    -0.3011184    -0.2504468    -0.2001832
    -0.1504205     -0.101465 -4.662533E-02  9.561169E-03  6.656326E-02     0.1247905     0.1848541     0.2474455     0.3132573     0.3828848     0.4473866     0.5046921     0.5631982      0.611442      0.648514     0.6826733     0.7121379     0.7348784     0.7490306     0.7536682
     0.7486589     0.7248757     0.6874853     0.6481518      0.612196     0.5807734     0.5536595      0.507037     0.4391516     0.3827094             0
             0    -0.5681482    -0.6002572    -0.6233997    -0.6405505    -0.6586671    -0.6757656    -0.6858132    -0.6863022    -0.6806421    -0.6669883    -0.6423029    -0.5981373    -0.5414892    -0.4832373    -0.4253809    -0.3688701    -0.3137228    -0.2597442    -0.2067201
    -0.1545582    -0.1034312 -4.623611E-02  1.241774E-02  7.213248E-02     0.1335305     0.1975242     0.2652517      0.338099     0.4177679       0.49524     0.5677015     0.6468508     0.7180538      0.776646      0.834796     0.8886163     0.9316739     0.9549783     0.9503912
     0.9195341     0.8521392     0.7755004     0.7090518     0.6554515     0.6126314     0.5780478     0.5215756     0.4453489     0.3851453             0
             0    -0.5752923    -0.6114371    -0.6390526    -0.6607469    -0.6859631     -0.714529    -0.7409862    -0.7570711    -0.7618951     -0.737574    -0.6970593    -0.6361377    -0.5675881    -0.5017738    -0.4388674    -0.3788294    -0.3210907      -0.26511    -0.2104605
     -0.156912    -0.1045441 -4.600926E-02  1.405081E-02  7.532515E-02      0.138575      0.204918      0.275817     0.3532078     0.4397793     0.5269911     0.6119948     0.7105367     0.8072906     0.8938114     0.9894966      1.091481      1.189298      1.253567      1.208747
       1.10924     0.9675804     0.8436556     0.7513279     0.6833357     0.6321887     0.5925643       0.52987     0.4487678     0.3864663             0
             0    -0.5789717    -0.6173511    -0.6476395     -0.672321    -0.7029883    -0.7431669    -0.7970507    -0.8694381    -0.9929355    -0.8498459     -0.752907    -0.6643773    -0.5839871    -0.5124804    -0.4463173    -0.3841945    -0.3250005    -0.2679309     -0.212415
    -0.1581371    -0.1051216 -4.588958E-02  1.490308E-02  7.699467E-02     0.1412252     0.2088324     0.2814783     0.3614572     0.4521626     0.5456709     0.6395686     0.7537468     0.8752469     0.9943444      1.145532      1.345982      1.625906      2.040906      1.650192
      1.332019      1.066484     0.8912925     0.7774932     0.6993868     0.6429741     0.6003746     0.5341984     0.4505132     0.3871336             0
