 51            10 
             0    -0.2594178    -0.2505925    -0.2437768    -0.2382777    -0.2318415    -0.2246654    -0.2177618    -0.2125103    -0.2081448    -0.2036207    -0.1977755    -0.1892157    -0.1787362    -0.1672155    -0.1541276    -0.1399427      -0.12589    -0.1112574 -9.604168E-02
 -8.083933E-02    -0.0656918 -4.994612E-02 -3.369987E-02 -1.777257E-02 -1.418981E-03  1.525252E-02  3.130337E-02  4.751637E-02  6.380774E-02  7.735256E-02  8.849874E-02  9.915786E-02     0.1076025     0.1141041      0.120776     0.1275961     0.1341126     0.1403103     0.1466514
     0.1547402     0.1650826     0.1764074     0.1871621      0.196407     0.2063785     0.2167413     0.2346283     0.2624789     0.2861593             0
             0    -0.2640121    -0.2550685    -0.2481233    -0.2425254    -0.2359778    -0.2286544    -0.2215814     -0.216185    -0.2116905    -0.2070243    -0.2009855    -0.1921251    -0.1812752    -0.1693747    -0.1559556    -0.1415031    -0.1271554    -0.1121757     -0.096568
 -8.091732E-02 -6.527151E-02 -4.901917E-02 -3.228786E-02 -1.587937E-02  9.151538E-04     0.0179672  3.438517E-02  5.096707E-02  6.760979E-02  8.147431E-02  9.290928E-02     0.1038694     0.1125638     0.1192526     0.1260931     0.1330546     0.1396908      0.145993     0.1524287
     0.1606043     0.1710531      0.182492     0.1933139      0.202615     0.2124765     0.2224077     0.2394314     0.2662874     0.2887406             0
             0     -0.342427    -0.3331868    -0.3254982    -0.3190948    -0.3113721    -0.3024686    -0.2936162    -0.2867228    -0.2809071    -0.2747951    -0.2667935    -0.2548649     -0.239982    -0.2234067    -0.2044954    -0.1839534    -0.1635334    -0.1421542     -0.119828
 -9.740982E-02 -7.499135E-02 -5.172086E-02    -0.0278041 -4.414001E-03  1.942781E-02  4.350959E-02  6.653307E-02  8.956893E-02     0.1124336     0.1312097     0.1464932     0.1609174     0.1721547     0.1806818     0.1892692     0.1978778     0.2059478     0.2134707     0.2209959
     0.2303684     0.2419547     0.2539919      0.264791      0.273516     0.2820762     0.2901487     0.3029446      0.318381     0.3227741             0
             0    -0.4208251    -0.4159567    -0.4104077    -0.4051858    -0.3982016    -0.3893559    -0.3798018    -0.3719501    -0.3651117    -0.3577158    -0.3477832    -0.3324829    -0.3127344    -0.2902214    -0.2641729    -0.2356722    -0.2074458    -0.1779579    -0.1472326
    -0.1164512 -8.573219E-02 -5.389378E-02 -2.119583E-02  1.077898E-02  4.338308E-02  7.632727E-02     0.1078189     0.1392795     0.1703822     0.1957223     0.2161537     0.2351785     0.2497296     0.2606006     0.2713435     0.2818996     0.2915627     0.3003223     0.3088001
     0.3190071     0.3308918     0.3420342     0.3509265     0.3570946     0.3619159     0.3654598      0.369188     0.3657895     0.3492409             0
             0    -0.4856921    -0.4914147    -0.4926138    -0.4920295    -0.4893688    -0.4838391    -0.4757944    -0.4680785    -0.4608012    -0.4524046     -0.440529    -0.4211529    -0.3949533    -0.3644545    -0.3290238    -0.2904446    -0.2529031    -0.2142727    -0.1745217
    -0.1351053 -9.606388E-02 -5.578252E-02 -1.446275E-02  2.602064E-02  6.750311E-02     0.1097104     0.1504228     0.1915151     0.2324959      0.266089      0.293195     0.3183221      0.337308     0.3512954     0.3648415     0.3778266     0.3893251      0.399306     0.4084368
     0.4187506     0.4293595     0.4370369     0.4410702     0.4419247     0.4400925     0.4363087     0.4266589     0.4013378     0.3666288             0
             0    -0.5363611    -0.5587272    -0.5729257     -0.582442    -0.5905914    -0.5949683     -0.593122    -0.5876434    -0.5807611    -0.5712954    -0.5563368     -0.529564    -0.4918525    -0.4482144    -0.3987916    -0.3465235    -0.2975445    -0.2487263    -0.1996972
    -0.1519727    -0.1053051 -5.751285E-02 -8.584172E-03  3.950066E-02  8.917245E-02     0.1403329     0.1905426     0.2423661     0.2953028       0.33985     0.3764614       0.41089      0.437049      0.456221     0.4744917     0.4915157     0.5058661     0.5173777     0.5266882
     0.5355861      0.541493     0.5405686     0.5345339     0.5259144     0.5138533     0.4998968     0.4734865     0.4265532     0.3777659             0
             0    -0.5668721    -0.6063787    -0.6377361    -0.6629117    -0.6909832    -0.7176269    -0.7332922    -0.7355941    -0.7309657    -0.7192169     -0.696455    -0.6522015    -0.5920436    -0.5274193    -0.4593982      -0.39151    -0.3311475    -0.2734101    -0.2170619
     -0.163312    -0.1114432 -5.871735E-02 -4.844559E-03  4.824949E-02     0.1035295     0.1611862     0.2188678     0.2800559     0.3447223     0.4016559     0.4503965     0.4983554     0.5364888     0.5651236     0.5927709     0.6182945     0.6386878      0.652872     0.6609222
      0.663902     0.6565653     0.6376137     0.6144801     0.5925162     0.5685154     0.5441381     0.5026427     0.4404331     0.3834543             0
             0    -0.5811241    -0.6309641    -0.6748284    -0.7133851    -0.7619748    -0.8178171    -0.8648421    -0.8855934     -0.887501    -0.8693512    -0.8283321    -0.7531028    -0.6640313    -0.5784516    -0.4952506    -0.4163642    -0.3488246    -0.2859572    -0.2256764
    -0.1688503     -0.114419 -5.931365E-02 -3.071076E-03  5.244237E-02       0.11049     0.1714626     0.2331545     0.2997344     0.3717912      0.437573     0.4961368     0.5568662     0.6086089     0.6496621     0.6917573     0.7325838     0.7656922         0.786     0.7890964
      0.776888      0.745226      0.703098     0.6628004     0.6297921     0.5974523     0.5665377     0.5164573     0.4466294     0.3859113             0
             0    -0.5891632    -0.6456329     -0.698503    -0.7478762    -0.8157477    -0.9059379     -1.004952     -1.072794     -1.101762     -1.056689    -0.9687775    -0.8419697    -0.7188847    -0.6137578    -0.5184989    -0.4317556    -0.3594415    -0.2933423    -0.2306778
    -0.1720383    -0.1161249 -5.965886E-02 -2.065612E-03  5.483232E-02     0.1144818     0.1774088     0.2415309     0.3115121     0.3884957     0.4606874      0.527063     0.5992951     0.6655576     0.7220749     0.7859287     0.8554465     0.9206479     0.9653425     0.9465697
     0.8941444     0.8208978     0.7514559     0.6950916     0.6532387     0.6149774     0.5797356     0.5243015     0.4500439     0.3872439             0
             0    -0.5933281    -0.6535477    -0.7120205    -0.7689198    -0.8525291    -0.9790851     -1.162608     -1.375469     -1.628094     -1.359465     -1.126683     -0.915701    -0.7565166    -0.6354737    -0.5319161    -0.4402888    -0.3651848    -0.2972773    -0.2333166
    -0.1737102     -0.117017 -5.984049E-02 -1.543585E-03  5.607756E-02     0.1165703     0.1805391     0.2459825     0.3178698     0.3977396     0.4739681      0.545724     0.6269552     0.7068809      0.780956     0.8762373      1.002234      1.169724      1.409266       1.20513
      1.025785     0.8826881      0.783998     0.7144635     0.6664706     0.6245441     0.5867844     0.5283819     0.4517857      0.387917             0
