 51            10 
             0  3.754641E-02  3.773231E-02  3.784805E-02  3.793259E-02  3.802432E-02  3.812306E-02  3.821539E-02  3.828442E-02  3.834125E-02  3.839964E-02  3.847454E-02     0.0385833  3.871326E-02  3.884855E-02  3.898881E-02  3.913368E-02  3.928275E-02  3.943564E-02  3.959191E-02
  3.975114E-02  3.991289E-02     0.0400767  4.024213E-02  4.040871E-02  4.057598E-02  4.074348E-02  4.091073E-02  4.107729E-02     0.0412427  4.138603E-02  4.150777E-02  4.162821E-02  4.172735E-02  4.180593E-02  4.188375E-02  4.196074E-02  4.203685E-02  4.211205E-02  4.218628E-02
  4.227779E-02  4.240309E-02  4.254169E-02  4.267535E-02  4.280374E-02  4.292657E-02  4.304355E-02  4.326529E-02  4.367488E-02  4.404331E-02             0
             0  3.754273E-02  3.772881E-02     0.0378447  3.792935E-02  3.802121E-02     0.0381201  3.821258E-02  3.828171E-02  3.833863E-02  3.839712E-02  3.847215E-02  3.858109E-02  3.871128E-02  3.884681E-02  3.898732E-02  3.913245E-02     0.0392818  3.943496E-02  3.959152E-02
  3.975105E-02  3.991308E-02  4.007719E-02  4.024292E-02  4.040979E-02  4.057734E-02  4.074512E-02  4.091265E-02  4.107947E-02  4.124513E-02  4.138866E-02  4.151057E-02  4.163117E-02  4.173043E-02  4.180911E-02  4.188702E-02     0.0419641  4.204029E-02  4.211557E-02  4.218987E-02
  4.228147E-02  4.240688E-02  4.254558E-02  4.267933E-02     0.0428078  4.293069E-02  4.304771E-02     0.0432695  4.367907E-02     0.0440472             0
             0  3.748624E-02  3.767511E-02  3.779318E-02  3.787955E-02  3.797341E-02  3.807455E-02  3.816923E-02  3.824006E-02  3.829839E-02  3.835836E-02  3.843531E-02  3.854711E-02  3.868077E-02  3.881999E-02  3.896438E-02  3.911356E-02  3.926711E-02     0.0394246  3.958558E-02
     0.0397496  3.991619E-02  4.008486E-02  4.025512E-02  4.042649E-02  4.059847E-02  4.077056E-02  4.094227E-02  4.111312E-02  4.128261E-02  4.142931E-02  4.155381E-02  4.167686E-02  4.177805E-02     0.0418582  4.193752E-02  4.201593E-02     0.0420934  4.216988E-02     0.0422453
  4.233823E-02     0.0424653  4.260563E-02  4.274074E-02     0.0428703  4.299403E-02  4.311166E-02  4.333425E-02  4.374322E-02  4.410654E-02             0
             0  3.744571E-02  3.763643E-02  3.775598E-02  3.784354E-02  3.793878E-02     0.0380415  3.813773E-02  3.820976E-02  3.826911E-02  3.833013E-02  3.840846E-02  3.852231E-02     0.0386585     0.0388004  3.894764E-02  3.909979E-02  3.925645E-02  3.941714E-02  3.958141E-02
  3.974879E-02  3.991877E-02  4.009085E-02  4.026452E-02  4.043927E-02  4.061456E-02     0.0407899  4.096475E-02     0.0411386  4.131095E-02  4.146002E-02  4.158643E-02  4.171128E-02  4.181387E-02  4.189509E-02  4.197541E-02  4.205478E-02  4.213315E-02  4.221046E-02  4.228666E-02
  4.238049E-02  4.250867E-02  4.265004E-02  4.278595E-02  4.291612E-02  4.304026E-02  4.315813E-02  4.338085E-02  4.378845E-02  4.414735E-02             0
             0  3.742054E-02  3.761232E-02  3.773275E-02  3.782101E-02  3.791708E-02  3.802075E-02  3.811793E-02     0.0381907  3.825066E-02  3.831234E-02  3.839153E-02  3.850665E-02  3.864442E-02  3.878802E-02  3.893705E-02     0.0390911  3.924972E-02  3.941246E-02  3.957883E-02
  3.974835E-02  3.992051E-02  4.009478E-02  4.027065E-02  4.044757E-02  4.062501E-02  4.080244E-02  4.097933E-02  4.115513E-02  4.132933E-02  4.147991E-02  4.160755E-02  4.173355E-02  4.183703E-02  4.191892E-02  4.199988E-02  4.207984E-02  4.215876E-02  4.223658E-02  4.231326E-02
  4.240762E-02  4.253644E-02  4.267838E-02  4.281472E-02  4.294516E-02  4.306945E-02  4.318735E-02  4.340992E-02  4.381621E-02  4.417196E-02             0
             0  3.740502E-02  3.759741E-02  3.771836E-02  3.780703E-02  3.790359E-02  3.800784E-02  3.810559E-02  3.817881E-02  3.823915E-02  3.830123E-02  3.838095E-02  3.849687E-02  3.863562E-02  3.878027E-02  3.893042E-02  3.908565E-02  3.924552E-02  3.940954E-02  3.957723E-02
     0.0397481  3.992163E-02  4.009729E-02  4.027454E-02  4.045285E-02  4.063166E-02  4.081042E-02     0.0409886  4.116565E-02  4.134104E-02  4.149259E-02  4.162101E-02  4.174775E-02  4.185179E-02  4.193411E-02  4.201546E-02  4.209579E-02  4.217505E-02  4.225319E-02  4.233015E-02
  4.242482E-02  4.255402E-02  4.269627E-02  4.283282E-02  4.296338E-02     0.0430877  4.320556E-02  4.342793E-02     0.0438332  4.418685E-02             0
             0  3.739729E-02  3.758997E-02  3.771116E-02  3.780003E-02  3.789683E-02  3.800135E-02  3.809939E-02  3.817283E-02  3.823337E-02  3.829564E-02  3.837562E-02  3.849193E-02  3.863118E-02  3.877636E-02  3.892708E-02  3.908291E-02     0.0392434  3.940807E-02  3.957643E-02
  3.974799E-02  3.992221E-02  4.009857E-02  4.027653E-02  4.045553E-02  4.063504E-02  4.081449E-02  4.099333E-02  4.117101E-02  4.134701E-02  4.149906E-02  4.162789E-02      0.041755  4.185933E-02  4.194187E-02  4.202342E-02  4.210394E-02  4.218337E-02  4.226166E-02  4.233876E-02
  4.243359E-02  4.256296E-02  4.270535E-02  4.284198E-02  4.297258E-02  4.309689E-02  4.321471E-02  4.343694E-02  4.384163E-02  4.419418E-02             0
             0  3.739399E-02  3.758679E-02  3.770807E-02  3.779703E-02  3.789392E-02  3.799857E-02  3.809673E-02  3.817026E-02  3.823088E-02  3.829324E-02  3.837333E-02  3.848981E-02  3.862927E-02  3.877468E-02  3.892565E-02  3.908173E-02  3.924249E-02  3.940744E-02  3.957609E-02
  3.974793E-02  3.992246E-02  4.009912E-02  4.027738E-02  4.045669E-02  4.063649E-02  4.081624E-02  4.099537E-02  4.117333E-02  4.134959E-02  4.150186E-02  4.163086E-02  4.175814E-02  4.186259E-02  4.194522E-02  4.202687E-02  4.210747E-02  4.218697E-02  4.226533E-02  4.234248E-02
  4.243738E-02  4.256682E-02  4.270927E-02  4.284593E-02  4.297654E-02  4.310084E-02  4.321864E-02  4.344079E-02  4.384522E-02     0.0441973             0
             0  3.739221E-02  3.758506E-02  3.770641E-02  3.779541E-02  3.789236E-02  3.799707E-02  3.809529E-02  3.816888E-02  3.822953E-02  3.829194E-02     0.0383721  3.848867E-02  3.862824E-02  3.877378E-02  3.892487E-02  3.908109E-02  3.924199E-02  3.940709E-02     0.0395759
  3.974791E-02     0.0399226  4.009942E-02  4.027785E-02  4.045732E-02  4.063728E-02  4.081719E-02  4.099647E-02  4.117459E-02  4.135099E-02  4.150338E-02  4.163248E-02  4.175984E-02  4.186437E-02  4.194705E-02  4.202874E-02  4.210938E-02  4.218892E-02  4.226732E-02  4.234451E-02
  4.243943E-02  4.256891E-02  4.271139E-02  4.284807E-02  4.297868E-02  4.310298E-02  4.322076E-02  4.344288E-02  4.384716E-02  4.419897E-02             0
             0  3.739131E-02     0.0375842  3.770557E-02  3.779459E-02  3.789157E-02  3.799631E-02  3.809456E-02  3.816818E-02  3.822885E-02  3.829129E-02  3.837147E-02  3.848809E-02  3.862772E-02  3.877332E-02  3.892448E-02  3.908077E-02  3.924175E-02  3.940692E-02  3.957581E-02
     0.0397479  3.992266E-02  4.009957E-02  4.027808E-02  4.045764E-02  4.063768E-02  4.081767E-02  4.099703E-02  4.117522E-02     0.0413517  4.150414E-02  4.163329E-02     0.0417607  4.186526E-02  4.194797E-02  4.202968E-02  4.211035E-02  4.218991E-02  4.226832E-02  4.234553E-02
  4.244047E-02  4.256997E-02  4.271246E-02  4.284915E-02  4.297976E-02  4.310406E-02  4.322183E-02  4.344392E-02  4.384813E-02  4.419982E-02             0
