 51            10 
             0 -2.918405E-03 -1.365857E-03 -1.775814E-04  7.508855E-04  1.813879E-03  3.008766E-03  4.166739E-03  5.052438E-03  5.791531E-03  6.560556E-03  7.558453E-03  9.030201E-03  1.082095E-02  1.271418E-02  1.470314E-02  1.678066E-02  1.893917E-02  2.117076E-02  2.346719E-02
  2.581995E-02  2.822023E-02  3.065896E-02  3.312673E-02  3.561401E-02  3.811124E-02  4.060897E-02  4.309795E-02  4.556917E-02  4.801398E-02  5.012283E-02  5.190705E-02  5.366474E-02     0.0551049  5.624285E-02  5.736585E-02  5.847312E-02  5.956393E-02  6.063759E-02  6.169343E-02
     0.0629902  6.475537E-02  6.669237E-02  6.854536E-02  7.031124E-02  7.198745E-02  7.357194E-02  7.655429E-02  8.197402E-02  8.701496E-02             0
             0 -3.186309E-03 -1.625776E-03 -4.300577E-04  5.046312E-04  1.575165E-03  2.778957E-03   3.94594E-03  4.838733E-03  5.583853E-03  6.359254E-03  7.365557E-03  8.849971E-03  1.065653E-02  1.256683E-02  1.457405E-02     0.0166709  1.884971E-02  2.110243E-02  2.342068E-02
  2.579577E-02  2.821874E-02  3.068033E-02  3.317094E-02  3.568084E-02  3.820028E-02  4.071961E-02  4.322938E-02  4.572038E-02     0.0481838  5.030775E-02  5.210407E-02      0.053873  5.532173E-02  5.646612E-02  5.759512E-02  5.870795E-02  5.980386E-02  6.088217E-02  6.194222E-02
  6.324367E-02  6.501424E-02  6.695563E-02  6.881134E-02  7.057838E-02     0.0722543  7.383718E-02  7.681402E-02  8.221006E-02  8.720244E-02             0
             0 -7.359281E-03 -5.681656E-03 -4.374035E-03 -3.344975E-03 -2.159234E-03 -8.185709E-04  4.876236E-04  1.490387E-03  2.329109E-03  3.203723E-03  4.341013E-03  6.023265E-03   8.07735E-03  1.025558E-02     0.0125498  1.495112E-02  1.744999E-02  2.003628E-02  2.269932E-02
  2.542793E-02     0.0282105  3.103491E-02  3.388851E-02  3.675838E-02     0.0396315  4.249491E-02  4.533589E-02  4.814206E-02  5.090156E-02  5.326543E-02  5.525384E-02  5.720036E-02  5.878434E-02     0.0600299  6.125285E-02  6.245231E-02  6.362745E-02  6.477752E-02  6.590183E-02
  6.727429E-02  6.912487E-02  7.112892E-02  7.301991E-02  7.479669E-02  7.645904E-02  7.800753E-02  8.087917E-02     0.0858668       0.09007             0
             0 -1.069763E-02 -8.976432E-03 -7.608032E-03 -6.522228E-03 -5.261567E-03 -3.826124E-03 -2.418441E-03 -1.332866E-03 -4.223026E-04  5.297849E-04  1.770966E-03  3.613387E-03  5.872458E-03  8.276588E-03  1.081622E-02  1.348079E-02  1.625886E-02  1.913827E-02  2.210623E-02
  2.514938E-02  2.825378E-02  3.140487E-02  3.458731E-02  3.778527E-02  4.098263E-02  4.416316E-02  4.731062E-02  5.040903E-02  5.344273E-02     0.0560275  5.819127E-02  6.029774E-02  6.200115E-02  6.333447E-02  6.463714E-02  6.590807E-02  6.714629E-02  6.835096E-02  6.952141E-02
  7.094099E-02  7.283578E-02  7.485867E-02  7.673932E-02  7.847974E-02  8.008324E-02  8.155411E-02  8.424044E-02  8.870369E-02  9.213255E-02             0
             0 -1.294626E-02 -1.123772E-02 -9.853314E-03  -8.74571E-03 -7.449729E-03 -5.963237E-03 -4.495496E-03 -3.358233E-03 -2.401501E-03 -1.398367E-03 -8.726142E-05  1.865803E-03  4.270112E-03  6.836999E-03  9.555293E-03  1.241265E-02  1.539584E-02  1.849102E-02  2.168383E-02
  2.495947E-02  2.830268E-02     0.0316975  3.512707E-02  3.857386E-02  4.201981E-02  4.544639E-02     0.0488347  5.216552E-02  5.541954E-02  5.818285E-02  6.048834E-02  6.272332E-02  6.452131E-02  6.592305E-02  6.728648E-02  6.861018E-02  6.989293E-02  7.113376E-02  7.233195E-02
  7.377579E-02  7.568327E-02     0.0776906  7.952946E-02  8.120638E-02  8.272934E-02  8.410708E-02  8.658993E-02  9.057201E-02  9.341405E-02             0
             0 -1.441531E-02    -0.0127444 -1.136831E-02 -1.025923E-02 -8.952242E-03 -7.442672E-03 -5.942177E-03 -4.774093E-03 -3.788584E-03 -2.752483E-03 -1.394933E-03  6.339521E-04  3.140356E-03  5.823048E-03  8.668898E-03  1.166366E-02  1.479247E-02  1.804012E-02  2.139127E-02
  2.483037E-02  2.834163E-02  3.190865E-02  3.551408E-02  3.913981E-02      0.042767  4.637603E-02  4.994645E-02  5.345683E-02  5.688481E-02  5.979197E-02  6.221294E-02  6.455327E-02  6.642859E-02  6.788571E-02  6.929742E-02  7.066172E-02  7.197697E-02  7.324196E-02  7.445586E-02
  7.590899E-02  7.780866E-02  7.977916E-02  8.155904E-02  8.316084E-02  8.459803E-02  8.588396E-02  8.817822E-02  9.177277E-02  9.420405E-02             0
             0 -1.517672E-02 -1.353999E-02 -1.217886E-02 -1.107673E-02 -9.771787E-03 -8.257196E-03 -6.744156E-03 -5.561983E-03  -4.56229E-03  -3.50903E-03 -2.126337E-03 -5.482918E-05  2.510273E-03  5.259742E-03  8.178636E-03  1.125123E-02  1.446156E-02  1.779372E-02  2.123193E-02
  2.476051E-02  2.836363E-02  3.202501E-02  3.572741E-02  3.945281E-02  4.318242E-02  4.689654E-02  5.057437E-02  5.419372E-02     0.0577308  6.073145E-02  6.322949E-02  6.564182E-02  6.757085E-02  6.906655E-02  7.051162E-02  7.190325E-02  7.323918E-02  7.451773E-02  7.573798E-02
  7.719018E-02  7.907164E-02  8.100089E-02  8.272599E-02  8.426545E-02  8.563723E-02  8.685773E-02  8.902495E-02  9.238791E-02  9.459744E-02             0
             0 -1.550777E-02 -1.388918E-02 -1.253725E-02 -1.144027E-02 -1.013857E-02 -8.624131E-03  -7.10726E-03 -5.919653E-03 -4.914026E-03 -3.853197E-03 -2.459035E-03 -3.675782E-04  2.225161E-03  5.005832E-03  7.958467E-03  1.106661E-02  1.431383E-02  1.768394E-02  2.116105E-02
  2.472948E-02  2.837347E-02  3.207687E-02  3.582257E-02  3.959269E-02  4.336861E-02  4.713073E-02  5.085828E-02  5.452895E-02  5.811858E-02  6.116556E-02  6.370277E-02  6.615274E-02  6.811067E-02  6.962749E-02  7.109101E-02  7.249775E-02  7.384476E-02  7.512988E-02  7.635199E-02
  7.780094E-02  7.966778E-02  8.157003E-02  8.326273E-02  8.476777E-02  8.610526E-02  8.729278E-02  8.939791E-02  9.265397E-02  9.476555E-02             0
             0 -1.568788E-02 -1.408009E-02 -1.273399E-02 -1.164049E-02 -1.034137E-02  -8.82791E-03 -7.309656E-03 -6.119409E-03 -5.110655E-03 -4.045638E-03  -2.64496E-03 -5.420027E-04  2.066611E-03  4.865028E-03   7.83667E-03  1.096468E-02  1.423239E-02  1.762349E-02  2.112206E-02
  2.471241E-02  2.837889E-02  3.210541E-02  3.587497E-02     0.0396698     0.0434714  4.726027E-02  5.101574E-02  5.471551E-02  5.833533E-02     0.0614094  6.396993E-02  6.644282E-02  6.841888E-02  6.994919E-02  7.142476E-02  7.284151E-02  7.419586E-02  7.548504E-02  7.670762E-02
  7.815305E-02  8.000843E-02  8.189201E-02     0.0835638  8.504761E-02  8.636456E-02  8.753276E-02  8.960215E-02  9.279837E-02  9.485625E-02             0
             0 -1.577903E-02 -1.417702E-02 -1.283415E-02 -1.174267E-02 -1.044519E-02 -8.932617E-03 -7.414028E-03 -6.222632E-03 -5.212358E-03  -4.14517E-03 -2.741018E-03 -6.318932E-04  1.985137E-03  4.792848E-03  7.774352E-03     0.0109126  1.419083E-02  1.759266E-02  2.110218E-02
  2.470372E-02  2.838165E-02  3.211996E-02  3.590168E-02  3.970914E-02  4.352389E-02  4.732652E-02     0.0510964     0.0548113  5.844697E-02  6.153547E-02  6.410861E-02  6.659418E-02  6.858056E-02  7.011881E-02     0.0716017  7.302479E-02  7.438394E-02  7.567567E-02  7.689795E-02
     0.0783402  8.018754E-02  8.205965E-02  8.371942E-02  8.519148E-02  8.649735E-02     0.0876553  8.970593E-02  9.287134E-02  9.490193E-02             0
