 51            10 
             0    -0.1166027    -0.1204197    -0.1182006    -0.1157464    -0.1124911    -0.1085497    -0.1045689    -0.1014634    -0.0988464 -9.610189E-02 -9.251778E-02 -8.719218E-02 -8.066583E-02 -7.373187E-02 -6.642213E-02 -5.876761E-02 -5.079749E-02    -0.0425376 -3.400737E-02
 -2.521406E-02 -1.614452E-02 -6.765979E-03   2.78943E-03  1.242341E-02  2.205972E-02  3.163675E-02  4.110279E-02  5.041311E-02  5.952828E-02  6.730255E-02  7.382127E-02  8.018299E-02  8.534452E-02  8.939553E-02  9.336567E-02  9.725253E-02     0.1010539     0.1047678     0.1083926
     0.1128101     0.1187524     0.1251671     0.1312003     0.1368493     0.1421136     0.1469945     0.1559931     0.1711323     0.1778844             0
             0    -0.1189431     -0.122906     -0.120686    -0.1182128    -0.1149225    -0.1109299    -0.1068897    -0.1037337    -0.1010717 -9.827775E-02 -9.462608E-02 -8.919396E-02 -8.252827E-02 -7.543877E-02 -6.795906E-02 -6.012159E-02 -5.195631E-02 -4.349007E-02    -0.0347441
 -2.572853E-02 -1.643351E-02 -6.828347E-03  2.954784E-03  1.281518E-02  2.267431E-02  3.246833E-02  4.214334E-02  5.165245E-02  6.095404E-02  6.887868E-02  7.551707E-02  8.198846E-02  8.723246E-02  9.134447E-02  9.537052E-02  9.930807E-02     0.1031549     0.1069091     0.1105688
     0.1150236     0.1210048     0.1274448     0.1334853     0.1391251     0.1443653     0.1492088     0.1581104     0.1729364     0.1791482             0
             0    -0.1555878    -0.1620419    -0.1598881    -0.1571476    -0.1533028    -0.1484761    -0.1434605    -0.1394749    -0.1360782    -0.1324783    -0.1277308    -0.1205808    -0.1116803    -0.1021001 -9.189401E-02 -8.111754E-02 -6.982441E-02 -5.806444E-02 -4.587935E-02
 -3.329432E-02 -2.030557E-02  -6.87982E-03  6.779708E-03  2.051405E-02  3.419458E-02  4.771172E-02  6.096779E-02  7.387277E-02  8.634219E-02  9.680254E-02     0.1054431       0.11373     0.1203201     0.1254158     0.1303297     0.1350572     0.1395946     0.1439391     0.1480893
     0.1530331     0.1594435     0.1660029     0.1718221     0.1769376     0.1813927     0.1852347     0.1917879     0.2001314     0.1965986             0
             0    -0.1912561    -0.2019209    -0.2009099    -0.1986222    -0.1948972    -0.1898171    -0.1842164    -0.1796046    -0.1755926    -0.1712616    -0.1654555    -0.1565233    -0.1451512    -0.1327067    -0.1192954    -0.1050267 -9.000343E-02 -7.431544E-02    -0.0580321
 -4.119095E-02 -2.378211E-02  -5.75154E-03  1.262464E-02     0.0311334     0.0496004  6.786983E-02  8.579046E-02     0.1032066     0.1199538     0.1338704     0.1452376     0.1559701     0.1643274     0.1706782     0.1766783     0.1823149     0.1875783     0.1924625     0.1969654
     0.2021192     0.2083553     0.2140632     0.2184785     0.2217534     0.2240487      0.225521      0.227106     0.2248314      0.210068             0
             0    -0.2197013    -0.2359069    -0.2372404    -0.2362924    -0.2335873     -0.229088    -0.2235074    -0.2186111    -0.2142036    -0.2093064    -0.2025798     -0.191928    -0.1780012    -0.1625239    -0.1457221    -0.1278142    -0.1089874 -8.938617E-02 -6.910366E-02
 -4.817075E-02 -2.654102E-02 -4.100966E-03  1.884466E-02  4.207842E-02  6.543013E-02  8.874217E-02      0.111842     0.1345197     0.1565102      0.174862     0.1898263     0.2038445     0.2145831     0.2226054     0.2300114     0.2367604     0.2428216     0.2481759     0.2528174
     0.2577378     0.2628443     0.2662282     0.2675717     0.2673173     0.2658793     0.2636104     0.2579687     0.2433936     0.2188906             0
             0    -0.2409517    -0.2633832    -0.2680835     -0.269327     -0.268592    -0.2656072      -0.26072    -0.2558874    -0.2512796    -0.2459239    -0.2383073    -0.2257928    -0.2089844    -0.1901303    -0.1696894    -0.1480535    -0.1255165    -0.1022693 -7.840313E-02
 -5.390774E-02 -2.866176E-02  -2.45076E-03  2.445055E-02  5.188475E-02  7.975739E-02     0.1079887     0.1364698     0.1650172     0.1933235     0.2174554      0.237381     0.2561716     0.2705154     0.2811112     0.2906873     0.2991159     0.3062933     0.3121519     0.3166702
     0.3206778      0.323085     0.3218175     0.3176947     0.3117777     0.3049025     0.2976612     0.2832052      0.256597     0.2245332             0
             0    -0.2531447    -0.2805347    -0.2885322    -0.2921793    -0.2939022    -0.2931332    -0.2895788    -0.2851666    -0.2805574    -0.2748459    -0.2663606    -0.2518769    -0.2321035    -0.2100152     -0.186365    -0.1616981    -0.1363604    -0.1105323 -8.425803E-02
 -5.745808E-02 -2.992413E-02 -1.339943E-03  2.807904E-02  5.826197E-02     0.0892249      0.121021     0.1536935     0.1872195     0.2214311       0.25159     0.2771616     0.3018979     0.3211535     0.3354472     0.3482843     0.3593068     0.3681862     0.3746824      0.378708
     0.3807783     0.3782915     0.3697779     0.3582385     0.3455621     0.3329167     0.3209385     0.2988874     0.2638788     0.2274127             0
             0    -0.2586921    -0.2887032    -0.2986659    -0.3038723    -0.3073665    -0.3084228    -0.3061805    -0.3022867    -0.2977738    -0.2918068    -0.2826032     -0.266523    -0.2445883    -0.2203782    -0.1948019    -0.1684411    -0.1416229    -0.1144877 -8.703221E-02
    -0.0591266 -3.050894E-02  -8.04704E-04  2.980872E-02  6.131388E-02      0.093797     0.1274022     0.1622903     0.1985893     0.2363179     0.2703884     0.2999338     0.3292775     0.3527912     0.3705603     0.3867316     0.4006335      0.411534     0.4187826     0.4220706
     0.4216332     0.4136811     0.3984623     0.3810361     0.3636143     0.3472933     0.3325253      0.306294     0.2671318     0.2286561             0
             0    -0.2617777    -0.2933584    -0.3045791    -0.3108401    -0.3156253    -0.3181618    -0.3171661     -0.313856    -0.3094938    -0.3032884    -0.2933908     -0.275907    -0.2523059      -0.22661    -0.1997738    -0.1723568    -0.1446467    -0.1167431 -8.860549E-02
 -6.006895E-02 -3.083713E-02  -4.99421E-04  3.079128E-02  6.305143E-02  9.641255E-02     0.1310796     0.1672965     0.2053072     0.2452923     0.2820104      0.314402      0.347299     0.3744364     0.3954226     0.4150077     0.4322317     0.4458109     0.4542353     0.4563373
     0.4525094     0.4385944     0.4173973      0.395383     0.3745878     0.3558174     0.3392764     0.3104903     0.2689249     0.2293303             0
             0     -0.263361    -0.2957871    -0.3077195    -0.3146062    -0.3202136    -0.3238065     -0.323885    -0.3212072    -0.3170587    -0.3105948    -0.3000085    -0.2813703    -0.2566175    -0.2299993    -0.2024311    -0.1744256    -0.1462318    -0.1179191 -8.942273E-02
 -6.055713E-02    -0.0310065 -3.404178E-04  3.130193E-02  6.395589E-02  9.777845E-02     0.1330096     0.1699431      0.208896     0.2501605     0.2884474     0.3226144     0.3578967     0.3877437     0.4114027     0.4342439     0.4552807     0.4728478     0.4840216     0.4834041
     0.4745632     0.4545209     0.4286002     0.4034726     0.3805897     0.3603881       0.34285     0.3126693     0.2698396     0.2296708             0
