 51            10 
             0  1.836597E-02  1.961472E-02  2.030115E-02  2.081715E-02  2.139932E-02  2.204924E-02  2.267654E-02  2.315528E-02  2.355429E-02  2.396901E-02  2.450663E-02  2.529852E-02  2.626066E-02  2.727661E-02  2.834284E-02  2.945556E-02  3.061081E-02  3.180443E-02  3.303207E-02
  3.428924E-02  3.557133E-02  3.687353E-02  3.819096E-02  3.951863E-02  4.085156E-02     0.0421848     0.0435135  4.483294E-02  4.613855E-02  4.726506E-02  4.821837E-02  4.915776E-02  4.992764E-02  5.053611E-02  5.113669E-02  5.172898E-02  5.231261E-02  5.288718E-02  5.345235E-02
  5.414664E-02  5.509206E-02  5.613001E-02  5.712342E-02  5.807058E-02  5.897005E-02  5.982062E-02  6.142201E-02  6.432799E-02  6.658208E-02             0
             0  1.823369E-02  1.948399E-02  2.017401E-02  2.069314E-02  2.127912E-02  2.193356E-02  2.256542E-02  2.304776E-02  2.344982E-02  2.386776E-02  2.440963E-02  2.520792E-02  2.617804E-02     0.0272026  2.827804E-02  2.940051E-02      0.030566  3.177026E-02  3.300888E-02
  3.427731E-02  3.557082E-02  3.688454E-02  3.821346E-02  3.955252E-02  4.089664E-02  4.224075E-02  4.357992E-02  4.490932E-02  4.622431E-02  4.735842E-02  4.831784E-02  4.926289E-02     0.0500371  5.064882E-02  5.125243E-02  5.184753E-02  5.243374E-02  5.301066E-02  5.357796E-02
  5.427463E-02  5.522279E-02  5.626299E-02  5.725782E-02     0.0582056  5.910496E-02  5.995477E-02  6.155346E-02  6.444769E-02  6.667689E-02             0
             0  1.617384E-02  1.744463E-02  1.818868E-02  1.875519E-02  1.939949E-02  2.012328E-02  2.082563E-02  2.136361E-02      0.021813  2.228109E-02  2.288914E-02  2.378733E-02  2.488235E-02  2.604205E-02  2.726216E-02  2.853806E-02  2.986478E-02  3.123703E-02  3.264926E-02
  3.409565E-02  3.557013E-02  3.706639E-02  3.857791E-02  4.009803E-02  4.162002E-02     0.0431372  4.464297E-02  4.613092E-02     0.0475949     0.0488498  4.990595E-02  5.094048E-02     0.0517829  5.244565E-02  5.309669E-02  5.373557E-02  5.436184E-02     0.0549751  5.557498E-02
  5.630773E-02  5.729668E-02  5.836909E-02  5.938242E-02     0.0603359  6.122927E-02  6.206261E-02  6.361005E-02  6.630202E-02  6.812789E-02             0
             0  1.453126E-02  1.579436E-02  1.656763E-02  1.716286E-02  1.784534E-02  1.861731E-02  1.937108E-02  1.995092E-02  2.043658E-02  2.094373E-02  2.160411E-02  2.258286E-02  2.378083E-02  2.505386E-02  2.639702E-02  2.780485E-02  2.927143E-02     0.0307905  3.235542E-02
  3.395927E-02  3.559482E-02  3.725453E-02  3.893051E-02  4.061467E-02  4.229873E-02  4.397437E-02  4.563326E-02  4.726719E-02  4.886815E-02     0.0502334     0.0513772  5.249172E-02  5.339392E-02  5.410063E-02  5.479167E-02  5.546645E-02  5.612448E-02  5.676531E-02  5.738857E-02
  5.814531E-02  5.915711E-02  6.023992E-02  6.124916E-02  6.218561E-02  6.305071E-02  6.384638E-02  6.530333E-02  6.773655E-02  6.917015E-02             0
             0  1.342799E-02  1.466613E-02  1.544728E-02  1.605407E-02  1.675505E-02  1.755336E-02  1.833775E-02  1.894376E-02  1.945271E-02  1.998554E-02      0.020681  2.171509E-02  2.298552E-02  2.433963E-02  2.577172E-02  2.727548E-02  2.884416E-02  3.047064E-02  3.214752E-02
  3.386713E-02  3.562156E-02  3.740254E-02  3.920143E-02  4.100926E-02  4.281677E-02  4.461449E-02  4.639274E-02  4.814172E-02  4.985161E-02  5.130507E-02  5.251885E-02  5.369685E-02  5.464581E-02  5.538639E-02  5.610757E-02  5.680859E-02  5.748886E-02  5.814786E-02  5.878522E-02
  5.955452E-02  6.057355E-02  6.164997E-02  6.263995E-02     0.0635464  6.437299E-02  6.512377E-02  6.648208E-02  6.867914E-02  6.981716E-02             0
             0  1.270891E-02  1.391727E-02  1.469497E-02  1.530349E-02  1.601108E-02  1.682193E-02  1.762334E-02  1.824506E-02  1.876855E-02  1.931791E-02  2.003652E-02     0.0211082  2.242901E-02  2.384017E-02  2.533511E-02  2.690666E-02  2.854725E-02  3.024913E-02  3.200439E-02
  3.380498E-02  3.564268E-02  3.750894E-02  3.939486E-02  4.129113E-02  4.318808E-02  4.507564E-02  4.694331E-02  4.878017E-02     0.0505749  5.209826E-02  5.336802E-02  5.459698E-02  5.558333E-02  5.635071E-02  5.709529E-02  5.781609E-02  5.851233E-02  5.918337E-02  5.982881E-02
  6.060335E-02     0.0616199  6.268018E-02  6.364326E-02  6.451478E-02  6.530097E-02  6.600808E-02  6.727594E-02  6.928388E-02  7.021575E-02             0
             0  1.233691E-02  1.352327E-02  1.429453E-02  1.490062E-02  1.560835E-02  1.642279E-02  1.723119E-02  1.786025E-02  1.839094E-02  1.894885E-02  1.967984E-02  2.077225E-02  2.212146E-02  2.356495E-02  2.509536E-02  2.670484E-02  2.838534E-02  3.012872E-02  3.192685E-02
  3.377157E-02     0.0356546  3.756742E-02  3.950113E-02  4.144644E-02  4.339363E-02  4.533253E-02  4.725241E-02  4.914189E-02  5.098888E-02  5.255659E-02  5.386262E-02  5.512523E-02  5.613649E-02  5.692173E-02  5.768175E-02  5.841526E-02  5.912124E-02     0.0597989  6.044779E-02
  6.122274E-02     0.0622323  6.327512E-02     0.0642141  6.505747E-02  6.581354E-02  6.649005E-02  6.769776E-02  6.959328E-02  7.041418E-02             0
             0  1.217531E-02  1.335067E-02      0.014118  1.472218E-02  1.542905E-02  1.624419E-02  1.705504E-02  1.768705E-02  1.822077E-02  1.878243E-02  1.951896E-02  2.062086E-02  2.198317E-02  2.344152E-02  2.498813E-02  2.661481E-02  2.831327E-02  3.007521E-02  3.189244E-02
  3.375677E-02  3.565994E-02  3.759345E-02  3.954846E-02  4.151573E-02  4.348557E-02  4.544783E-02  4.739174E-02     0.0493058  5.117765E-02  5.276694E-02  5.409097E-02  5.537058E-02  5.639469E-02  5.718921E-02  5.795728E-02  5.869737E-02  5.940825E-02  6.008899E-02  6.073908E-02
  6.151328E-02  6.251754E-02     0.0635495  6.447473E-02  6.530295E-02  6.604349E-02  6.670475E-02  6.788327E-02  6.972703E-02  7.049895E-02             0
             0  1.208743E-02  1.325641E-02  1.402126E-02  1.462413E-02  1.533024E-02  1.614545E-02  1.695742E-02  1.759094E-02  1.812629E-02       0.01869  1.942962E-02  2.053686E-02  2.190657E-02  2.337329E-02  2.492895E-02     0.0265652     0.0282736  3.004579E-02  3.187354E-02
  3.374865E-02  3.566287E-02  3.760777E-02  3.957451E-02  4.155389E-02  4.353627E-02  4.551153E-02  4.746889E-02  4.939682E-02  5.128285E-02  5.288462E-02  5.421919E-02  5.550891E-02  5.654078E-02  5.734096E-02  5.811398E-02  5.885815E-02  5.957201E-02  6.025454E-02  6.090514E-02
  6.167849E-02  6.267888E-02  6.370367E-02  6.462026E-02  6.543927E-02  6.617061E-02      0.066823  6.798477E-02     0.0697996  7.054469E-02             0
             0  1.204296E-02  1.320858E-02  1.397207E-02  1.457418E-02  1.527979E-02  1.609492E-02  1.690737E-02  1.754161E-02  1.807776E-02  1.864251E-02  1.938373E-02  2.049377E-02  2.186733E-02  2.333838E-02  2.489872E-02  2.653988E-02  2.825337E-02     0.0300308  3.186391E-02
  3.374451E-02  3.566437E-02  3.761506E-02  3.958778E-02  4.157335E-02  4.356215E-02  4.554407E-02  4.750837E-02  4.944349E-02  5.133693E-02  5.294528E-02  5.428547E-02  5.558065E-02  5.661679E-02  5.742013E-02  5.819595E-02  5.894243E-02      0.059658     0.0603415  6.099229E-02
  6.176495E-02  6.276287E-02  6.378346E-02  6.469521E-02     0.0655092  6.623561E-02     0.0668833  6.803632E-02  6.983627E-02  7.056772E-02             0
