 51            10 
             0    -0.2560022    -0.2469418     -0.239772    -0.2341235    -0.2276142     -0.220252    -0.2130734    -0.2075578    -0.2029417    -0.1981251    -0.1918583    -0.1825822     -0.171251    -0.1592405    -0.1466083    -0.1334161     -0.119728    -0.1056163 -9.116409E-02
 -7.645331E-02 -6.143526E-02 -4.422812E-02 -2.702901E-02 -9.905818E-03  7.075661E-03     0.0238515  4.035978E-02  5.654088E-02  7.233793E-02  8.577748E-02  9.702665E-02      0.107986     0.1168626     0.1238215     0.1306335     0.1372948     0.1438021     0.1501521     0.1563424
     0.1638776     0.1739955     0.1848919     0.1951161     0.2046675     0.2135502      0.221773     0.2369248     0.2627368     0.2843052             0
             0    -0.2610866    -0.2519742    -0.2447363    -0.2390331    -0.2324584     -0.225011    -0.2177331    -0.2121304     -0.207435    -0.2025288    -0.1961365    -0.1866558    -0.1750486     -0.162727    -0.1497601     -0.136215    -0.1221479    -0.1076256    -0.0927346
 -7.757087E-02 -6.211475E-02 -4.450065E-02     -0.026874  -9.32872E-03   8.06651E-03  2.524523E-02  4.214293E-02  5.869698E-02  7.484687E-02     0.0885739     0.1000536     0.1112258     0.1202635     0.1273421     0.1342644     0.1410263     0.1476244     0.1540555     0.1603173
     0.1679307     0.1781359      0.189101     0.1993647     0.2089273     0.2177927     0.2259721     0.2409924     0.2663096     0.2870272             0
             0    -0.3389224    -0.3293429    -0.3212018    -0.3145873    -0.3067342    -0.2975851    -0.2884049    -0.2812066    -0.2751043    -0.2686583     -0.260174    -0.2474125     -0.231533    -0.2144493    -0.1962782    -0.1771406    -0.1571442    -0.1364119    -0.1150935
 -9.334888E-02 -7.116713E-02    -0.0458766    -0.0206055  4.483174E-03  2.925999E-02  5.359454E-02  7.735424E-02     0.1004041     0.1226077     0.1411776     0.1564796     0.1711158     0.1827197     0.1916722     0.2002839     0.2085467      0.216454     0.2240016     0.2311873
     0.2397165     0.2507125     0.2618684       0.27167      0.280192      0.287521     0.2937545     0.3042351     0.3171695      0.320456             0
             0    -0.4157793    -0.4097209     -0.403091    -0.3971635    -0.3895137     -0.379923    -0.3696659    -0.3612838    -0.3540021    -0.3461389    -0.3355833    -0.3192991    -0.2984955    -0.2756944    -0.2511441    -0.2251002    -0.1977862    -0.1694242    -0.1402486
    -0.1104829 -8.008502E-02 -4.530564E-02 -1.053999E-02  2.401664E-02  5.820374E-02  9.184065E-02     0.1247178     0.1565901     0.1871748     0.2125329     0.2331996      0.252654     0.2677413      0.279166     0.2899134     0.2999573     0.3092782     0.3178641     0.3257113
     0.3346027     0.3451652     0.3545266     0.3614481     0.3662474     0.3692528     0.3707814      0.371463      0.363794     0.3463864             0
             0    -0.4780577    -0.4801359    -0.4782788    -0.4753582    -0.4702179    -0.4622773    -0.4523965    -0.4435939    -0.4355808    -0.4265808    -0.4140993    -0.3941033     -0.367709    -0.3382896    -0.3064264    -0.2726672    -0.2374411    -0.2011011    -0.1639512
    -0.1262275 -8.777679E-02 -4.367792E-02  4.738358E-04  4.457797E-02     0.0885646     0.1323122     0.1756195     0.2181744     0.2595233     0.2941065     0.3223329     0.3487624     0.3689482     0.3839649     0.3977363     0.4101637     0.4211703      0.430708     0.4387621
     0.4470015     0.4548758     0.4589584     0.4590973      0.456286     0.4514049       0.44517     0.4310848     0.3991029     0.3634302             0
             0    -0.5253813    -0.5392007    -0.5455589     -0.548434    -0.5489176    -0.5457036     -0.538367    -0.5301626    -0.5218871    -0.5118546    -0.4971452    -0.4722718    -0.4383597    -0.4003737    -0.3596082    -0.3170876    -0.2734773    -0.2292022    -0.1845357
     -0.139612    -0.0940598 -4.180093E-02  1.063421E-02  6.339566E-02     0.1166771     0.1706173     0.2252542     0.2804555     0.3358184       0.38369      0.423667     0.4617665      0.491058     0.5127024     0.5321548     0.5490201     0.5629548     0.5737205     0.5812353
     0.5866907     0.5869018     0.5785813     0.5649102     0.5484672     0.5310429     0.5137566     0.4807118     0.4243908     0.3743562             0
             0    -0.5530058    -0.5778022    -0.5935531    -0.6039922    -0.6130612    -0.6185699    -0.6173457    -0.6115129    -0.6036761    -0.5924863    -0.5744982    -0.5422031    -0.4979804     -0.449719    -0.3995951    -0.3489125    -0.2982792    -0.2479293    -0.1979115
    -0.1481331 -9.795598E-02 -4.045343E-02  1.734768E-02  7.589066E-02     0.1357076     0.1973431     0.2613361     0.3281703      0.398158     0.4620626     0.5180467     0.5742589     0.6197547      0.654288     0.6857563     0.7126936     0.7335049     0.7467912     0.7519049
     0.7489293     0.7298476     0.6963844      0.659646     0.6240575     0.5915403     0.5626838     0.5121984     0.4384248     0.3799409             0
             0    -0.5656893    -0.5967284    -0.6186709    -0.6347649    -0.6513751    -0.6663418    -0.6738709    -0.6724685    -0.6659248    -0.6531149    -0.6302826    -0.5886339     -0.534219    -0.4776295    -0.4210032    -0.3652728    -0.3106585    -0.2570806    -0.2043503
    -0.1521907 -9.979097E-02 -3.978954E-02  2.057873E-02  8.193207E-02     0.1450154     0.2106537     0.2797835     0.3534766     0.4329382      0.508603     0.5778528     0.6514615     0.7155441     0.7670202     0.8168502     0.8619062      0.897402     0.9170765      0.915641
     0.8939423     0.8423344     0.7776608     0.7183241     0.6671275      0.623934     0.5877568     0.5272498     0.4447138      0.382354             0
             0    -0.5727779    -0.6076965    -0.6338477    -0.6541533    -0.6771497     -0.701808    -0.7212866    -0.7282013    -0.7249193    -0.7086647    -0.6772838    -0.6233483    -0.5588275    -0.4954059    -0.4340802    -0.3749963    -0.3178831    -0.2623563    -0.2080314
    -0.1544972    -0.1008287 -3.940715E-02  2.242282E-02  8.538953E-02     0.1503752     0.2183948      0.290671     0.3687385     0.4545933     0.5388611     0.6187234     0.7080018     0.7917478     0.8639761      0.940734      1.019135      1.091165      1.136982      1.109677
      1.041984     0.9382468     0.8379681     0.7579616     0.6944572     0.6436532     0.6026167     0.5358338     0.4481858     0.3836629             0
             0    -0.5764272    -0.6134892    -0.6421412    -0.6651774    -0.6929051    -0.7264673    -0.7613913    -0.7848319    -0.7917153    -0.7652007    -0.7171743    -0.6476187    -0.5739787    -0.5055932     -0.441278    -0.3802242    -0.3217125    -0.2651275    -0.2099538
    -0.1556972    -0.1013667 -3.920682E-02  2.338414E-02  8.719537E-02     0.1531866     0.2224831     0.2964821     0.3770178     0.4666461     0.5563587     0.6435363     0.7450086     0.8470123     0.9423201      1.056897      1.199875      1.386878      1.645776       1.40819
      1.201919      1.015456     0.8783833     0.7818683     0.7099669     0.6544495     0.6105831     0.5403116     0.4499591     0.3843242             0
