 51            10 
             0    -0.1152606     -0.118963    -0.1167171    -0.1142504    -0.1109863    -0.1070383    -0.1030532 -9.994514E-02 -9.732628E-02 -9.458011E-02 -9.099408E-02 -8.566612E-02 -7.913744E-02 -7.220139E-02 -6.488977E-02 -5.723355E-02 -4.926187E-02 -4.100055E-02 -3.246899E-02
 -2.367447E-02 -1.460381E-02 -5.224236E-03  4.332103E-03  1.396689E-02  2.360391E-02  3.318151E-02  4.264801E-02  5.195866E-02  6.107404E-02  6.884839E-02  7.536709E-02  8.172874E-02  8.689015E-02  9.094103E-02  9.491102E-02  9.879768E-02     0.1025988     0.1063125      0.109937
     0.1143541     0.1202957     0.1267096     0.1327417     0.1383896     0.1436526      0.148532     0.1575271      0.172654      0.179331             0
             0    -0.1176009    -0.1214494    -0.1192024    -0.1167168    -0.1134176    -0.1094185     -0.105374    -0.1022154 -9.955162E-02 -9.675597E-02 -9.310241E-02 -8.766793E-02    -0.0809999 -7.390831E-02 -6.642674E-02 -5.858756E-02 -5.042072E-02 -4.195303E-02 -3.320575E-02
 -2.418896E-02 -1.489283E-02 -5.286633E-03  4.497424E-03  1.435863E-02  2.421845E-02  3.401304E-02  4.368851E-02  5.319795E-02  6.249974E-02  7.042446E-02  7.706285E-02  8.353416E-02  8.877803E-02  9.288992E-02     0.0969158     0.1008532     0.1046998     0.1084537     0.1121131
     0.1165676     0.1225481     0.1289873     0.1350268     0.1406654     0.1459043     0.1507463     0.1596444     0.1744581     0.1805947             0
             0    -0.1542456    -0.1605853    -0.1584045    -0.1556516    -0.1517979    -0.1469648    -0.1419448    -0.1379566    -0.1345581    -0.1309566    -0.1262072    -0.1190548     -0.110152    -0.1005696 -9.036169E-02 -7.958352E-02 -6.828883E-02 -5.652742E-02 -4.434102E-02
 -3.175478E-02 -1.876491E-02 -5.338126E-03  8.322326E-03  2.205748E-02     0.0357387  4.925641E-02  6.251293E-02  7.541823E-02  8.788786E-02  9.834829E-02     0.1069889     0.1152757     0.1218656     0.1269612      0.131875     0.1366023     0.1411394     0.1454837     0.1496336
      0.154577     0.1609868     0.1675453     0.1733635     0.1784778     0.1829316     0.1867721     0.1933218     0.2016531     0.1980451             0
             0    -0.1899139    -0.2004642    -0.1994262    -0.1971262    -0.1933923    -0.1883058    -0.1827007    -0.1780863    -0.1740725    -0.1697399    -0.1639318    -0.1549973    -0.1436229    -0.1311762    -0.1177631    -0.1034927 -8.846785E-02 -7.277842E-02 -5.649377E-02
 -3.965141E-02 -2.224145E-02 -4.209851E-03  1.416725E-02  3.267682E-02  5.114451E-02  6.941451E-02  8.733559E-02     0.1047521     0.1214995     0.1354161     0.1467833     0.1575157      0.165873     0.1722237     0.1782236     0.1838599     0.1891231     0.1940071     0.1985097
     0.2036632     0.2098985     0.2156055     0.2200199     0.2232936     0.2255876     0.2270584       0.22864      0.226353     0.2115145             0
             0    -0.2183591    -0.2344503    -0.2357568    -0.2347964    -0.2320824    -0.2275767    -0.2219917    -0.2170928    -0.2126835    -0.2077846    -0.2010561     -0.190402    -0.1764729    -0.1609935    -0.1441898    -0.1262802    -0.1074518 -8.784916E-02 -6.756533E-02
 -4.663121E-02 -2.500036E-02  -2.55928E-03  2.038727E-02  4.362184E-02  6.697424E-02  9.028685E-02     0.1133871     0.1360651     0.1580559     0.1764077      0.191372     0.2053901     0.2161286     0.2241508     0.2315566     0.2383055     0.2443665     0.2497205     0.2543617
     0.2592817     0.2643876     0.2677706     0.2691131     0.2688575     0.2674182     0.2651477     0.2595026     0.2449152     0.2203371             0
             0    -0.2396095    -0.2619266    -0.2665999    -0.2678309    -0.2670872    -0.2640958    -0.2592043    -0.2543692    -0.2497595    -0.2444021    -0.2367836    -0.2242668     -0.207456    -0.1885999    -0.1681571    -0.1465195    -0.1239809    -0.1007323    -0.0768648
    -0.0523682    -0.0271211 -9.090748E-04  2.599315E-02  5.342816E-02     0.0813015     0.1095334     0.1380149     0.1665627     0.1948691     0.2190012     0.2389267     0.2577173      0.272061     0.2826565     0.2922325      0.300661     0.3078381     0.3136965     0.3182145
     0.3222217     0.3246282     0.3233599      0.319236     0.3133179     0.3064414     0.2991985     0.2847391     0.2581186     0.2259796             0
             0    -0.2518024     -0.279078    -0.2870485    -0.2906833    -0.2923974    -0.2916219    -0.2880631    -0.2836484    -0.2790373    -0.2733242    -0.2648369    -0.2503509    -0.2305752    -0.2084848    -0.1848327    -0.1601641    -0.1348248    -0.1089953 -8.271971E-02
 -5.591854E-02 -2.838347E-02  2.017416E-04  2.962165E-02  5.980538E-02      0.090769     0.1225657     0.1552386      0.188765     0.2229768     0.2531357     0.2787073     0.3034436      0.322699     0.3369925     0.3498295     0.3608518      0.369731     0.3762269     0.3802523
     0.3823222     0.3798347     0.3713203     0.3597799     0.3471023     0.3344556     0.3224759     0.3004214     0.2654005     0.2288591             0
             0    -0.2573499    -0.2872466    -0.2971824    -0.3023763    -0.3058617    -0.3069114    -0.3046649    -0.3007684    -0.2962537    -0.2902851    -0.2810796     -0.264997    -0.2430599    -0.2188477    -0.1932696    -0.1669071    -0.1400874    -0.1129507 -8.549389E-02
 -5.758706E-02 -2.896828E-02  7.369803E-04  3.135133E-02  6.285729E-02     0.0953411     0.1289468     0.1638354     0.2001348     0.2378636     0.2719341     0.3014795     0.3308232     0.3543367     0.3721057     0.3882768     0.4021785     0.4130787     0.4203271     0.4236149
     0.4231771     0.4152243     0.4000046     0.3825775     0.3651545     0.3488322     0.3340627     0.3078279     0.2686535     0.2301025             0
             0    -0.2604355    -0.2919018    -0.3030955    -0.3093441    -0.3141204    -0.3166505    -0.3156504    -0.3123378    -0.3079737    -0.3017667    -0.2918671     -0.274381    -0.2507775    -0.2250796    -0.1982415    -0.1708228    -0.1431111    -0.1152061 -8.706716E-02
 -5.852941E-02 -2.929647E-02  1.042263E-03  3.233388E-02  6.459485E-02  9.795666E-02     0.1326242     0.1688416     0.2068526     0.2468379     0.2835561     0.3159477     0.3488446     0.3759819      0.396968     0.4165529     0.4337767     0.4473557     0.4557799     0.4578815
     0.4540532     0.4401376     0.4189397     0.3969243      0.376128     0.3573563     0.3408138     0.3120242     0.2704465     0.2307767             0
             0    -0.2620188    -0.2943304    -0.3062359    -0.3131102    -0.3187087    -0.3222952    -0.3223693    -0.3196889    -0.3155386     -0.309073    -0.2984849    -0.2798443    -0.2550892    -0.2284689    -0.2008987    -0.1728915    -0.1446962    -0.1163821    -0.0878844
 -5.901759E-02 -2.946584E-02  1.201266E-03  3.284454E-02     0.0654993  9.932255E-02     0.1345542     0.1714882     0.2104414     0.2517062     0.2899931     0.3241601     0.3594423     0.3892892     0.4129481     0.4357891     0.4568256     0.4743925     0.4855662     0.4849483
      0.476107      0.456064     0.4301426      0.405014     0.3821299      0.361927     0.3443874     0.3142032     0.2713613     0.2311172             0
