 51            10 
             0    -0.2562031    -0.2471291    -0.2399516    -0.2343003    -0.2277913    -0.2204301    -0.2132517    -0.2077357    -0.2031188    -0.1983009    -0.1920315    -0.1827495    -0.1714086    -0.1593862    -0.1467428    -0.1335402    -0.1198354    -0.1056934 -9.119567E-02
 -7.647488E-02 -6.196737E-02 -4.740086E-02 -2.971143E-02 -1.230965E-02  4.804927E-03  2.162619E-02  3.813466E-02  5.429485E-02     0.0700558     0.0834405  9.461358E-02     0.1054495     0.1141622     0.1209445     0.1275219     0.1338756     0.1399839     0.1458221     0.1513619
     0.1578743     0.1675709     0.1783202     0.1895769     0.2013939     0.2118499     0.2211842     0.2379296     0.2654619     0.2882052             0
             0    -0.2613694    -0.2522492    -0.2449882    -0.2392842    -0.2327339      -0.22531    -0.2180497    -0.2124579    -0.2077698    -0.2028685    -0.1964782    -0.1869878    -0.1753553    -0.1629943    -0.1500001    -0.1364646    -0.1223907    -0.1078277 -9.285986E-02
 -7.762479E-02 -6.249376E-02 -4.612718E-02 -2.815505E-02    -0.0107471  6.406764E-03  2.333869E-02  4.004425E-02  5.648531E-02     0.0726027  8.636154E-02  9.790052E-02     0.1091576     0.1182801     0.1254286     0.1324179     0.1392396     0.1458848     0.1523365     0.1585568
     0.1659391     0.1765508     0.1877383     0.1985331     0.2086552     0.2178724     0.2263752     0.2420243     0.2684582     0.2902587             0
             0    -0.3393106    -0.3297399    -0.3215846    -0.3149767    -0.3071604    -0.2980475    -0.2888952    -0.2817142    -0.2756233    -0.2691852     -0.260704    -0.2479282    -0.2320087    -0.2148624    -0.1966441    -0.1775121       -0.1575    -0.1367069    -0.1152799
 -9.344148E-02 -7.174826E-02 -4.830359E-02 -2.261136E-02  2.200218E-03     0.0265501  5.045235E-02  7.386292E-02  9.668411E-02     0.1187839     0.1373596     0.1527202     0.1674609     0.1791808      0.188235     0.1969511     0.2053157     0.2133169      0.220935     0.2281287
     0.2364785     0.2480225     0.2595913     0.2700778      0.279319     0.2871667      0.293886     0.3053009     0.3198459     0.3241016             0
             0    -0.4163738     -0.410421    -0.4038461    -0.3979647    -0.3903931    -0.3808796    -0.3706803    -0.3623311    -0.3550692    -0.3472172    -0.3366619    -0.3203422     -0.299449    -0.2765191     -0.251853    -0.2257746    -0.1984068    -0.1699399    -0.1406077
    -0.1107294    -0.0810696 -4.904811E-02 -1.393272E-02  2.002284E-02     0.0534008  8.621401E-02     0.1183756     0.1496975      0.179912     0.2050971     0.2257074     0.2451921     0.2603689     0.2718925     0.2827592      0.292937     0.3024016     0.3111265     0.3190698
     0.3279175     0.3392464     0.3493999     0.3573034      0.363134      0.367029     0.3694077      0.371701     0.3666729     0.3504073             0
             0    -0.4789655    -0.4814298    -0.4798559    -0.4771219    -0.4722052    -0.4644836    -0.4547578    -0.4460321    -0.4380572    -0.4290681    -0.4165624    -0.3964455    -0.3697985    -0.3400578    -0.3078798    -0.2739455    -0.2385506    -0.2020048    -0.1646122
    -0.1267394 -8.928579E-02 -4.893083E-02 -4.595048E-03  3.848628E-02  8.116291E-02     0.1235472     0.1655938      0.207073     0.2475691     0.2816151     0.3095237     0.3357837     0.3559504     0.3710107     0.3848769     0.3974431     0.4086296     0.4183776      0.426643
       0.43506     0.4439014     0.4493133     0.4508001     0.4494456     0.4460354     0.4412245     0.4297982     0.4018606     0.3676755             0
             0    -0.5266775    -0.5414383    -0.5486226    -0.5520704    -0.5532196    -0.5506877    -0.5438378    -0.5358534     -0.527664    -0.5176173    -0.5027638    -0.4774462    -0.4427711    -0.4039431    -0.3623777    -0.3193443     -0.275316     -0.230645    -0.1855932
    -0.1404494    -0.0961066 -4.847497E-02  3.970137E-03  5.529428E-02     0.1067561     0.1587584     0.2115274     0.2650471     0.3189963     0.3659298     0.4053365     0.4431297     0.4723918     0.4941195     0.5137415      0.530838     0.5450509     0.5561303     0.5639861
     0.5698918     0.5708591     0.5642429     0.5520003     0.5372946     0.5220021     0.5068259     0.4776892     0.4269018     0.3787297             0
             0    -0.5546307    -0.5810609    -0.5985004    -0.6102538    -0.6209982    -0.6284523    -0.6288256    -0.6237597    -0.6161829    -0.6048216    -0.5861564    -0.5522966    -0.5059732    -0.4557686    -0.4039897     -0.352257     -0.300856    -0.2498756    -0.1993149
    -0.1492333    -0.1003828 -4.806698E-02  9.633781E-03  6.646432E-02     0.1241128     0.1834089     0.2451126     0.3098754     0.3781812     0.4411506     0.4968252     0.5533426     0.5996513      0.635089     0.6676269     0.6956558     0.7174204     0.7313839     0.7368855
     0.7343106     0.7138031     0.6807942     0.6442745     0.6098868     0.5798112     0.5535408     0.5079123     0.4407361     0.3843738             0
             0    -0.5674917    -0.6006218    -0.6249442     -0.643069    -0.6625592    -0.6814547    -0.6931747    -0.6944517    -0.6889567    -0.6751915    -0.6497715    -0.6039455    -0.5453861     -0.485594    -0.4265247    -0.3693097     -0.313675     -0.259312    -0.2059418
    -0.1534283    -0.1024055    -0.0478539  1.236345E-02     0.0718734     0.1326208     0.1957289     0.2623799     0.3338625     0.4116577     0.4867208     0.5563501     0.6315981     0.6983772     0.7527303      0.806008     0.8546864     0.8933046     0.9147477     0.9132947
     0.8906304     0.8322212     0.7642875     0.7028825     0.6517801     0.6109547     0.5775371     0.5223399      0.446924     0.3868114             0
             0    -0.5746876    -0.6120037    -0.6410568     -0.664017    -0.6911595    -0.7225419    -0.7519494    -0.7686341    -0.7710865    -0.7491919    -0.7081301      -0.64426    -0.5727536    -0.5048305     -0.440392    -0.3794916    -0.3211794     -0.264764    -0.2097369
    -0.1558165    -0.1035517 -4.772827E-02  1.392277E-02  7.497196E-02     0.1375268     0.2029091     0.2726057     0.3484088      0.432684      0.516741     0.5977639     0.6902848      0.779263     0.8573387     0.9416309      1.028726      1.109017      1.159522      1.130307
      1.057249      0.937447      0.828077      0.743263     0.6786245     0.6300029     0.5917886     0.5305648     0.4503373     0.3881333             0
             0    -0.5783949    -0.6180333    -0.6499243    -0.6760816    -0.7091334    -0.7530975    -0.8102835    -0.8703778    -0.9167886    -0.8508404    -0.7662458    -0.6744073    -0.5900742    -0.5159935    -0.4480732    -0.3849856    -0.3251659    -0.2676321     -0.211721
    -0.1570601    -0.1041467 -4.766158E-02  1.473616E-02  7.659149E-02     0.1401027     0.2067071     0.2780777     0.3563334     0.4444691     0.5342926     0.6232963     0.7294967     0.8394117     0.9441517      1.072046      1.232443      1.438859      1.709412      1.464364
      1.241607      1.025487     0.8720443     0.7680937     0.6939974     0.6404757     0.5994432     0.5348548     0.4520796      0.388801             0
