 51            10 
             0    -0.2562402    -0.2465132    -0.2382431    -0.2325696    -0.2267485    -0.2197273     -0.212581    -0.2069421    -0.2021408    -0.1970414    -0.1902802    -0.1799505    -0.1676323    -0.1546753    -0.1422681    -0.1305609    -0.1175971    -0.1035618 -8.857268E-02
 -7.268288E-02 -5.587646E-02 -3.958897E-02 -2.388621E-02 -7.413041E-03  8.486526E-03      0.023641  3.907875E-02  5.463181E-02     0.0701599  8.362596E-02  9.505635E-02     0.1063596     0.1156702     0.1230616     0.1299371     0.1362917     0.1425759     0.1487808     0.1548976
     0.1624226     0.1726762     0.1839298     0.1947056     0.2050129     0.2143315     0.2226432     0.2382442     0.2653482     0.2882604             0
             0    -0.2618062    -0.2527354    -0.2453231    -0.2396039    -0.2333338    -0.2260171    -0.2188375    -0.2133113    -0.2086795    -0.2038337     -0.197496    -0.1879499    -0.1763256    -0.1636579    -0.1504436    -0.1374597    -0.1234803    -0.1087982 -9.351682E-02
 -7.771279E-02 -6.115117E-02 -4.450598E-02 -2.811397E-02 -1.097516E-02  5.864389E-03  2.208786E-02  3.844867E-02  5.477256E-02  7.092348E-02  8.472332E-02  9.630272E-02      0.107639     0.1169297     0.1243327     0.1313154     0.1378441      0.144324     0.1507226     0.1570296
     0.1647823     0.1752343     0.1865597     0.1972843     0.2074385      0.216857     0.2254563     0.2415034     0.2682444     0.2903352             0
             0    -0.3399299    -0.3304709    -0.3221872    -0.3156095    -0.3081509    -0.2991961    -0.2901687    -0.2830868    -0.2770794    -0.2707224    -0.2623184      -0.24947    -0.2335608    -0.2159606    -0.1974155    -0.1790166    -0.1591101    -0.1381363    -0.1162659
 -9.363007E-02 -6.991387E-02 -4.610364E-02 -2.268581E-02  1.734321E-03  2.563532E-02  4.854213E-02  7.147788E-02  9.414706E-02     0.1163073     0.1349536     0.1503818     0.1652397     0.1771879     0.1865766     0.1953032     0.2033247     0.2111446     0.2187199     0.2260366
     0.2348393     0.2462991     0.2580844     0.2686191     0.2779741     0.2860852     0.2929701     0.3048721      0.319955     0.3242884             0
             0    -0.4174845    -0.4119304    -0.4054849    -0.3998715    -0.3928078    -0.3836157    -0.3736671    -0.3654909    -0.3583608    -0.3506247    -0.3401662    -0.3237132    -0.3027591    -0.2790823    -0.2538377    -0.2285898    -0.2012291     -0.172416    -0.1424069
    -0.1113985 -7.896273E-02 -4.643675E-02 -1.444323E-02  1.894133E-02  5.164466E-02  8.301774E-02     0.1144355     0.1454423     0.1756294     0.2008185     0.2214478     0.2410257     0.2564586     0.2683867     0.2792649     0.2890287     0.2982941     0.3070001     0.3151245
     0.3245345     0.3360015     0.3465828     0.3548604     0.3610588     0.3653897     0.3681183     0.3711142     0.3670198      0.350684             0
             0    -0.4809088    -0.4845895    -0.4839831    -0.4822581    -0.4783199    -0.4714566    -0.4623622     -0.453995     -0.446245    -0.4374047    -0.4249553    -0.4044474    -0.3773713    -0.3461791    -0.3127643    -0.2794104    -0.2435969    -0.2062805    -0.1677802
    -0.1283158 -8.727365E-02 -4.623916E-02 -5.845952E-03  3.645425E-02  7.813845E-02     0.1184843      0.159305      0.200031     0.2400786     0.2737216     0.3012908     0.3273137     0.3475383     0.3629238     0.3766525     0.3885962     0.3994872     0.4092174     0.4177448
     0.4268979     0.4364896     0.4429558     0.4456981     0.4454229     0.4429274     0.4389188     0.4287316     0.4023198     0.3680147             0
             0    -0.5297008     -0.547304    -0.5574096    -0.5636906    -0.5672824    -0.5673143    -0.5623273    -0.5552492    -0.5474968    -0.5375664    -0.5224279    -0.4956613    -0.4591303    -0.4170101    -0.3725547    -0.3291433    -0.2836894    -0.2374158    -0.1905562
    -0.1432117 -9.445402E-02 -4.593775E-02  1.852833E-03  5.216644E-02      0.102225     0.1514231     0.2021822     0.2540424     0.3064454     0.3517545     0.3896244     0.4259033     0.4542172     0.4755921     0.4942967     0.5099601     0.5233862     0.5342823     0.5425311
     0.5496175     0.5532171     0.5496812     0.5410641     0.5292808     0.5160784     0.5026611     0.4758486     0.4273802     0.3791097             0
             0    -0.5585874    -0.5899048    -0.6133509    -0.6311648    -0.6477589    -0.6622336    -0.6681583     -0.665669    -0.6590663    -0.6474677    -0.6270511    -0.5881643     -0.535853     -0.478471    -0.4207403    -0.3669017     -0.312619    -0.2589889    -0.2058539
     -0.152999 -9.910715E-02 -4.573562E-02  6.854726E-03  6.248958E-02     0.1183574     0.1741305     0.2329337     0.2948017     0.3597696     0.4187762     0.4702906     0.5220237     0.5642546     0.5968195     0.6255122     0.6491037     0.6679814      0.680872     0.6871723
     0.6874727     0.6755518     0.6515828     0.6240022     0.5961976     0.5702708     0.5471731     0.5053041     0.4411897     0.3847744             0
             0     -0.571956     -0.611333     -0.644146    -0.6712769    -0.7005584    -0.7326232    -0.7561684    -0.7631281    -0.7595133    -0.7447119    -0.7145408    -0.6573752    -0.5868859     -0.515666    -0.4477833    -0.3870341    -0.3274632    -0.2697568    -0.2133424
    -0.1577291    -0.1013404 -4.564154E-02  9.248155E-03  6.746384E-02      0.126218      0.185389     0.2485739     0.3162908     0.3893187     0.4582717     0.5209776     0.5873843     0.6453407     0.6923195     0.7358126     0.7732646     0.8033965     0.8210803     0.8221525
     0.8075948     0.7697352     0.7205923     0.6745404     0.6337689     0.5989068      0.569743     0.5192893     0.4473583     0.3872209             0
             0    -0.5794596    -0.6239378    -0.6633596    -0.6977588    -0.7385055    -0.7899281    -0.8393917     -0.865606    -0.8702493     -0.847072    -0.7974656    -0.7139062    -0.6237245    -0.5403994    -0.4647655     -0.399248    -0.3362573     -0.276034    -0.2176604
    -0.1604377    -0.1026147 -4.558908E-02  1.061083E-02  7.030658E-02     0.1307372     0.1919234     0.2577829     0.3292158     0.4076598     0.4838574     0.5554729     0.6350143     0.7094475     0.7738265     0.8385277     0.9010624     0.9586341     0.9955814     0.9772501
     0.9274104     0.8487374     0.7711985     0.7083634     0.6574213     0.6162167     0.5830473     0.5272387     0.4507584     0.3885476             0
             0     -0.583334    -0.6306695    -0.6741378    -0.7134318    -0.7631456    -0.8334036    -0.9184735    -0.9869781     -1.026172    -0.9683814     -0.876379    -0.7568737    -0.6476678     -0.555095    -0.4743133    -0.4059144    -0.3409681    -0.2793564    -0.2199283
    -0.1618535    -0.1032792 -4.556222E-02  1.132017E-02  7.179017E-02     0.1331053     0.1953702     0.2626911     0.3362157     0.4178479     0.4986165       0.57635      0.666055     0.7556417     0.8390902     0.9329156      1.043305      1.185444      1.375958      1.205963
      1.053226     0.9112071     0.8047389     0.7286087     0.6707655     0.6256466     0.5901535     0.5313766     0.4524933     0.3892177             0
