 51            10 
             0 -1.456757E-03  1.060218E-04  1.299141E-03  2.230716E-03  3.296686E-03  4.494414E-03  5.654749E-03  6.542071E-03  7.282428E-03  8.052683E-03  9.052074E-03  1.052582E-02  1.231873E-02  1.421398E-02  1.620482E-02     0.0182841  2.044425E-02  2.267734E-02  2.497516E-02
  2.732918E-02     0.0297306  3.217035E-02  3.463902E-02  3.712707E-02  3.962497E-02  4.212325E-02  4.461266E-02     0.0470842     0.0495292  5.163813E-02  5.342234E-02  5.517997E-02  5.662001E-02  5.775785E-02     0.0588807  5.998779E-02     0.0610784  6.215182E-02     0.0632074
     0.0645038     0.0662684     0.0682046  7.005668E-02  7.182154E-02  7.349661E-02  7.507984E-02  7.805941E-02  8.347125E-02  8.849216E-02             0
             0 -1.724661E-03  -1.53897E-04  1.046665E-03  1.984462E-03  3.057973E-03  4.264604E-03   5.43395E-03  6.328366E-03   7.07475E-03   7.85138E-03  8.859177E-03  1.034559E-02  1.215431E-02  1.406663E-02  1.607573E-02  1.817435E-02  2.035479E-02  2.260902E-02  2.492865E-02
      0.027305  2.972911E-02  3.219171E-02  3.468322E-02  3.719391E-02  3.971401E-02  4.223389E-02  4.474408E-02  4.723541E-02  4.969902E-02  5.182304E-02  5.361937E-02  5.538822E-02  5.683684E-02  5.798112E-02  5.910997E-02  6.022262E-02  6.131833E-02  6.239641E-02  6.345619E-02
  6.475728E-02  6.652725E-02  6.846786E-02  7.032267E-02  7.208868E-02  7.376345E-02  7.534508E-02  7.831914E-02  8.370729E-02  8.867963E-02             0
             0 -5.897633E-03 -4.209777E-03 -2.897311E-03 -1.865144E-03 -6.764263E-04  6.670759E-04  1.975634E-03  2.980021E-03  3.820006E-03  4.695849E-03  5.834633E-03  7.518886E-03  9.575124E-03  1.175537E-02  1.405148E-02  1.645456E-02  1.895507E-02  2.154287E-02  2.420728E-02
  2.693716E-02  2.972086E-02  3.254629E-02     0.0354008  3.827145E-02  4.114522E-02  4.400918E-02  4.685059E-02  4.965708E-02  5.241678E-02  5.478072E-02  5.676913E-02  5.871558E-02  6.029945E-02  6.154489E-02     0.0627677  6.396698E-02  6.514192E-02  6.629175E-02     0.0674158
     0.0687879  7.063789E-02  7.264115E-02  7.453123E-02  7.630699E-02     0.0779682  7.951541E-02  8.238429E-02  8.736402E-02     0.0915472             0
             0 -9.235987E-03 -7.504553E-03  -6.13131E-03 -5.042397E-03  -3.77876E-03 -2.340478E-03 -9.304314E-04   1.56767E-04  1.068594E-03  2.021911E-03  3.264585E-03  5.109007E-03  7.370231E-03  9.776382E-03  1.231791E-02  1.498424E-02  1.776394E-02  2.064485E-02     0.0236142
     0.0266586  2.976414E-02  3.291626E-02     0.0360996  3.929834E-02  4.249636E-02  4.567743E-02  4.882533E-02  5.192405E-02  5.495795E-02  5.754279E-02  5.970656E-02  6.181296E-02  6.351626E-02  6.484946E-02  6.615198E-02  6.742274E-02  6.866075E-02     0.0698652  7.103539E-02
     0.0724546     0.0743488     0.0763709  7.825065E-02  7.999004E-02  8.159239E-02      0.083062  8.574555E-02  9.020091E-02  9.360974E-02             0
             0 -1.148461E-02  -9.76584E-03 -8.376591E-03 -7.265879E-03 -5.966922E-03 -4.477591E-03 -3.007487E-03    -0.0018686 -9.106051E-04  9.375838E-05  1.406358E-03  3.361424E-03  5.767885E-03  8.336792E-03  1.105698E-02  1.391609E-02  1.690092E-02     0.0199976  2.319179E-02
     0.0264687  2.981304E-02  3.320888E-02  3.663935E-02  4.008693E-02  4.353354E-02  4.696067E-02     0.0503494  5.368054E-02  5.693476E-02  5.969814E-02  6.200362E-02  6.423853E-02  6.603642E-02  6.743804E-02  6.880133E-02  7.012485E-02  7.140739E-02  7.264799E-02  7.384592E-02
  7.528939E-02  7.719629E-02  7.920283E-02  8.104078E-02  8.271668E-02  8.423849E-02  8.561496E-02  8.809505E-02  9.206922E-02  9.489125E-02             0
             0 -1.295366E-02 -1.127252E-02 -9.891591E-03 -8.779404E-03 -7.469435E-03 -5.957026E-03 -4.454168E-03 -3.284461E-03 -2.297688E-03 -1.260358E-03   9.86864E-05  2.129572E-03  4.638129E-03  7.322841E-03  1.017058E-02     0.0131671  1.629754E-02     0.0195467  2.289923E-02
     0.0263396  2.985199E-02  3.342003E-02  3.702636E-02  4.065287E-02  4.428072E-02  4.789031E-02  5.146115E-02  5.497184E-02  5.840003E-02  6.130726E-02  6.372822E-02  6.606849E-02  6.794369E-02     0.0694007  7.081226E-02  7.217638E-02  7.349144E-02  7.475618E-02  7.596984E-02
  7.742259E-02  7.932168E-02  8.129139E-02  8.307037E-02  8.467113E-02  8.610719E-02  8.739185E-02  8.968334E-02  9.326999E-02  9.568124E-02             0
             0 -1.371507E-02 -1.206811E-02 -1.070214E-02 -9.596899E-03  -8.28898E-03  -6.77155E-03 -5.256146E-03  -4.07235E-03 -3.071394E-03 -2.016905E-03 -6.327185E-04  1.440791E-03  4.008046E-03  6.759535E-03  9.680318E-03  1.275467E-02  1.596663E-02     0.0193003  2.273989E-02
  2.626973E-02  2.987399E-02     0.0335364  3.723969E-02  4.096587E-02  4.469614E-02  4.841082E-02  5.208908E-02  5.570873E-02  5.924601E-02  6.224674E-02  6.474478E-02  6.715704E-02  6.908596E-02  7.058154E-02  7.202645E-02  7.341792E-02  7.475364E-02  7.603196E-02  7.725194E-02
  7.870379E-02  8.058465E-02  8.251312E-02  8.423731E-02  8.577575E-02  8.714639E-02  8.836562E-02  9.053006E-02  9.388512E-02  9.607464E-02             0
             0 -1.404612E-02    -0.0124173 -1.106053E-02 -9.960437E-03 -8.655763E-03 -7.138484E-03  -5.61925E-03  -4.43002E-03  -3.42313E-03 -2.361071E-03 -9.654163E-04  1.128042E-03  3.722934E-03  6.505624E-03  9.460148E-03  1.257005E-02     0.0158189  1.919052E-02  2.266902E-02
     0.0262387  2.988384E-02  3.358825E-02  3.733485E-02  4.110576E-02  4.488234E-02      0.048645  5.237298E-02  5.604397E-02     0.0596338  6.268085E-02  6.521805E-02  6.766795E-02  6.962579E-02  7.114249E-02  7.260586E-02  7.401241E-02  7.535923E-02  7.664412E-02  7.786597E-02
  7.931454E-02     0.0811808  8.308225E-02  8.477405E-02  8.627807E-02  8.761442E-02  8.880067E-02  9.090303E-02  9.415119E-02  9.624275E-02             0
             0 -1.422623E-02 -1.260821E-02 -1.125726E-02 -1.016066E-02 -8.858566E-03 -7.342264E-03 -5.821646E-03 -4.629776E-03 -3.619759E-03 -2.553513E-03 -1.151341E-03  9.536176E-04  3.564384E-03  6.364821E-03  9.338351E-03  1.246812E-02  1.573746E-02  1.913007E-02  2.263002E-02
  2.622164E-02  2.988925E-02  3.361679E-02  3.738725E-02  4.118286E-02  4.498512E-02  4.877455E-02  5.253044E-02  5.623053E-02  5.985054E-02  6.292469E-02  6.548521E-02  6.795803E-02  6.993398E-02  7.146419E-02     0.0729396  7.435618E-02  7.571033E-02  7.699926E-02  7.822158E-02
  7.966665E-02  8.152145E-02  8.340424E-02  8.507513E-02     0.0865579  8.787371E-02  8.904065E-02  9.110726E-02  9.429559E-02  9.633345E-02             0
             0 -1.431738E-02 -1.270514E-02 -1.135742E-02 -1.026283E-02  -8.96238E-03 -7.446971E-03 -5.926018E-03     -0.004733 -3.721462E-03 -2.653045E-03 -1.247399E-03   8.63727E-04   3.48291E-03  6.292641E-03  9.276033E-03  1.241605E-02     0.0156959  1.909924E-02  2.261014E-02
  2.621294E-02  2.989202E-02  3.363134E-02  3.741396E-02     0.0412222  4.503761E-02  4.884079E-02     0.0526111  5.632632E-02  5.996219E-02  6.305076E-02  6.562389E-02  6.810939E-02  7.009567E-02     0.0716338  7.311654E-02  7.453945E-02  7.589839E-02  7.718989E-02  7.841191E-02
     0.0798538  8.170056E-02  8.357188E-02  8.523074E-02  8.670178E-02     0.0880065  8.916318E-02  9.121104E-02  9.436855E-02  9.637912E-02             0
