 51            10 
             0    -0.2561357    -0.2470657    -0.2398909    -0.2342404    -0.2277304    -0.2203678    -0.2131887    -0.2076723    -0.2030553    -0.1982375    -0.1919688    -0.1826888    -0.1713517    -0.1593341    -0.1466951    -0.1334962    -0.1197986    -0.1056723 -9.120712E-02
 -7.653969E-02 -6.187155E-02 -4.500752E-02    -0.0280602 -1.112205E-02  5.723598E-03  2.240523E-02  3.885931E-02  5.502615E-02  7.084771E-02  8.433973E-02  9.565122E-02     0.1066877     0.1156386     0.1226613     0.1295413     0.1362744     0.1428572     0.1492872     0.1555631
     0.1632143       0.17352     0.1846727     0.1951915     0.2050633     0.2142701       0.22281     0.2385719     0.2655149     0.2882299             0
             0    -0.2612661    -0.2521461    -0.2448968    -0.2391929     -0.232628    -0.2251911     -0.217921    -0.2123229    -0.2076303    -0.2027257    -0.1963334    -0.1868469    -0.1752261    -0.1628852    -0.1499045    -0.1363594    -0.1222859    -0.1077425 -9.282011E-02
 -7.766695E-02    -0.0625209 -4.542809E-02    -0.0279932 -1.060676E-02   6.62738E-03  2.365621E-02     0.0404374  5.692316E-02     0.0730573  8.681282E-02  9.833936E-02     0.1095754     0.1186747     0.1258039     0.1327758     0.1395839     0.1462227     0.1526881     0.1589788
     0.1666309     0.1769799     0.1881834     0.1987825     0.2087428     0.2179541     0.2264466     0.2420515      0.268409     0.2901368             0
             0    -0.3391661    -0.3295867    -0.3214387    -0.3148273    -0.3069897    -0.2978572    -0.2886897    -0.2814989    -0.2754012     -0.268958    -0.2604738    -0.2477038    -0.2318027    -0.2146882    -0.1964933    -0.1773517    -0.1573431    -0.1365792    -0.1152167
 -9.349237E-02 -7.177087E-02 -4.728094E-02 -2.234707E-02  2.445563E-03  2.692014E-02  5.096863E-02     0.0744932  9.738282E-02       0.11951     0.1380832     0.1534277     0.1681394     0.1798266     0.1888528     0.1975422     0.2058836     0.2138682     0.2214899     0.2287471
     0.2373723     0.2486051     0.2601319     0.2703999     0.2794625     0.2872858     0.2939786     0.3053219     0.3197445     0.3239519             0
             0    -0.4161384    -0.4101292     -0.403527    -0.3976234    -0.3900104    -0.3804568    -0.3702271      -0.36186    -0.3545868    -0.3467275      -0.33617     -0.319866    -0.2990155    -0.2761502     -0.251542    -0.2254712     -0.198124    -0.1697077    -0.1404688
    -0.1107426 -8.102676E-02 -4.754122E-02 -1.343184E-02  2.052637E-02  5.410535E-02     0.0871539     0.1195117     0.1509716     0.1812702     0.2064924     0.2271134     0.2465878     0.2617396     0.2732372     0.2840753     0.2942239     0.3036605     0.3123703      0.320349
     0.3294216     0.3403524     0.3503055     0.3579121     0.3635217     0.3673296     0.3696331     0.3717838     0.3665431     0.3502341             0
             0    -0.4785847    -0.4808556    -0.4791408    -0.4763176     -0.471289    -0.4634574    -0.4536529    -0.4448871    -0.4368913    -0.4278945    -0.4153978    -0.3953376    -0.3688138    -0.3392323    -0.3072125    -0.2733517     -0.238032    -0.2015862    -0.1643344
    -0.1266612 -8.912287E-02 -4.687667E-02 -3.768341E-03  3.936104E-02  8.234876E-02     0.1251075     0.1675024     0.2092804     0.2500306     0.2842697     0.3123228     0.3386994     0.3589331     0.3740297     0.3879151     0.4004825     0.4116471     0.4213538     0.4295833
     0.4380512     0.4463156     0.4511413     0.4521151     0.4504129     0.4467514     0.4417472     0.4300208     0.4017297     0.3674875             0
             0    -0.5261126    -0.5404084    -0.5471815    -0.5503544     -0.551177    -0.5483085    -0.5412179    -0.5331236    -0.5248895    -0.5148458    -0.5000577    -0.4749528    -0.4406521    -0.4022387    -0.3610746    -0.3182764    -0.2744431    -0.2299651    -0.1851288
    -0.1402455 -9.580023E-02    -0.0458938     0.0051449  5.658165E-02     0.1084951     0.1610679     0.2144345      0.268569     0.3231753     0.3707471     0.4107403     0.4491403     0.4788925     0.5009823     0.5209152     0.5382434     0.5525675     0.5635999     0.5712309
     0.5766454     0.5764841     0.5682372      0.554837     0.5394089     0.5234736     0.5078502     0.4781142     0.4267857     0.3785331             0
             0    -0.5539083    -0.5795343    -0.5961335    -0.6072536     -0.617184    -0.6236995    -0.6233284    -0.6179238     -0.610234    -0.5989338    -0.5805538    -0.5474139    -0.5021065    -0.4528513    -0.4018987    -0.3506602    -0.2996233    -0.2489505    -0.1986858
     -0.148922 -9.996565E-02 -4.512514E-02  1.106216E-02  6.806494E-02     0.1262927     0.1863569     0.2489486     0.3147607     0.3843884     0.4488903     0.5061958     0.5647018     0.6129454     0.6500174     0.6841765     0.7136409     0.7363812     0.7505332     0.7551705
     0.7501608      0.726377     0.6889858     0.6496513     0.6136945     0.5822707     0.5551555       0.50853     0.4406365      0.384173             0
             0    -0.5666839    -0.5987856    -0.6219247    -0.6390734    -0.6571879    -0.6742845    -0.6843304    -0.6848183    -0.6791574    -0.6655027    -0.6408162    -0.5966492    -0.5399995    -0.4817461    -0.4238883    -0.3673762    -0.3122277    -0.2582479    -0.2052227
    -0.1530598    -0.1019318    -0.0447359  1.391873E-02  7.363416E-02     0.1350328      0.199027     0.2667549     0.3396024     0.4192715     0.4967436     0.5692051     0.6483544     0.7195572     0.7781493     0.8362992     0.8901193     0.9331767     0.9564809     0.9518934
     0.9210361     0.8536406     0.7770008     0.7105514       0.65695     0.6141288     0.5795437     0.5230687     0.4468337     0.3866089             0
             0    -0.5738282    -0.6099654    -0.6375777    -0.6592697    -0.6844839    -0.7130479    -0.7395034    -0.7555872    -0.7604103    -0.7360884    -0.6955726    -0.6346495    -0.5660984    -0.5002826    -0.4373747    -0.3773355    -0.3195955    -0.2636137    -0.2089631
    -0.1554136    -0.1030448 -4.450906E-02     0.0155518  7.682683E-02     0.1400773     0.2064207     0.2773202     0.3547112     0.4412829     0.5284947     0.6134984     0.7120402      0.808794     0.8953148     0.9909998      1.092984        1.1908       1.25507      1.210249
      1.110742     0.9690818     0.8451561     0.7528274     0.6848342      0.633686     0.5940602     0.5313631     0.4502526     0.3879299             0
             0    -0.5775076    -0.6158794    -0.6461645    -0.6708438    -0.7015091    -0.7416857    -0.7955679    -0.8679542    -0.9914507    -0.8483602    -0.7514203    -0.6628892    -0.5824974    -0.5109892    -0.4448247    -0.3827005    -0.3235053    -0.2664345    -0.2109176
    -0.1566387    -0.1036222 -4.438937E-02  1.640407E-02  7.849635E-02     0.1427275     0.2103352     0.2829815     0.3629606     0.4536662     0.5471746     0.6410722     0.7552504     0.8767503     0.9958478      1.147035      1.347485      1.627409      2.042409      1.651695
      1.333521      1.067985      0.892793     0.7789928     0.7008853     0.6444714     0.6018706     0.5356915      0.451998     0.3885971             0
