 51            10 
             0  3.902381E-02  3.921297E-02  3.933024E-02  3.941575E-02  3.950843E-02  3.960807E-02  3.970116E-02  3.977072E-02  3.982796E-02  3.988675E-02  3.996214E-02  4.007156E-02  4.020224E-02     0.0403382     0.0404791  4.062456E-02  4.077419E-02  4.092759E-02  4.108434E-02
      0.041244  4.140614E-02  4.157031E-02  4.173605E-02     0.0419029     0.0420704  4.223809E-02  4.240549E-02  4.257216E-02  4.273763E-02  4.288098E-02  4.300271E-02  4.312312E-02  4.322222E-02  4.330076E-02  4.337851E-02  4.345543E-02  4.353147E-02  4.360658E-02  4.368071E-02
  4.377209E-02  4.389717E-02  4.403548E-02  4.416881E-02  4.429684E-02  4.441926E-02  4.453579E-02  4.475654E-02  4.516337E-02  4.552501E-02             0
             0  3.902013E-02  3.920947E-02  3.932688E-02  3.941251E-02  3.950532E-02  3.960511E-02  3.969835E-02  3.976801E-02  3.982534E-02  3.988423E-02  3.995975E-02  4.006935E-02  4.020026E-02  4.033646E-02  4.047761E-02  4.062333E-02  4.077324E-02  4.092691E-02  4.108395E-02
  4.124391E-02  4.140634E-02  4.157081E-02  4.173684E-02  4.190398E-02  4.207177E-02  4.223973E-02     0.0424074  4.257433E-02  4.274005E-02     0.0428836  4.300551E-02  4.312608E-02  4.322529E-02  4.330393E-02  4.338178E-02  4.345879E-02  4.353491E-02     0.0436101     0.0436843
  4.377577E-02  4.390096E-02  4.403938E-02  4.417279E-02     0.0443009  4.442337E-02  4.453995E-02  4.476075E-02  4.516756E-02     0.0455289             0
             0  3.896364E-02  3.915577E-02  3.927536E-02  3.936272E-02  3.945751E-02  3.955956E-02      0.039655  3.972636E-02     0.0397851  3.984547E-02  3.992291E-02  4.003537E-02  4.016975E-02  4.030964E-02  4.045467E-02  4.060444E-02  4.075855E-02  4.091655E-02  4.107801E-02
  4.124247E-02  4.140944E-02  4.157846E-02  4.174904E-02  4.192068E-02  4.209289E-02  4.226517E-02  4.243703E-02  4.260798E-02  4.277753E-02  4.292426E-02  4.304875E-02  4.317177E-02  4.327291E-02  4.335302E-02  4.343228E-02  4.351063E-02  4.358802E-02  4.366441E-02  4.373974E-02
  4.383253E-02  4.395939E-02  4.409943E-02     0.0442342  4.436339E-02  4.448672E-02     0.0446039  4.482549E-02  4.523171E-02  4.558824E-02             0
             0     0.0389231  3.911708E-02  3.923817E-02  3.932671E-02  3.942288E-02  3.952651E-02     0.0396235  3.969606E-02  3.975581E-02  3.981724E-02  3.989606E-02  4.001057E-02  4.014747E-02  4.029005E-02  4.043792E-02  4.059067E-02  4.074788E-02  4.090909E-02  4.107384E-02
  4.124165E-02  4.141202E-02  4.158445E-02  4.175844E-02  4.193345E-02  4.210899E-02  4.228451E-02  4.245951E-02  4.263346E-02  4.280588E-02  4.295496E-02  4.308137E-02  4.320619E-02  4.330873E-02  4.338991E-02  4.347017E-02  4.354947E-02  4.362777E-02  4.370499E-02     0.0437811
  4.387479E-02  4.400275E-02  4.414383E-02  4.427942E-02  4.440922E-02  4.453295E-02  4.465036E-02  4.487209E-02  4.527694E-02  4.562905E-02             0
             0  3.889793E-02  3.909298E-02  3.921494E-02  3.930418E-02  3.940118E-02  3.950576E-02     0.0396037      0.039677  3.973737E-02  3.979945E-02  3.987913E-02  3.999491E-02     0.0401334  4.027767E-02  4.042733E-02  4.058198E-02  4.074116E-02  4.090441E-02  4.107126E-02
  4.124121E-02  4.141376E-02  4.158839E-02  4.176456E-02  4.194176E-02  4.211943E-02  4.229705E-02  4.247408E-02  4.264999E-02  4.282425E-02  4.297486E-02  4.310249E-02  4.322846E-02  4.333189E-02  4.341374E-02  4.349464E-02  4.357454E-02  4.365338E-02  4.373112E-02  4.380769E-02
  4.390192E-02  4.403052E-02  4.417218E-02  4.430818E-02  4.443825E-02  4.456213E-02  4.467958E-02  4.490117E-02     0.0453047  4.565366E-02             0
             0  3.888242E-02  3.907807E-02  3.920054E-02     0.0392902     0.0393877  3.949285E-02  3.959136E-02  3.966511E-02  3.972587E-02  3.978834E-02  3.986855E-02  3.998512E-02  4.012459E-02  4.026992E-02  4.042071E-02  4.057654E-02  4.073695E-02  4.090149E-02  4.106966E-02
  4.124096E-02  4.141489E-02     0.0415909  4.176847E-02  4.194704E-02  4.212608E-02  4.230503E-02  4.248336E-02  4.266051E-02  4.283596E-02  4.298753E-02  4.311595E-02  4.324266E-02  4.334665E-02  4.342892E-02  4.351022E-02  4.359049E-02  4.366967E-02  4.374772E-02  4.382458E-02
  4.391912E-02     0.0440481  4.419007E-02  4.432628E-02  4.445647E-02  4.458039E-02  4.469779E-02  4.491918E-02  4.532169E-02  4.566855E-02             0
             0  3.887469E-02  3.907063E-02  3.919334E-02  3.928319E-02  3.938093E-02  3.948637E-02  3.958516E-02  3.965913E-02  3.972007E-02  3.978276E-02  3.986322E-02  3.998019E-02  4.012015E-02  4.026601E-02  4.041737E-02  4.057379E-02  4.073483E-02  4.090002E-02  4.106886E-02
  4.124085E-02  4.141546E-02  4.159218E-02  4.177045E-02  4.194972E-02  4.212946E-02  4.230909E-02  4.248808E-02  4.266588E-02  4.284194E-02  4.299401E-02  4.312283E-02  4.324991E-02  4.335419E-02  4.343669E-02  4.351819E-02  4.359864E-02  4.367799E-02  4.375619E-02     0.0438332
  4.392789E-02  4.405705E-02  4.419915E-02  4.433545E-02  4.446567E-02  4.458958E-02  4.470694E-02  4.492819E-02  4.533011E-02  4.567588E-02             0
             0  3.887139E-02  3.906744E-02  3.919026E-02  3.928019E-02  3.937803E-02  3.948358E-02     0.0395825  3.965656E-02  3.971759E-02  3.978035E-02  3.986093E-02  3.997808E-02  4.011824E-02  4.026433E-02  4.041593E-02  4.057261E-02  4.073392E-02  4.089939E-02  4.106852E-02
     0.0412408  4.141571E-02  4.159273E-02     0.0417713  4.195088E-02  4.213092E-02  4.231085E-02  4.249012E-02  4.266819E-02  4.284452E-02  4.299681E-02     0.0431258  4.325305E-02  4.335746E-02  4.344004E-02  4.352163E-02  4.360216E-02  4.368159E-02  4.375986E-02  4.383692E-02
  4.393168E-02     0.0440609  4.420306E-02     0.0443394  4.446963E-02  4.459353E-02  4.471087E-02  4.493204E-02  4.533371E-02      0.045679             0
             0     0.0388696  3.906572E-02  3.918859E-02  3.927857E-02  3.937647E-02  3.948208E-02  3.958106E-02  3.965518E-02  3.971624E-02  3.977905E-02  3.985969E-02  3.997693E-02  4.011721E-02  4.026342E-02  4.041515E-02  4.057197E-02  4.073343E-02  4.089905E-02  4.106833E-02
  4.124077E-02  4.141585E-02  4.159303E-02  4.177177E-02  4.195151E-02  4.213171E-02     0.0423118  4.249123E-02  4.266945E-02  4.284592E-02  4.299833E-02  4.312741E-02  4.325475E-02  4.335923E-02  4.344187E-02     0.0435235  4.360408E-02  4.368354E-02  4.376185E-02  4.383894E-02
  4.393373E-02      0.044063  4.420519E-02  4.434153E-02  4.447177E-02  4.459567E-02  4.471299E-02  4.493412E-02  4.533565E-02  4.568068E-02             0
             0  3.886871E-02  3.906486E-02  3.918775E-02  3.927776E-02  3.937568E-02  3.948132E-02  3.958034E-02  3.965447E-02  3.971557E-02     0.0397784  3.985907E-02  3.997635E-02  4.011669E-02  4.026296E-02  4.041476E-02  4.057165E-02  4.073318E-02  4.089887E-02  4.106824E-02
  4.124076E-02  4.141592E-02  4.159318E-02      0.041772  4.195183E-02  4.213211E-02  4.231228E-02  4.249179E-02  4.267009E-02  4.284662E-02  4.299909E-02  4.312823E-02  4.325561E-02  4.336013E-02  4.344279E-02  4.352445E-02  4.360504E-02  4.368453E-02  4.376286E-02  4.383996E-02
  4.393477E-02  4.406406E-02  4.420626E-02  4.434261E-02  4.447285E-02  4.459674E-02  4.471406E-02  4.493517E-02  4.533662E-02  4.568152E-02             0
