 51            10 
             0    -0.2272223    -0.2204885    -0.2148078    -0.2102612    -0.2049655    -0.1989345    -0.1930281    -0.1884797    -0.1846686    -0.1806878    -0.1755036    -0.1678195    -0.1584147    -0.1496732    -0.1416988    -0.1333051    -0.1208533    -0.1070977 -9.322554E-02
 -7.850775E-02 -6.328472E-02 -4.759818E-02 -3.154571E-02 -1.532287E-02  1.154712E-03  1.790562E-02  3.490191E-02  5.115642E-02  6.634726E-02  7.950059E-02  9.055246E-02     0.1013306     0.1100883      0.117002     0.1238638     0.1306975     0.1374987     0.1442965     0.1506685
     0.1580254     0.1684045     0.1796412     0.1900369     0.2001459     0.2098648     0.2190167     0.2362115     0.2642044     0.2877842             0
             0     -0.230353    -0.2236164     -0.217916    -0.2133479    -0.2080209    -0.2019466    -0.1959893    -0.1913963    -0.1875444    -0.1835172    -0.1782671    -0.1704712    -0.1609012    -0.1519707    -0.1437654    -0.1350456    -0.1222599    -0.1081632 -9.392342E-02
 -7.878815E-02 -6.311215E-02 -4.695569E-02    -0.0304363 -1.375505E-02  3.162593E-03  2.032543E-02  3.771835E-02  5.433124E-02  6.986316E-02  8.332055E-02  9.463345E-02     0.1056685     0.1146312     0.1217008     0.1287088     0.1356755     0.1425973     0.1495047     0.1559702
     0.1634394     0.1739298     0.1852312     0.1956473     0.2057174      0.215297     0.2242044     0.2408155     0.2678631     0.2900946             0
             0    -0.2798815    -0.2733909    -0.2675999    -0.2628716    -0.2572638    -0.2507668    -0.2442965    -0.2392514    -0.2349887     -0.230499    -0.2246026    -0.2157503     -0.204723      -0.19428    -0.1845301    -0.1740011    -0.1565995    -0.1367974    -0.1165586
 -9.494027E-02    -0.0725083 -4.938993E-02 -2.578617E-02 -2.016401E-03  2.199213E-02  4.621593E-02  7.058957E-02  9.366602E-02     0.1149822     0.1331834     0.1482818     0.1627791     0.1743375     0.1833282     0.1921064     0.2006925     0.2090765     0.2172907     0.2248348
     0.2333574     0.2449145     0.2567606     0.2670606     0.2764021      0.284708     0.2918989     0.3043524     0.3198784     0.3241241             0
             0    -0.3224319    -0.3175807    -0.3127091    -0.3085856    -0.3035452    -0.2975487    -0.2914341    -0.2865892    -0.2824546    -0.2780584    -0.2722329    -0.2633751    -0.2521642    -0.2413824     -0.231172    -0.2199587    -0.1974065    -0.1707097    -0.1431225
    -0.1135664 -8.288808E-02 -5.128404E-02 -1.902664E-02  1.345951E-02  4.628376E-02  7.941093E-02     0.1127298     0.1442174     0.1731756     0.1976989     0.2178421     0.2369147     0.2518331     0.2632531     0.2741958     0.2846692      0.294646     0.3041527     0.3126226
     0.3218442     0.3335688     0.3444488      0.352769     0.3591937     0.3638574     0.3669385     0.3705483     0.3671646     0.3505398             0
             0    -0.3527565    -0.3503318    -0.3470177    -0.3439998    -0.3400963    -0.3352321    -0.3300793    -0.3259006    -0.3222883    -0.3184054    -0.3132138    -0.3052415    -0.2950764    -0.2852754    -0.2761022    -0.2660827    -0.2385233    -0.2045754    -0.1693541
    -0.1317371 -9.285519E-02 -5.291497E-02 -1.217021E-02  2.895364E-02  7.070826E-02     0.1131459     0.1561991     0.1972442     0.2353303     0.2677558     0.2943847     0.3194563     0.3388036     0.3533961     0.3670968     0.3798603     0.3916065      0.402331      0.411412
     0.4206687     0.4309487     0.4383371     0.4418649     0.4424421      0.440679     0.4372114     0.4278888     0.4025889     0.3678709             0
             0     -0.373465    -0.3736976    -0.3722343    -0.3705769    -0.3681127    -0.3647055    -0.3607912    -0.3574643    -0.3545175    -0.3512903      -0.34692     -0.340152    -0.3315957    -0.3235798    -0.3166944    -0.3098144    -0.2773399    -0.2359547    -0.1932335
    -0.1480445    -0.1017337 -5.441341E-02 -6.192408E-03  4.264458E-02  9.263124E-02     0.1440695     0.1971288      0.248706     0.2977452     0.3405039     0.3761669     0.4101041     0.4363233     0.4559397     0.4740284     0.4903462     0.5046273      0.516741     0.5260043
     0.5341305     0.5398202     0.5390103     0.5331094     0.5236982     0.5122045     0.4998305     0.4745002     0.4276942     0.3789591             0
             0    -0.3845721    -0.3868317    -0.3869371    -0.3864973    -0.3853837    -0.3833782    -0.3806239     -0.378033    -0.3756145    -0.3728578     -0.369025     -0.363001    -0.3555603    -0.3490556    -0.3445825    -0.3415328     -0.305078    -0.2577389    -0.2094124
    -0.1588942    -0.1075934 -5.545603E-02 -2.389194E-03  5.152648E-02     0.1071434     0.1651053     0.2259953     0.2865956     0.3461761     0.4002188     0.4468183     0.4927133     0.5292596     0.5569314     0.5824499     0.6049545     0.6235276     0.6375197     0.6460871
      0.650813     0.6459938     0.6297952     0.6092234     0.5866796      0.564155     0.5429289     0.5034301     0.4415019     0.3846173             0
             0    -0.3894779    -0.3927884    -0.3937759    -0.3940635    -0.3938154    -0.3927758    -0.3908545    -0.3887575    -0.3866419    -0.3840831     -0.380397    -0.3745071    -0.3674075    -0.3615887    -0.3584965    -0.3578769    -0.3191731    -0.2685905    -0.2173503
    -0.1641602    -0.1104232    -0.0559712 -5.850366E-04  5.578218E-02     0.1141746     0.1754608     0.2405297     0.3062387     0.3723105     0.4340605     0.4889046     0.5449296     0.5914898     0.6277705     0.6620697     0.6925766     0.7170507     0.7334254     0.7401789
     0.7394548     0.7203915     0.6874413     0.6537358     0.6211558     0.5911926     0.5645649     0.5171086     0.4476635     0.3870603             0
             0    -0.3921679    -0.3961022    -0.3976402    -0.3984031    -0.3987577    -0.3984529    -0.3972414    -0.3955843    -0.3937034    -0.3912006    -0.3874468    -0.3814118    -0.3743472    -0.3688613    -0.3666156     -0.367586    -0.3274702    -0.2749051    -0.2219306
    -0.1671811    -0.1120421 -5.626906E-02  4.379975E-04  5.820763E-02     0.1182054     0.1814485     0.2490397     0.3179363     0.3882622     0.4554024     0.5164231     0.5807415     0.6365071     0.6815187     0.7258123     0.7666793     0.7999544     0.8203377     0.8230893
     0.8137385     0.7769454     0.7273597      0.682586     0.6424772     0.6073785     0.5772433     0.5248659      0.451058      0.388385             0
             0     -0.393536    -0.3978043    -0.3996491    -0.4006889    -0.4014192    -0.4016297    -0.4010275     -0.399851    -0.3982533    -0.3956202     -0.391582    -0.3852358    -0.3780641    -0.3727069     -0.370919    -0.3727983    -0.3318919    -0.2782421    -0.2243367
    -0.1687616    -0.1128874 -5.642562E-02  9.692124E-04  5.947124E-02     0.1203136     0.1845988     0.2535571     0.3242236     0.3970028     0.4674238     0.5324474      0.602629     0.6657584     0.7186328     0.7733854     0.8273823     0.8751787     0.9058965     0.8974568
     0.8733686     0.8161667     0.7521201      0.699302      0.654314     0.6161264     0.5839849     0.5288974     0.4527894      0.389054             0
