 51            10 
             0    -0.2560785    -0.2470125    -0.2398399    -0.2341901    -0.2276803    -0.2203177    -0.2131386    -0.2076225    -0.2030058    -0.1981885    -0.1919206    -0.1826422    -0.1713077    -0.1592934    -0.1466574    -0.1334614    -0.1197681    -0.1056489 -9.119198E-02
 -7.653183E-02 -6.232712E-02 -5.021577E-02 -3.004942E-02 -1.163896E-02  5.892418E-03  2.290027E-02  3.950994E-02  5.574537E-02  7.158627E-02  8.506805E-02  9.635827E-02      0.107364     0.1162832      0.123278     0.1301278     0.1368287     0.1433772     0.1497707     0.1560071
     0.1636045     0.1738217     0.1848519     0.1952284     0.2049437     0.2139916     0.2223751     0.2378327     0.2641337     0.2828989             0
             0    -0.2611859    -0.2520688     -0.244825    -0.2391214    -0.2325511    -0.2251087    -0.2178345    -0.2122339    -0.2075397    -0.2026341    -0.1962417    -0.1867578    -0.1751435    -0.1628121    -0.1498381    -0.1362922    -0.1222214    -0.1076883 -9.278335E-02
 -7.765456E-02 -6.300335E-02 -4.530956E-02 -2.744276E-02 -9.970219E-03  7.345033E-03  2.444923E-02      0.041289  5.780914E-02  7.395133E-02  8.769273E-02  9.919596E-02     0.1104001     0.1194687     0.1265727     0.1335198     0.1403049     0.1469234     0.1533719     0.1596485
     0.1672826     0.1775595     0.1886444     0.1990759     0.2088366     0.2178756     0.2262121     0.2415254      0.267364     0.2885368             0
             0    -0.3390566    -0.3294761    -0.3213314    -0.3147182    -0.3068725    -0.2977313    -0.2885571    -0.2813623    -0.2752621    -0.2688173    -0.2603327    -0.2475666    -0.2316759    -0.2145766    -0.1963933    -0.1772526    -0.1572493    -0.1365008    -0.1151629
 -9.347106E-02 -7.245211E-02 -4.707107E-02 -2.148795E-02  3.461519E-03  2.808763E-02  5.227953E-02  7.592197E-02     0.0988919     0.1210575     0.1396292     0.1549525     0.1696265     0.1812722     0.1902615     0.1989122     0.2072143     0.2151604     0.2227453     0.2299672
     0.2385459     0.2496602      0.261002     0.2710371     0.2798289     0.2874057     0.2938695     0.3047823     0.3184625     0.3221548             0
             0    -0.4159741    -0.4099393    -0.4033231    -0.3974076    -0.3897757    -0.3802032    -0.3699595    -0.3615846    -0.3543068    -0.3464453    -0.3358883    -0.3195937     -0.298766    -0.2759326    -0.2513529     -0.225294    -0.1979622    -0.1695726    -0.1403688
    -0.1106819 -8.190605E-02 -4.709841E-02 -1.200189E-02  2.226743E-02  5.615085E-02  8.949393E-02     0.1221117     0.1537779     0.1842197       0.20951     0.2301539     0.2496185     0.2647382     0.2761994     0.2869922     0.2970886     0.3064675     0.3151156      0.323029
     0.3320123     0.3427594     0.3524165     0.3596815     0.3648854     0.3682927     0.3702095      0.371627     0.3651744     0.3482572             0
             0     -0.478339    -0.4805131    -0.4787271    -0.4758556    -0.4707711    -0.4628849    -0.4530419    -0.4442574    -0.4362526    -0.4272537    -0.4147641    -0.3947352    -0.3682753    -0.3387742    -0.3068323      -0.27302    -0.2377454    -0.2013518    -0.1641556
    -0.1265322 -9.015992E-02 -4.613085E-02 -1.667367E-03  4.196429E-02  8.545183E-02     0.1287054     0.1715569     0.2137237     0.2547738     0.2891856     0.3173259     0.3437296     0.3639399      0.378997     0.3928258     0.4053235     0.4164094     0.4260317     0.4341738
     0.4425282     0.4505988     0.4550507     0.4556086     0.4533508     0.4490792     0.4434601     0.4305556     0.4004222     0.3654033             0
             0    -0.5257669     -0.539825     -0.546391    -0.5494164    -0.5500704    -0.5470297    -0.5398165    -0.5316671    -0.5234119    -0.5133731    -0.4986233    -0.4736325    -0.4395246    -0.4013235     -0.360358    -0.3176954    -0.2739711    -0.2295934    -0.1848474
    -0.1400332 -9.695495E-02 -4.485698E-02  7.866012E-03  5.998271E-02     0.1125807      0.165838     0.2198408     0.2745102     0.3294971     0.3772218     0.4172101     0.4554636     0.4849889     0.5068588     0.5265539     0.5436527     0.5577834     0.5686829     0.5762549
     0.5816876     0.5817139     0.5734204     0.5598849     0.5439447     0.5272616     0.5108055     0.4794153     0.4255941     0.3763873             0
             0    -0.5534784    -0.5786912    -0.5948671    -0.6056499     -0.615153    -0.6211702    -0.6203806    -0.6147685    -0.6070076     -0.595759    -0.5775669    -0.5448398    -0.5000691    -0.4513069    -0.4007674    -0.3498023    -0.2989637    -0.2484509    -0.1983155
    -0.1486426    -0.1011879 -4.389914E-02  1.417933E-02  7.197165E-02     0.1309949     0.1918462     0.2551409     0.3214678     0.3912819     0.4554942     0.5121498     0.5695231     0.6164075     0.6522229     0.6850496     0.7132622     0.7350464      0.748768     0.7536384
      0.749631     0.7281905     0.6927293     0.6546835     0.6188961     0.5869153     0.5589246     0.5103666     0.4395364     0.3819988             0
             0    -0.5662086    -0.5977812    -0.6203235    -0.6369502    -0.6543221    -0.6703784     -0.679229    -0.6788494    -0.6727831    -0.6595134    -0.6356748    -0.5927023     -0.537145    -0.4797138     -0.422469    -0.3663419    -0.3114565    -0.2576759    -0.2048041
    -0.1527452    -0.1031848 -4.342035E-02  1.722221E-02  7.777695E-02      0.140019     0.2048372     0.2732693     0.3465454     0.4261209     0.5027049     0.5735807     0.6499892     0.7176667     0.7727346     0.8267637     0.8762431     0.9155564     0.9370666     0.9340288
     0.9076944     0.8481484     0.7774164     0.7144974     0.6620717     0.6190468     0.5836578     0.5251619     0.4457795     0.3844229             0
             0    -0.5733254     -0.608856    -0.6357398     -0.656747    -0.6808737    -0.7075662    -0.7308241     -0.742794    -0.7435676    -0.7232748    -0.6868541    -0.6291326    -0.5625153    -0.4978749    -0.4357529    -0.3761844    -0.3187533     -0.262997    -0.2085153
    -0.1550783    -0.1043149 -4.314288E-02  1.896027E-02  8.110203E-02     0.1452213     0.2124051     0.2839969     0.3617333     0.4479598     0.5337209     0.6161832     0.7101399     0.8004517     0.8798937      0.966206      1.056519      1.141621      1.197088      1.160594
      1.076761     0.9539251     0.8416899     0.7554761     0.6896891     0.6386895     0.5983479     0.5336012     0.4492249     0.3857377             0
             0    -0.5769899    -0.6147099     -0.644181    -0.6680506    -0.6972881    -0.7343652    -0.7797321    -0.8285196    -0.8755276    -0.8089055    -0.7355465    -0.6555379    -0.5783148    -0.5083266    -0.4430783    -0.3814815    -0.3226233    -0.2657932     -0.210454
    -0.1562923    -0.1049011 -4.299699E-02     0.0198668  8.283973E-02     0.1479522     0.2164068     0.2897338     0.3699993     0.4601814     0.5518174     0.6423916     0.7502793     0.8621235     0.9694402       1.10251       1.27462      1.510014       1.86851      1.532829
      1.268479      1.042091     0.8857526     0.7805282     0.7054767     0.6494833     0.6062374     0.5380045     0.4509842     0.3864018             0
