 51            10 
             0    -0.2562833    -0.2472052    -0.2400239    -0.2343721    -0.2278654    -0.2205066    -0.2133301    -0.2078151    -0.2031987    -0.1983807    -0.1921108    -0.1828263    -0.1714804    -0.1594514    -0.1468019    -0.1335951    -0.1198803    -0.1057129 -9.114869E-02
 -7.621928E-02 -6.083678E-02 -4.431693E-02 -2.770756E-02 -1.107372E-02  5.508012E-03  2.197018E-02  3.826036E-02  5.432519E-02     0.0701078  8.362015E-02  9.498486E-02     0.1061123     0.1151733     0.1223044     0.1293149     0.1362043     0.1429738     0.1496264     0.1561656
     0.1642026      0.174696     0.1858573     0.1962003     0.2056852     0.2146435     0.2230365     0.2386493     0.2656267      0.288513             0
             0     -0.261538    -0.2524224    -0.2451334    -0.2394272    -0.2329143     -0.225518    -0.2182782    -0.2127004    -0.2080225    -0.2031298    -0.1967454     -0.187247    -0.1755928    -0.1631856    -0.1501589    -0.1366592    -0.1225905    -0.1079917    -0.0929292
 -7.746372E-02 -6.156783E-02 -4.480697E-02 -2.784114E-02 -1.078707E-02   6.16541E-03  2.291597E-02  3.949958E-02  5.587734E-02  7.197744E-02  8.574527E-02  9.730524E-02     0.1085986     0.1177665     0.1249567     0.1319837     0.1388426     0.1455524     0.1521276     0.1585828
      0.166526     0.1770059     0.1882658     0.1988298      0.208592     0.2177605     0.2262675     0.2419721     0.2685003     0.2904015             0
             0    -0.3395489    -0.3300012    -0.3218262    -0.3152221    -0.3074576    -0.2983856    -0.2892649    -0.2821053    -0.2760301    -0.2696047    -0.2611325    -0.2483452    -0.2323913    -0.2151734    -0.1969004     -0.177811    -0.1578006    -0.1369538    -0.1153923
 -9.322941E-02 -7.045314E-02 -4.647336E-02 -2.223701E-02  2.061337E-03  2.612041E-02     0.0497621  7.299737E-02  9.572671E-02     0.1177995     0.1363849     0.1517717     0.1665581     0.1783351     0.1874413     0.1962035     0.2046112     0.2126856     0.2204424     0.2278983
     0.2368703     0.2482978     0.2599298     0.2702358     0.2791643     0.2869953     0.2937445     0.3052552     0.3199583     0.3242798             0
             0     -0.416779    -0.4109417    -0.4044172    -0.3985724     -0.391092    -0.3816602    -0.3715232    -0.3632124    -0.3559761    -0.3481422    -0.3375958    -0.3212463    -0.3002707     -0.277203    -0.2524076    -0.2263473    -0.1989515    -0.1703901    -0.1408628
    -0.1105424 -7.942189E-02 -4.670755E-02 -1.361028E-02  1.961408E-02  5.256121E-02  8.497591E-02      0.116848     0.1479885     0.1781072     0.2032543     0.2238584     0.2433677     0.2585958      0.270173     0.2810911     0.2913168     0.3008646     0.3097463      0.317978
     0.3274889     0.3388005      0.349041     0.3569422     0.3626492     0.3666234     0.3690974     0.3715782     0.3668261     0.3506158             0
             0    -0.4796449    -0.4824901    -0.4811963    -0.4786211      -0.47393    -0.4664277    -0.4568604    -0.4482179    -0.4402888    -0.4313209    -0.4188046      -0.39858    -0.3716902    -0.3416268    -0.3091096    -0.2750772     -0.239553    -0.2028177    -0.1651311
    -0.1266792 -8.739459E-02 -4.621442E-02 -4.460451E-03     0.0376499  7.971384E-02     0.1214935       0.16304     0.2041214      0.244295     0.2780928     0.3058135     0.3319263     0.3520223     0.3670556     0.3809113     0.3934742      0.404714     0.4146127     0.4231774
     0.4322658     0.4414297     0.4471251      0.449129     0.4481565     0.4450792     0.4405257     0.4294956     0.4020186     0.3679032             0
             0    -0.5277085    -0.5433759    -0.5513844    -0.5553374    -0.5571241    -0.5552554    -0.5488814    -0.5411178    -0.5330232    -0.5229796    -0.5080107    -0.4822866    -0.4468704     -0.407225    -0.3648202    -0.3213916    -0.2770066    -0.2319663    -0.1864693
    -0.1405876 -9.407474E-02 -4.551283E-02  3.845531E-03     0.0539584     0.1045881     0.1556997     0.2076185     0.2603027      0.313372     0.3594377     0.3980421     0.4350104     0.4636244     0.4848853      0.504105     0.5208594     0.5348853     0.5459951     0.5541345
     0.5607325     0.5631776     0.5577658     0.5474675       0.53438     0.5200237     0.5054568     0.4771204     0.4270431      0.378969             0
             0    -0.5559639    -0.5839592    -0.6030858    -0.6160212    -0.6283401    -0.6376171    -0.6394164    -0.6349962     -0.627645     -0.616182    -0.5970025    -0.5617859    -0.5134692     -0.461417    -0.4079372    -0.3553268     -0.303247     -0.251675    -0.2005083
    -0.1495511 -9.829657E-02 -4.498539E-02  9.296452E-03  6.473748E-02     0.1213601     0.1794792     0.2399219     0.3032394     0.3697363     0.4305938     0.4840258     0.5378428     0.5815895       0.61491     0.6453804     0.6715165     0.6919135       0.70531     0.7111211
     0.7096997     0.6945478     0.6661131     0.6348569     0.6045289     0.5764771     0.5513718     0.5070859     0.4408571     0.3846186             0
             0    -0.5689891    -0.6041201    -0.6308195    -0.6507751     -0.672901    -0.6951988    -0.7099387    -0.7126777    -0.7076921    -0.6935534    -0.6668112    -0.6180167    -0.5558034    -0.4930509    -0.4315117    -0.3730298    -0.3164837    -0.2613828     -0.207309
    -0.1538437    -0.1003008 -4.472287E-02  1.191535E-02  6.994436E-02     0.1295579     0.1913184      0.256441     0.3260362     0.4012551      0.473005     0.5387799     0.6088461     0.6699991     0.7191933     0.7668495     0.8098692     0.8438978     0.8631271     0.8625891
     0.8432587     0.7980507     0.7408775     0.6889039     0.6444283     0.6066339     0.5748343     0.5213643     0.4470334     0.3870586             0
             0    -0.5762843     -0.615894    -0.6478416    -0.6731794    -0.7039692    -0.7405009    -0.7750823    -0.7948493    -0.7994402    -0.7755483    -0.7315453    -0.6625298    -0.5855565    -0.5136368    -0.4461024    -0.3836414    -0.3242539    -0.2670029    -0.2112096
    -0.1562909    -0.1014385 -4.457114E-02  1.340919E-02     0.0729235     0.1342781     0.1982044     0.2661948     0.3397984     0.4209142     0.5006515     0.5763242     0.6610545     0.7406392      0.809282     0.8821453     0.9563179      1.024503      1.068191      1.042984
     0.9799067     0.8862959     0.7963646     0.7253889     0.6697326     0.6249763     0.5887242     0.5294958     0.4504394     0.3883817             0
             0    -0.5800456    -0.6221482    -0.6572636    -0.6861855     -0.723686     -0.774411    -0.8395861    -0.9103897    -0.9957088     -0.890995    -0.7958305    -0.6960104    -0.6045533    -0.5256679    -0.4542204    -0.3893836    -0.3283897    -0.2699635     -0.213251
    -0.1575662    -0.1020297    -0.0444915  1.418771E-02  7.447942E-02     0.1367541     0.2018417      0.271403     0.3472707     0.4318723     0.5166737     0.5991802     0.6953337     0.7920378     0.8823149     0.9906167      1.125359      1.301883      1.547905      1.322519
      1.128006     0.9572462     0.8335426     0.7473781     0.6840889     0.6350147     0.5961659     0.5337339     0.4521779       0.38905             0
