 51            10 
             0    -0.2579516    -0.2491204    -0.2423019    -0.2368008    -0.2303628    -0.2231848    -0.2162797    -0.2110271    -0.2066608    -0.2021359    -0.1962897    -0.1877286    -0.1772476    -0.1657255    -0.1526362    -0.1384498    -0.1243958     -0.109762 -9.454514E-02
 -7.934175E-02 -6.419329E-02 -4.844676E-02 -3.219972E-02 -1.627176E-02  8.242996E-05  1.675444E-02     0.0328057  4.901902E-02     0.0653106  7.885553E-02  9.000174E-02     0.1006608     0.1091054     0.1156069     0.1222787     0.1290986      0.135615     0.1418125     0.1481534
     0.1562419     0.1665838     0.1779079     0.1886618     0.1979059     0.2078762     0.2182376     0.2361217     0.2639646      0.287621             0
             0    -0.2625462    -0.2535965    -0.2466483    -0.2410485     -0.234499    -0.2271737    -0.2200991    -0.2147017    -0.2102064    -0.2055393    -0.1994995    -0.1906378    -0.1797865    -0.1678845    -0.1544639      -0.14001     -0.125661    -0.1106801 -9.507127E-02
 -7.941955E-02 -6.377283E-02 -4.751963E-02 -3.078754E-02 -1.437839E-02  2.416723E-03  1.946927E-02  3.588764E-02  5.246985E-02  6.911277E-02  8.297739E-02  9.441238E-02     0.1053724     0.1140668     0.1207555     0.1275959     0.1345573     0.1411933     0.1474953     0.1539308
      0.162106     0.1725543     0.1839925     0.1948135     0.2041138     0.2139741     0.2239039     0.2409247     0.2677728     0.2902032             0
             0    -0.3409611    -0.3317149    -0.3240232    -0.3176179    -0.3098933    -0.3009879    -0.2921339    -0.2852395    -0.2794229    -0.2733101    -0.2653075    -0.2533776    -0.2384932    -0.2219165    -0.2030037    -0.1824603     -0.162039    -0.1406586    -0.1183313
 -9.591204E-02 -7.349265E-02    -0.0502213 -2.630376E-02 -2.912999E-03     0.0209294  4.501168E-02  6.803556E-02  9.107172E-02     0.1139366     0.1327128     0.1479964     0.1624205     0.1736577     0.1821847      0.190772     0.1993804     0.2074503      0.214973     0.2224979
     0.2318701     0.2434559     0.2554924     0.2662906     0.2750147     0.2835738     0.2916449     0.3044378     0.3198664     0.3242366             0
             0    -0.4193592    -0.4144847    -0.4089327    -0.4037089    -0.3967228    -0.3878753    -0.3783195    -0.3704668    -0.3636276    -0.3562309    -0.3462972    -0.3309955    -0.3112456    -0.2887312    -0.2626812    -0.2341791    -0.2059514    -0.1764623    -0.1457358
    -0.1149534 -8.423348E-02 -5.239422E-02 -1.969549E-02  1.227998E-02  4.488467E-02  7.782937E-02     0.1093214     0.1407823     0.1718852     0.1972254     0.2176568     0.2366815     0.2512326     0.2621035     0.2728463     0.2834022     0.2930652     0.3018246     0.3103021
     0.3205088      0.332393     0.3435347     0.3524261     0.3585933     0.3634135      0.366956     0.3706812      0.367275     0.3507035             0
             0    -0.4842262    -0.4899427    -0.4911389    -0.4905526      -0.48789    -0.4823584    -0.4743121    -0.4665951     -0.459317    -0.4509196     -0.439043    -0.4196656    -0.3934645    -0.3629643    -0.3275321    -0.2889515    -0.2514087    -0.2127771    -0.1730249
    -0.1336075 -9.456517E-02 -5.428296E-02 -1.296241E-02  2.752165E-02     0.0690047     0.1112125     0.1519252     0.1930179     0.2339989     0.2675921     0.2946981     0.3198251      0.338811     0.3527983     0.3663443     0.3793292     0.3908276     0.4008083     0.4099389
     0.4202524     0.4308607     0.4385374     0.4425699     0.4434234     0.4415901     0.4378049     0.4281521     0.4028232     0.3680914             0
             0    -0.5348952    -0.5572552    -0.5714508    -0.5809652    -0.5891126    -0.5934877    -0.5916398    -0.5861601     -0.579277    -0.5698104    -0.5548508    -0.5280766    -0.4903637    -0.4467241    -0.3972999    -0.3450304    -0.2960501    -0.2472307    -0.1982004
    -0.1504749    -0.1038064 -5.601329E-02 -7.083833E-03  4.100166E-02  9.067404E-02      0.141835     0.1920451     0.2438689     0.2968058     0.3413531     0.3779645     0.4123931      0.438552     0.4577239     0.4759945     0.4930183     0.5073686       0.51888     0.5281903
     0.5370878     0.5429942     0.5420691     0.5360336     0.5274132     0.5153508      0.501393     0.4749797     0.4280387     0.3792285             0
             0    -0.5654062    -0.6049067    -0.6362612    -0.6614348    -0.6895043    -0.7161462    -0.7318099    -0.7341108    -0.7294816     -0.717732     -0.694969    -0.6507142    -0.5905548    -0.5259291    -0.4579065    -0.3900169    -0.3296531    -0.2719145    -0.2155651
    -0.1618143    -0.1099445 -5.721779E-02 -3.344219E-03  4.975049E-02     0.1050311     0.1626883     0.2203703     0.2815587     0.3462253     0.4031589     0.4518996     0.4998584     0.5379918     0.5666264     0.5942737     0.6197972     0.6401902     0.6543743     0.6624243
     0.6654038     0.6580665     0.6391142     0.6159797      0.594015      0.570013     0.5456343      0.504136     0.4419185     0.3849168             0
             0    -0.5796583    -0.6294921    -0.6733535    -0.7119082     -0.760496    -0.8163364    -0.8633599    -0.8841101    -0.8860168    -0.8678662    -0.8268461    -0.7516155    -0.6625425    -0.5769614    -0.4937589    -0.4148711    -0.3473302    -0.2844615    -0.2241797
    -0.1673525    -0.1129203 -5.781409E-02 -1.570737E-03  5.394337E-02     0.1119916     0.1729647      0.234657     0.3012371     0.3732942     0.4390762     0.4976399     0.5583693     0.6101119     0.6511651     0.6932601     0.7340864     0.7671947     0.7875022     0.7905984
     0.7783897     0.7467272     0.7045985        0.6643     0.6312909     0.5989499     0.5680339     0.5179505     0.4481148     0.3873739             0
             0    -0.5876974    -0.6441609     -0.697028    -0.7463993    -0.8142689    -0.9044572      -1.00347     -1.071311     -1.100277     -1.055204    -0.9672915    -0.8404824    -0.7173959    -0.6122676    -0.5170072    -0.4302625    -0.3579471    -0.2918467    -0.2291811
    -0.1705405    -0.1146262    -0.0581593 -5.652719E-04  5.633333E-02     0.1159834     0.1789109     0.2430334     0.3130149     0.3899987     0.4621905     0.5285661     0.6007982     0.6670606     0.7235779     0.7874315     0.8569491     0.9221504     0.9668447     0.9480717
     0.8956462      0.822399     0.7529564     0.6965913     0.6547375     0.6164749     0.5812318     0.5257947     0.4515293     0.3887065             0
             0    -0.5918622    -0.6520757    -0.7105455    -0.7674429    -0.8510503    -0.9776044     -1.161126     -1.373986      -1.62661      -1.35798     -1.125198    -0.9142137    -0.7550278    -0.6339835    -0.5304244    -0.4387957    -0.3636905    -0.2957817    -0.2318198
    -0.1722124    -0.1155183 -5.834093E-02 -4.324473E-05  5.757856E-02     0.1180719     0.1820412      0.247485     0.3193726     0.3992426     0.4754712     0.5472271     0.6284582      0.708384     0.7824588       0.87774      1.003737      1.171227      1.410768      1.206632
      1.027287     0.8841893     0.7854986     0.7159631     0.6679693     0.6260417     0.5882806     0.5298752     0.4532711     0.3893796             0
