 51            10 
             0    -0.3043429    -0.2957414    -0.2890446    -0.2836292    -0.2772808    -0.2701935    -0.2633684    -0.2581732    -0.2538528    -0.2493739    -0.2435852    -0.2351045    -0.2247164    -0.2132914    -0.2003077    -0.1862317    -0.1722862     -0.157763    -0.1426588
    -0.1275658    -0.1125253 -9.688931E-02 -8.075496E-02 -6.493638E-02 -4.869365E-02 -3.213467E-02    -0.0161919 -8.803132E-05  1.609355E-02  2.954682E-02     0.0406174     0.0512039  5.959062E-02  6.604749E-02  7.267324E-02  7.944593E-02  8.591699E-02  9.207121E-02  9.836757E-02
      0.106399     0.1166679     0.1279116     0.1385894     0.1477681     0.1576684     0.1679591     0.1857262     0.2134289     0.2373232             0
             0    -0.3089209    -0.3002076    -0.2933843    -0.2878717     -0.281413    -0.2741795    -0.2671858    -0.2618465    -0.2573977    -0.2527774    -0.2467959    -0.2380159    -0.2272588     -0.215455    -0.2021404    -0.1877965    -0.1735556    -0.1586851    -0.1431889
    -0.1276479    -0.1121101    -0.0959684 -7.934976E-02 -6.305082E-02 -4.636769E-02 -2.942825E-02    -0.0131185  3.354064E-03  1.988683E-02  3.365939E-02  4.501818E-02  5.590482E-02  6.454062E-02  7.118406E-02     0.0779779  8.489174E-02  9.148221E-02  9.774073E-02     0.1041316
     0.1122498     0.1226249     0.1339826     0.1447275     0.1539623     0.1637536     0.1736159     0.1905256     0.2172401     0.2399021             0
             0     -0.387332    -0.3783228    -0.3707564    -0.3644385    -0.3568049    -0.3479915    -0.3392187    -0.3323825    -0.3266127    -0.3205466    -0.3126026    -0.3007545    -0.2859647    -0.2694864    -0.2506799    -0.2302466    -0.2099337    -0.1886639    -0.1664494
    -0.1441412    -0.1218309 -9.867133E-02 -7.486752E-02 -5.158721E-02 -2.785704E-02 -3.888139E-03  1.902688E-02  4.195315E-02     0.0647076  8.339149E-02     0.0985987     0.1129493     0.1241278     0.1326094       0.14115     0.1497108      0.157735     0.1652142     0.1726944
     0.1820095      0.193522     0.2054779     0.2161999     0.2248586     0.2333487     0.2413522     0.2540342     0.2693292     0.2739303             0
             0    -0.4657284    -0.4610911    -0.4556644    -0.4505281    -0.4436331    -0.4348776    -0.4254031    -0.4176087    -0.4108163    -0.4034664    -0.3935914    -0.3783717    -0.3587164    -0.3363006    -0.3103569    -0.2819652    -0.2538459    -0.2244676    -0.1938542
     -0.163183    -0.1325723    -0.1008449    -0.0682601 -3.639524E-02 -3.902945E-03  2.892822E-02     0.0603112  9.166211E-02     0.1226544     0.1479022     0.1682571     0.1872082     0.2017004     0.2125259      0.223222     0.2337302     0.2433474     0.2520632      0.260496
     0.2706455     0.2824563     0.2935173     0.3023323     0.3084341     0.3131852     0.3166601     0.3202742     0.3167343     0.3003935             0
             0    -0.5305945    -0.5365482    -0.5378696    -0.5373709    -0.5347995      -0.52936     -0.521395    -0.5137364    -0.5065051    -0.4981546    -0.4863366    -0.4670412    -0.4409348    -0.4105332    -0.3752075    -0.3367374    -0.2993032    -0.2607824    -0.2211434
    -0.1818372    -0.1429043    -0.1027341 -6.152752E-02 -2.115418E-02  2.021638E-02  6.231055E-02     0.1029142     0.1438967      0.184767     0.2182677     0.2452972     0.2703505     0.2892775     0.3032193     0.3167185     0.3296557     0.3411084     0.3510454     0.3601311
     0.3703873     0.3809223     0.3885182     0.3924743     0.3932624     0.3913599      0.387507     0.3777431     0.3522804     0.3177791             0
             0    -0.5812629    -0.6038601     -0.618181    -0.6277829    -0.6360216    -0.6404888    -0.6387222     -0.633301    -0.6264647    -0.6170449    -0.6021441     -0.575452    -0.5378338    -0.4942929    -0.4449751    -0.3928162    -0.3439445     -0.295236    -0.2463189
    -0.1987048    -0.1521457    -0.1044647 -5.564925E-02 -7.674532E-03     0.0418853     0.0929326     0.1430335     0.1947471     0.2475733      0.292028     0.3285628     0.3629176     0.3890176     0.4081441     0.4263679     0.4433439     0.4576484     0.4691162     0.4783815
     0.4872218     0.4930548     0.4920489     0.4859369      0.477251     0.4651195     0.4510939     0.4245694     0.3774945     0.3289149             0
             0    -0.6117736    -0.6515113    -0.6829912    -0.7082524    -0.7364131    -0.7631471    -0.7788922    -0.7812514     -0.776669    -0.7649663    -0.7422621    -0.6980894    -0.6380247    -0.5734978    -0.5055816    -0.4378027    -0.3775475    -0.3199198    -0.2636837
    -0.2100442    -0.1582839    -0.1056693 -5.190979E-02  1.074118E-03  5.624214E-02     0.1137857     0.1713584     0.2324366     0.2969925     0.3538335     0.4024975     0.4503826     0.4884571     0.5170462     0.5446466     0.5701223     0.5904695     0.6046099      0.612615
     0.6155372     0.6081266     0.5890934     0.5658825     0.5438522     0.5197811     0.4953346      0.453725     0.3913737     0.3346025             0
             0    -0.6260255    -0.6760966    -0.7200834    -0.7587257    -0.8074047    -0.8633372     -0.910442    -0.9312507    -0.9332042    -0.9151005     -0.874139    -0.7989905    -0.7100124      -0.62453     -0.541434    -0.4626569    -0.3952246    -0.3324669    -0.2722982
    -0.2155825    -0.1612597    -0.1062656 -5.013637E-02  5.266922E-03  6.320254E-02     0.1240619      0.185645     0.2521149     0.3240612     0.3897506     0.4482377     0.5088932     0.5605769     0.6015846     0.6436327     0.6844112     0.7174737     0.7377375     0.7407889
     0.7285229     0.6967871     0.6545774     0.6142026     0.5811278     0.5487177     0.5177341     0.4675393     0.3975698     0.3370593             0
             0    -0.6340646    -0.6907653    -0.7437578    -0.7932167    -0.8611776     -0.951458     -1.050552     -1.118451     -1.147465     -1.102439     -1.014584    -0.8878574    -0.7648658    -0.6598361    -0.5646823    -0.4780483    -0.4058414     -0.339852    -0.2772997
    -0.2187704    -0.1629656    -0.1066109 -4.913094E-02  7.656833E-03  6.719434E-02      0.130008     0.1940213     0.2638926     0.3407656     0.4128648     0.4791638      0.551322     0.6175254     0.6739972     0.7378039     0.8072737     0.8724291     0.9170797     0.8982618
     0.8457791     0.7724586     0.7029353     0.6464937     0.6045743     0.5662426     0.5309317     0.4753834     0.4009841     0.3383917             0
             0    -0.6382293    -0.6986802    -0.7572753    -0.8142603    -0.8979589     -1.024605     -1.208208     -1.421126     -1.673797     -1.405214      -1.17249    -0.9615886    -0.8024976    -0.6815521    -0.5780995    -0.4865814    -0.4115848     -0.343787    -0.2799384
    -0.2204423    -0.1638577    -0.1067925 -4.860893E-02   8.90205E-03  6.928281E-02     0.1331383     0.1984729     0.2702503     0.3500095     0.4261455     0.4978248      0.578982     0.6588488     0.7328781     0.8281124      0.954061      1.121505      1.361002      1.156822
     0.9774194     0.8342488     0.7354773     0.6658654     0.6178061     0.5758093     0.5379805     0.4794637     0.4027258     0.3390647             0
