 51            10 
             0    -0.3024707    -0.2936791    -0.2866439     -0.281088    -0.2746749    -0.2674104    -0.2603177    -0.2548633     -0.250296    -0.2455279    -0.2393212    -0.2301278    -0.2188893    -0.2069704    -0.1944312    -0.1813337    -0.1677345    -0.1536987    -0.1393073
    -0.1246927    -0.1102894 -9.583132E-02 -7.827047E-02 -6.099275E-02 -4.399837E-02 -2.729398E-02 -1.089938E-02  5.149813E-03  2.080268E-02  3.409556E-02  4.519188E-02  5.595319E-02     0.0646058  7.134113E-02  7.787299E-02  8.418255E-02  9.024841E-02  9.604598E-02     0.1015471
      0.108014      0.117643     0.1283173      0.139496     0.1512318     0.1616172     0.1708903     0.1875309     0.2149393     0.2379033             0
             0    -0.3076572    -0.2988139    -0.2916929    -0.2860824    -0.2796261    -0.2722973    -0.2651213    -0.2595904    -0.2549513    -0.2500995    -0.2437713    -0.2343691    -0.2228388    -0.2105811    -0.1976911    -0.1842603    -0.1702919    -0.1558354    -0.1409743
    -0.1258461    -0.1108203 -9.456982E-02 -7.672237E-02 -5.943312E-02 -4.239486E-02 -2.557619E-02 -8.981925E-03  7.349717E-03  2.335972E-02  3.702657E-02  4.848813E-02  5.966935E-02  6.873005E-02  7.583003E-02  8.277171E-02  8.954667E-02  9.614627E-02     0.1025535     0.1087308
     0.1160621     0.1266003       0.13771     0.1484301     0.1584825     0.1676372     0.1760839     0.1916341     0.2179459     0.2399554             0
             0    -0.3855983     -0.376304    -0.3682884    -0.3617738    -0.3540514    -0.3450334    -0.3359654    -0.3288452    -0.3228034    -0.3164147    -0.3079957    -0.2953081    -0.2794909    -0.2624481    -0.2443342    -0.2253071    -0.2054009    -0.1847144    -0.1633946
    -0.1416633    -0.1200756 -9.674725E-02 -7.117985E-02 -4.648712E-02     -0.022253  1.535815E-03  2.483488E-02  4.754645E-02  6.953857E-02  8.802204E-02     0.1033051     0.1179697     0.1296277     0.1386332     0.1473015     0.1556193     0.1635748     0.1711483     0.1782989
     0.1865974     0.1980678     0.2095586     0.2199702     0.2291415     0.2369265     0.2435896     0.2549051     0.2693275     0.2737927             0
             0    -0.4626598    -0.4569834    -0.4505482    -0.4447601    -0.4372824    -0.4278639     -0.417749    -0.4094607    -0.4022479    -0.3944454    -0.3839523    -0.3677209    -0.3469302     -0.324104    -0.2995424    -0.2735691    -0.2463073    -0.2179473    -0.1887227
    -0.1589517    -0.1293977 -9.749267E-02 -6.250232E-02 -2.866583E-02  4.596162E-03  3.729572E-02  6.934558E-02     0.1005576     0.1306643      0.155757     0.1762896     0.1956981     0.2108129     0.2222877     0.2331065     0.2432374     0.2526562     0.2613364     0.2692365
     0.2780329      0.289288     0.2993635      0.307192     0.3129526     0.3167849     0.3191073     0.3213011     0.3161504     0.3000944             0
             0    -0.5252503    -0.5279911    -0.5265568    -0.5239162    -0.5190935    -0.5114669    -0.5018255    -0.4931607    -0.4852349    -0.4762954     -0.463852    -0.4438235    -0.4172789    -0.3876421    -0.3555687    -0.3217396     -0.286451    -0.2500122    -0.2127272
     -0.174962    -0.1376144 -9.737597E-02 -5.316538E-02 -1.020326E-02  3.235727E-02  7.462772E-02     0.1165625     0.1579317     0.1983198     0.2322733     0.2601041     0.2862878     0.3063924     0.3214039     0.3352222     0.3477415      0.358882     0.3685853     0.3768076
     0.3851732     0.3939408     0.3992745     0.4006863     0.3992618     0.3957888     0.3909216     0.3793958     0.3513355     0.3173601             0
             0    -0.5729616    -0.5879987    -0.5953227     -0.598864    -0.6001071    -0.5976703    -0.5909048    -0.5829813    -0.5748411     -0.564844    -0.5500528    -0.5248237    -0.4902511     -0.451527    -0.4100663    -0.3671383    -0.3232162    -0.2786524    -0.2337083
    -0.1886722    -0.1444355 -9.692049E-02 -4.460065E-02  6.604207E-03  5.794986E-02     0.1098383     0.1624953      0.215905     0.2697461      0.316587     0.3559159     0.3936327     0.4228326     0.4445115     0.4640855     0.4811351     0.4953021     0.5063369     0.5141494
     0.5200037     0.5208971     0.5142027      0.501885     0.4871092      0.471754     0.4565214     0.4272853     0.3763751     0.3284129             0
             0    -0.6009144     -0.627621    -0.6452001    -0.6570469    -0.6678854    -0.6754345    -0.6758922    -0.6708874    -0.6633597    -0.6520479    -0.6334451    -0.5996739     -0.553453    -0.5033522    -0.4516782    -0.4000509    -0.3487562     -0.297883    -0.2474301
    -0.1974562    -0.1487118 -9.651268E-02 -3.893723E-02  1.777398E-02  7.530623E-02     0.1344884     0.1960801     0.2607328     0.3289305     0.3918073      0.447404     0.5038452     0.5500917     0.5854806     0.6179705     0.6459524     0.6676711     0.6815899     0.6870484
      0.684422     0.6638405     0.6307534     0.5941586     0.5597008     0.5295624     0.5032356     0.4575076     0.3902087     0.3340562             0
             0    -0.6137753    -0.6471817    -0.6716438    -0.6898621    -0.7094462    -0.7284368    -0.7402412    -0.7415792    -0.7361333    -0.7224177    -0.6970601    -0.6513226    -0.5928658    -0.5331776    -0.4742131    -0.4171035    -0.3615751    -0.3073194     -0.254057
    -0.2016513    -0.1507346 -9.629968E-02 -3.620766E-02  2.318293E-02  8.381406E-02     0.1468083     0.2133472     0.2847198     0.3624068     0.4373774     0.5069287     0.5821005     0.6488175     0.7031217     0.7563515     0.8049831     0.8435555     0.8649538     0.8634575
     0.8407418     0.7822585     0.7142465     0.6527663     0.6015938     0.5607056     0.5272315     0.4719348     0.3963963     0.3364935             0
             0     -0.620971    -0.6585635    -0.6877564    -0.7108099    -0.7380464    -0.7695239    -0.7990158    -0.8157616    -0.8182631    -0.7964181    -0.7554187     -0.691637    -0.6202332    -0.5524141    -0.4880804    -0.4272854    -0.3690795    -0.3127714     -0.257852
    -0.2040395    -0.1518808 -9.617409E-02 -3.464839E-02  2.628144E-02  8.871999E-02     0.1539884      0.223573     0.2992659     0.3834331     0.4673975     0.5483425     0.6407872     0.7297033     0.8077303     0.8919746     0.9790229      1.059268      1.109728       1.08047
       1.00736     0.8874844     0.7780359     0.6931466      0.628438     0.5797535     0.5414829     0.4801596     0.3998093     0.3378153             0
             0    -0.6246783    -0.6645931    -0.6966237    -0.7228745    -0.7560202    -0.8000795    -0.8573499    -0.9175052    -0.9639653    -0.8980666    -0.8135344    -0.7217844    -0.6375539    -0.5635771    -0.4957616    -0.4327793     -0.373066    -0.3156395    -0.2598362
     -0.205283    -0.1524758 -9.610742E-02 -3.383502E-02  2.790094E-02  9.129583E-02     0.1577864     0.2290449     0.3071905     0.3952181      0.484949      0.573875     0.6799991      0.789852     0.8945433       1.02239      1.182741      1.389111       1.65962      1.414528
      1.191719     0.9755246     0.8220032     0.7179773     0.6438109     0.5902264     0.5491374     0.4844495     0.4015516     0.3384829             0
