 51            10 
             0    -0.3023381    -0.2935565    -0.2865269    -0.2809728    -0.2745592    -0.2672936    -0.2602003    -0.2547459    -0.2501789    -0.2454115    -0.2392064    -0.2300167    -0.2187847    -0.2068738    -0.1943422    -0.1812513    -0.1676637    -0.1536503     -0.139299
    -0.1247431    -0.1106369 -9.867673E-02 -7.871607E-02 -6.047378E-02 -4.309568E-02 -2.623513E-02 -9.770027E-03   6.32257E-03  2.202227E-02  3.538216E-02  4.656916E-02  5.747308E-02  6.630887E-02  7.323773E-02  8.002242E-02  8.665907E-02  9.314437E-02  9.947563E-02     0.1056508
     0.1131731     0.1232883      0.134207     0.1444775     0.1540929     0.1630476     0.1713452      0.186647      0.212727     0.2321813             0
             0    -0.3074619    -0.2986251    -0.2915223    -0.2859128    -0.2794374    -0.2720907    -0.2649012    -0.2593617    -0.2547167    -0.2498607    -0.2435307    -0.2341351     -0.222623     -0.210395    -0.1975252    -0.1840843    -0.1701191     -0.155692    -0.1408931
    -0.1258692    -0.1113169 -9.374025E-02 -7.599019E-02 -5.863196E-02 -4.143034E-02 -2.443888E-02 -7.710714E-03  8.699213E-03  2.473291E-02  3.838118E-02  4.980592E-02  6.093312E-02  6.993897E-02  7.699351E-02  8.389211E-02  9.062957E-02  9.720142E-02     0.1036042     0.1098362
     0.1174158      0.127619     0.1386243     0.1489809     0.1586723      0.167648     0.1759277     0.1911411     0.2168569     0.2382482             0
             0    -0.3853326    -0.3760318    -0.3680277    -0.3615086    -0.3537575    -0.3447119    -0.3356224    -0.3284887    -0.3224376    -0.3160425    -0.3076203    -0.2949426    -0.2791542    -0.2621584    -0.2440795     -0.225044    -0.2051466    -0.1845045    -0.1632729
    -0.1416864    -0.1207668 -9.550367E-02 -7.003795E-02 -4.520342E-02 -2.069156E-02  3.387007E-03  2.691727E-02  4.977646E-02  7.183304E-02  9.031117E-02     0.1055557     0.1201524     0.1317351     0.1406748     0.1492767     0.1575311     0.1654304     0.1729695     0.1801466
     0.1886707     0.1997111      0.210973     0.2209332     0.2296554     0.2371689     0.2435759     0.2543887      0.267946     0.2718578             0
             0    -0.4622483    -0.4564932    -0.4500176    -0.4441962     -0.436659    -0.4271821    -0.4170232    -0.4087094    -0.4014809    -0.3936689    -0.3831745    -0.3669683    -0.3462432    -0.3235134    -0.2990384    -0.2730849    -0.2458592    -0.2175762    -0.1884791
    -0.1588978    -0.1302217 -9.553239E-02 -6.055377E-02 -2.639991E-02  7.368767E-03  4.059802E-02  7.310312E-02     0.1046582     0.1349906     0.1601869     0.1807517     0.2001387     0.2151952     0.2266066     0.2373506     0.2473991      0.256731     0.2653332     0.2732018
     0.2821304     0.2928034     0.3023807     0.3095706      0.314705      0.318049     0.3199089     0.3212264     0.3146514     0.2979545             0
             0    -0.5246119    -0.5270657    -0.5254204     -0.522643    -0.5176532    -0.5098626    -0.5001044    -0.4913811    -0.4834256    -0.4744764    -0.4620493     -0.442109    -0.4157517    -0.3863544    -0.3545172    -0.3208105    -0.2856422    -0.2493554     -0.212266
    -0.1747485    -0.1384761 -9.456574E-02 -5.022051E-02 -6.704642E-03  3.666781E-02  7.980725E-02     0.1225457     0.1646011     0.2055414      0.239859       0.26792      0.294246      0.314393     0.3294002     0.3431801     0.3556298     0.3666686      0.376245     0.3843421
     0.3926417     0.4006383     0.4050102     0.4054931     0.4031657     0.3988308     0.3931549     0.3801506     0.3498951      0.315097             0
             0     -0.572039    -0.5863767    -0.5930834     -0.596203    -0.5969517    -0.5940067    -0.5868782      -0.57879    -0.5705842    -0.5605952    -0.5459079    -0.5210057    -0.4870004    -0.4489032    -0.4080426    -0.3654856    -0.3218677    -0.2775969    -0.2329579
    -0.1882496    -0.1452715 -9.329245E-02 -4.068794E-02  1.131275E-02  6.379541E-02     0.1169383     0.1708279     0.2253857     0.2802626     0.3278929     0.3678018     0.4059775     0.4354393     0.4572593     0.4769054     0.4939561     0.5080398     0.5188932     0.5264203
     0.5317981     0.5317504     0.5233769     0.5097663     0.4937566     0.4770102     0.4604974     0.4290074     0.3750644      0.326079             0
             0      -0.59975    -0.6252425    -0.6415591    -0.6524361    -0.6620339    -0.6681468     -0.667442    -0.6618912    -0.6541796    -0.6429807    -0.6248512    -0.5922127    -0.5475447    -0.4988865    -0.4484518    -0.3975923    -0.3468603    -0.2964544     -0.246426
    -0.1968591    -0.1495046    -0.0923349 -3.437503E-02  2.330117E-02  8.220898E-02     0.1429457     0.2061272     0.2723423     0.3420463     0.4061642     0.4627402     0.5200356     0.5668565      0.602622     0.6353996     0.6635641     0.6853012     0.6989768     0.7038022
     0.6997399     0.6782253     0.6426842     0.6045634     0.5687065     0.5366623      0.508615     0.4599574     0.3890055     0.3316894             0
             0    -0.6124802    -0.6443324    -0.6670153    -0.6837362    -0.7012028    -0.7173549    -0.7262902    -0.7259719     -0.719955    -0.7067349    -0.6829589    -0.6400751    -0.5846205    -0.5272932    -0.4701534     -0.414132     -0.359353    -0.3056794    -0.2529146
    -0.2009618    -0.1515016 -9.185625E-02 -3.133234E-02  2.910623E-02  9.123278E-02     0.1559364     0.2242552     0.2974194     0.3768848     0.4533744     0.5241706     0.6005011     0.6681151      0.723133      0.777113     0.8265443     0.8658105     0.8872746     0.8841918
     0.8578026     0.7981825     0.7273706     0.6643767     0.6118814     0.5687933     0.5333475      0.474752      0.395248     0.3341131             0
             0    -0.6195968    -0.6554071    -0.6824315    -0.7035328    -0.7277543    -0.7545425    -0.7778853    -0.7899164    -0.7907393    -0.7704962    -0.7341383    -0.6765053    -0.6099907    -0.5454543    -0.4834372    -0.4239744    -0.3666498    -0.3110004    -0.2566259
    -0.2032949    -0.1526317 -9.157885E-02 -2.959437E-02  3.243118E-02  9.643496E-02     0.1635041     0.2349826      0.312607     0.3987234     0.4843901     0.5667727     0.6606514     0.7508997     0.8302917     0.9165548       1.00682      1.091874      1.147296      1.110757
      1.026869     0.9039589     0.7916437     0.7053549     0.6394984     0.5884356     0.5480373      0.483191     0.3986932     0.3354276             0
             0    -0.6232613    -0.6612608    -0.6908727    -0.7148364    -0.7441686    -0.7813414    -0.8267932    -0.8756419    -0.9226993    -0.8561269    -0.7828306    -0.7029106    -0.6257902    -0.5559059    -0.4907626    -0.4292715    -0.3705197    -0.3137967    -0.2585645
    -0.2045089    -0.1532179 -9.143299E-02 -2.868789E-02  3.416881E-02  9.916577E-02     0.1675057     0.2407193     0.3208729     0.4109449     0.5024864      0.592981     0.7007907     0.8125713      0.919838      1.052858      1.224921      1.460268      1.818724      1.482991
      1.218587      0.992124     0.8357061     0.7304068     0.6552858     0.5992292     0.5559266     0.4875941     0.4004523     0.3360916             0
