 51            10 
             0    -0.3025007    -0.2930993     -0.284995    -0.2794186    -0.2736814    -0.2667498    -0.2596861    -0.2541083    -0.2493571    -0.2443092    -0.2376141     -0.227381    -0.2151724    -0.2023256    -0.1900201    -0.1784052    -0.1655408    -0.1516105    -0.1367315
    -0.1209566    -0.1042702 -8.809787E-02 -7.250493E-02 -5.614596E-02 -4.035587E-02 -2.530518E-02 -9.972781E-03  5.474268E-03  2.089645E-02  3.427045E-02     0.0456225      0.056848  6.609435E-02  7.343462E-02  8.026243E-02  8.657288E-02  9.281331E-02  9.897485E-02     0.1050488
      0.112521     0.1227027     0.1338774     0.1445779     0.1548139     0.1640693     0.1723263     0.1878293     0.2148107     0.2379587             0
             0     -0.308123    -0.2993192    -0.2920459    -0.2864198    -0.2802381     -0.273014    -0.2659172    -0.2604508    -0.2558672    -0.2510701    -0.2447939    -0.2353359    -0.2238135    -0.2112512    -0.1981429     -0.185259    -0.1713845    -0.1568101    -0.1416385
    -0.1259463    -0.1095006 -9.297126E-02 -7.669164E-02     -0.059669 -4.294271E-02 -2.682753E-02 -1.057549E-02   5.64003E-03  2.168362E-02  3.539145E-02  4.689337E-02  5.815341E-02  6.738131E-02  7.473398E-02  8.166897E-02      0.088153     0.0945884     0.1009429     0.1072063
     0.1149052     0.1252844     0.1365307     0.1471803     0.1572638     0.1666175     0.1751592     0.1911032     0.2177166     0.2400329             0
             0    -0.3862456    -0.3770532    -0.3689082    -0.3624235    -0.3550533    -0.3461913    -0.3372466    -0.3302246    -0.3242654    -0.3179572    -0.3096146    -0.2968545    -0.2810472    -0.2635525    -0.2451134    -0.2268148    -0.2070134    -0.1861475    -0.1643873
    -0.1418635    -0.1182634 -9.456907E-02 -7.126381E-02 -4.696005E-02 -2.317251E-02 -3.742531E-04  2.245245E-02  4.501298E-02     0.0670656  8.561976E-02     0.1009703     0.1157519     0.1276371     0.1369754     0.1456542      0.153631     0.1614062     0.1689374     0.1762103
     0.1849591     0.1963459     0.2080519     0.2185115     0.2277957     0.2358419     0.2426689     0.2544675     0.2694225     0.2739809             0
             0    -0.4637986     -0.458511    -0.4522044    -0.4466841    -0.4397089    -0.4306094    -0.4207437    -0.4126274    -0.4055456    -0.3978582    -0.3874613    -0.3710967    -0.3502446    -0.3266734     -0.301535    -0.2763876    -0.2491322    -0.2204273    -0.1905285
    -0.1596323    -0.1273128 -9.490293E-02 -6.302214E-02 -2.975412E-02  2.835591E-03  3.409996E-02  6.540854E-02  9.630653E-02     0.1263858     0.1514826     0.1720341     0.1915355     0.2069054     0.2187831     0.2296134     0.2393324     0.2485532     0.2572148     0.2652955
     0.2746515     0.2860454     0.2965472     0.3047496     0.3108772      0.315143     0.3178138     0.3207061     0.3164837     0.3003727             0
             0    -0.5272218    -0.5311691    -0.5307016    -0.5290696    -0.5252199    -0.5184494    -0.5094379    -0.5011306     -0.493429    -0.4846374    -0.4722497    -0.4518302    -0.4248562    -0.3937697    -0.3604613     -0.327208    -0.2914999    -0.2542917    -0.2159019
    -0.1765498    -0.1356241 -9.470581E-02 -5.442543E-02 -1.224188E-02  2.932858E-02  6.956561E-02     0.1102771     0.1508941     0.1908339     0.2243844     0.2518758     0.2778221     0.2979836     0.3133186     0.3269995     0.3388983     0.3497446     0.3594305     0.3679141
     0.3770131     0.3865317     0.3929183     0.3955854     0.3952393     0.3926787     0.3886122     0.3783214     0.3517815     0.3177011             0
             0     -0.576013     -0.593883    -0.6041275    -0.6105015    -0.6141818    -0.6143065    -0.6094024    -0.6023843    -0.5946803    -0.5847986    -0.5697218    -0.5430437    -0.5066149    -0.4646004    -0.4202515    -0.3769407    -0.3315923     -0.285427    -0.2386779
    -0.1914459    -0.1428047    -0.0944047 -4.672701E-02  3.469886E-03  5.341468E-02     0.1025039     0.1531536     0.2049048     0.2571999     0.3024165     0.3402086     0.3764109     0.4046617      0.425986     0.4446428     0.4602613     0.4736426     0.4844943     0.4926993
     0.4997317      0.503258     0.4996427     0.4909502      0.479096     0.4658284     0.4523532     0.4254371     0.3768405     0.3287947             0
             0    -0.6048993    -0.6364834    -0.6600683    -0.6779754     -0.694658    -0.7092255    -0.7152332    -0.7128039    -0.7062495    -0.6946997    -0.6743448    -0.6355465    -0.5833374    -0.5260612     -0.468437     -0.414699    -0.3605219    -0.3070002    -0.2539757
    -0.2012333     -0.147458 -9.420271E-02 -4.172529E-02  1.379282E-02  6.954679E-02     0.1252111     0.1839048     0.2456638     0.3105237     0.3694378     0.4208744      0.472531     0.5146987      0.547213     0.5758579     0.5994045     0.6182374     0.6310837     0.6373401
     0.6375864     0.6255924     0.6015437     0.5738878     0.5460122     0.5200203     0.4968647     0.4548919     0.3906493     0.3344588             0
             0    -0.6182678    -0.6579114    -0.6908634    -0.7180874    -0.7474574     -0.779615    -0.8032432    -0.8102629    -0.8066964    -0.7919438    -0.7618344    -0.7047573    -0.6343702    -0.5632561      -0.49548    -0.4348314     -0.375366    -0.3177681    -0.2614642
    -0.2059634    -0.1496913 -9.410869E-02 -3.933194E-02  1.876699E-02  7.740732E-02     0.1364693     0.1995448     0.2671528     0.3400727     0.4089332     0.4715612     0.5378913     0.5957846     0.6427129     0.6861581     0.7235653     0.7536525     0.7712919     0.7723202
     0.7577084     0.7197755      0.670553     0.6244258     0.5835832     0.5486559     0.5194343     0.4688769     0.3968176      0.336905             0
             0    -0.6257713    -0.6705161    -0.7100769    -0.7445692    -0.7854044    -0.8369198    -0.8864664    -0.9127406    -0.9174324    -0.8943038    -0.8447591    -0.7612883    -0.6712087    -0.5879894    -0.5124621    -0.4470453    -0.3841602    -0.3240453    -0.2657823
    -0.2086721    -0.1509656 -9.405627E-02    -0.0379693  2.160968E-02  8.192645E-02     0.1430037     0.2087538     0.2800777     0.3584138     0.4345188     0.5060564     0.5855213     0.6598914     0.7242199     0.7888733     0.8513631     0.9088902     0.9457932     0.9274179
      0.877524     0.7987777      0.721159     0.6582486     0.6072355     0.5659657     0.5327384     0.4768261     0.4002176     0.3382315             0
             0    -0.6296456    -0.6772478    -0.7208551    -0.7602422    -0.8100445    -0.8803954    -0.9655482     -1.034113     -1.073355     -1.015613    -0.9236724    -0.8042557     -0.695152     -0.602685    -0.5220099    -0.4537116    -0.3888709    -0.3273677    -0.2680502
    -0.2100879    -0.1516301 -9.402942E-02 -3.725998E-02  2.309325E-02  8.429456E-02     0.1464505      0.213662     0.2870776     0.3686018      0.449278     0.5269336     0.6165619     0.7060856     0.7894837     0.8832613      0.993606        1.1357      1.326171      1.156131
      1.003339     0.8612474     0.7546995     0.6784939     0.6205796     0.5753956     0.5398446     0.4809639     0.4019524     0.3389015             0
