 51            10 
             0    -0.3025561    -0.2937591    -0.2867197    -0.2811629    -0.2747519    -0.2674897    -0.2603987    -0.2549452    -0.2503783    -0.2456101    -0.2394029    -0.2302069    -0.2189634    -0.2070377    -0.1944925    -0.1813907    -0.1677817    -0.1537207    -0.1392637
    -0.1244428    -0.1091718 -9.277285E-02 -7.628242E-02 -5.976562E-02 -4.329903E-02 -2.695007E-02 -1.077119E-02  5.184311E-03  2.085966E-02  3.428013E-02  4.556743E-02  5.661894E-02  6.561799E-02  7.270014E-02  7.966253E-02  8.650448E-02     0.0932274  9.983406E-02      0.106328
     0.1143095     0.1247303     0.1358147     0.1460867     0.1555074     0.1644064     0.1727455     0.1882626     0.2151209      0.238206             0
             0    -0.3078366    -0.2989947     -0.291845    -0.2862314    -0.2798114    -0.2725095    -0.2653534    -0.2598362    -0.2552072    -0.2503637    -0.2440414    -0.2346311    -0.2230789    -0.2107753    -0.1978527    -0.1844573    -0.1704941    -0.1560021    -0.1410474
    -0.1256911    -0.1099067 -9.326432E-02 -7.641587E-02 -5.947798E-02 -4.263965E-02 -2.600106E-02 -9.527837E-03   6.74109E-03  2.273412E-02  3.641012E-02  4.789272E-02  5.911022E-02  6.821614E-02  7.535765E-02     0.0823369  8.914899E-02  9.581292E-02      0.102343     0.1087537
     0.1166421     0.1270496     0.1382314     0.1487224     0.1584177     0.1675241     0.1759751     0.1915804     0.2179858     0.2400971             0
             0    -0.3858473    -0.3765728    -0.3685367    -0.3620251    -0.3543534    -0.3453757    -0.3363387    -0.3292397    -0.3232133    -0.3168372    -0.3084271    -0.2957279    -0.2798761    -0.2627619    -0.2445932    -0.2256083    -0.2057037    -0.1849639    -0.1635106
    -0.1414571    -0.1187926 -9.493135E-02 -7.081249E-02 -4.663045E-02    -0.0226857   8.43831E-04  2.396852E-02     0.0465888  6.855427E-02  8.704768E-02     0.1023569     0.1170673     0.1287822     0.1378396     0.1465539     0.1549148     0.1629431     0.1706547     0.1780661
     0.1869832     0.1983379     0.2098917     0.2201244     0.2289857     0.2367545     0.2434474     0.2548584     0.2694381     0.2739702             0
             0    -0.4630758    -0.4575116    -0.4511261    -0.4453738    -0.4379863    -0.4286488    -0.4185956    -0.4103454     -0.403158    -0.3953735    -0.3848892    -0.3686278    -0.3477546    -0.3247906    -0.3000998    -0.2741442    -0.2468543    -0.2184002    -0.1889813
    -0.1587705     -0.127762 -9.516634E-02 -6.218674E-02 -2.907886E-02   3.75378E-03  3.605614E-02  6.781744E-02  9.884871E-02       0.12886     0.1539149     0.1744413     0.1938744     0.2090404     0.2205687     0.2314388     0.2416176     0.2511194     0.2599557     0.2681428
     0.2775986     0.2888375     0.2989996     0.3068274      0.312467      0.316379     0.3187966     0.3211776      0.316302     0.3003022             0
             0    -0.5259406    -0.5290589    -0.5279041    -0.5254214    -0.5208232    -0.5134153    -0.5039318      -0.49535    -0.4874699    -0.4785512    -0.4660971    -0.4459608    -0.4191734    -0.3892139    -0.3568013    -0.3228738    -0.2874557    -0.2508277    -0.2132498
    -0.1749076    -0.1357351 -9.467374E-02 -5.303754E-02 -1.104379E-02  3.090555E-02  7.257272E-02     0.1140084     0.1549804     0.1950465     0.2287519     0.2563949     0.2824315     0.3024653     0.3174496     0.3312574     0.3437733     0.3549669     0.3648202     0.3733403
     0.3823736     0.3914647     0.3970817     0.3990121     0.3979722     0.3948326     0.3902226     0.3790927     0.3514922     0.3175872             0
             0    -0.5740034    -0.5899439    -0.5980915     -0.602137    -0.6040166    -0.6022422    -0.5959522    -0.5882493    -0.5802036    -0.5702093    -0.5553027     -0.529667    -0.4943532    -0.4548118    -0.4125117     -0.369188    -0.3249092    -0.2799764     -0.234588
    -0.1888162    -0.1424155 -9.397247E-02 -4.473195E-02  5.264255E-03  5.577923E-02     0.1067784     0.1585862      0.211161     0.2641227     0.3100961     0.3486226     0.3855146     0.4140664     0.4352784     0.4544501     0.4711574     0.4851372     0.4962016     0.5042964
     0.5108393     0.5132114     0.5077212     0.4973493     0.4841943     0.4697756     0.4551523      0.426716     0.3765152     0.3286517             0
             0    -0.6022585    -0.6305268    -0.6497924    -0.6628205    -0.6752323    -0.6846036    -0.6864869    -0.6821274    -0.6748251    -0.6634115    -0.6442943     -0.609166    -0.5609518    -0.5090036    -0.4556285    -0.4031231    -0.3511495    -0.2996851     -0.248627
    -0.1977797    -0.1466375 -9.344519E-02 -3.928122E-02     0.0160431  7.255098E-02     0.1305575     0.1908893     0.2540974     0.3204866     0.3812517     0.4346059     0.4883466     0.5320311     0.5653027     0.5957251     0.6218142      0.642165     0.6555161     0.6612825
      0.659806     0.6445811     0.6160678     0.5847381     0.5543426     0.5262283     0.5010666     0.4566808     0.3903284     0.3343006             0
             0    -0.6152834    -0.6506877    -0.6775261    -0.6975742    -0.7197931    -0.7421852    -0.7570091    -0.7598088    -0.7548722    -0.7407829    -0.7141029    -0.6653967    -0.6032858    -0.5406374     -0.479203     -0.420826    -0.3643862    -0.3093929    -0.2554277
    -0.2020725    -0.1486418 -9.318274E-02    -0.0366624  2.124989E-02  8.074868E-02     0.1423966     0.2074082      0.276894     0.3520052     0.4236628     0.4893599     0.5593498     0.6204406     0.6695859     0.7171942     0.7601669     0.7941493     0.8133333     0.8127505
     0.7933649     0.7480839     0.6908321     0.6387849     0.5942417     0.5563849     0.5245289     0.4709589     0.3965044     0.3367402             0
             0    -0.6225786    -0.6624615    -0.6945481    -0.7199785    -0.7508612    -0.7874873    -0.8221526    -0.8419803    -0.8466202    -0.8227776    -0.7788369    -0.7099097    -0.6330389    -0.5612233    -0.4937937    -0.4314376    -0.3721564    -0.3150129    -0.2593284
    -0.2045196    -0.1497795 -9.303103E-02 -3.516861E-02  2.422898E-02  8.546889E-02     0.1492825     0.2171619     0.2906561     0.3716642     0.4513092     0.5269042     0.6115582     0.6910807     0.7596747     0.8324901     0.9066157     0.9747551      1.018398     0.9931455
     0.9300131     0.8363292     0.7463191     0.6752698      0.619546     0.5747272     0.5384186     0.4790902     0.3999103     0.3380632             0
             0    -0.6263399    -0.6687156      -0.70397    -0.7329845     -0.770578    -0.8213974    -0.8866564    -0.9575207     -1.042889    -0.9382244    -0.8431221    -0.7433903    -0.6520357    -0.5732544    -0.5019116    -0.4371798    -0.3762921    -0.3179735    -0.2613698
     -0.205795    -0.1503707 -9.295142E-02 -3.439011E-02  2.578487E-02  8.794481E-02     0.1529199     0.2223702     0.2981284     0.3826223     0.4673313     0.5497601     0.6458374     0.7424794     0.8327076     0.9409615      1.075657      1.252135      1.498112      1.272682
      1.078112     0.9072796     0.7834971     0.6972589     0.6339021     0.5847654     0.5458602     0.4833283     0.4016487     0.3387314             0
