 51            10 
             0    -0.3022567    -0.2934822    -0.2864557    -0.2809031    -0.2744902    -0.2672251    -0.2601323    -0.2546785    -0.2501121    -0.2453455    -0.2391416    -0.2299542    -0.2187256    -0.2068186    -0.1942909    -0.1812038    -0.1676213    -0.1536153    -0.1392685
    -0.1246616    -0.1097445 -9.264059E-02 -7.554767E-02 -5.853274E-02 -4.166089E-02 -2.499533E-02 -8.597351E-03      0.007474  2.316241E-02  3.650832E-02  4.767837E-02  5.855999E-02  6.737309E-02  7.428183E-02  8.104461E-02     0.0876576  9.411737E-02     0.1004209     0.1065657
     0.1140454     0.1240885     0.1349044     0.1450534     0.1545353     0.1633545     0.1715204     0.1865723     0.2122627     0.2340463             0
             0    -0.3073562    -0.2985259    -0.2914294    -0.2858208    -0.2793412    -0.2719898    -0.2647967    -0.2592552    -0.2546091    -0.2497526    -0.2434229    -0.2340304    -0.2225255    -0.2103074    -0.1974447    -0.1840047    -0.1700432    -0.1556269    -0.1408416
    -0.1257823    -0.1104278 -9.291846E-02 -7.539957E-02 -5.796392E-02 -4.067935E-02 -2.361165E-02  -6.82472E-03  9.619352E-03  2.566056E-02  3.929404E-02  5.069477E-02  6.178939E-02  7.076384E-02  7.779253E-02  8.466577E-02  9.137952E-02  9.793026E-02     0.1043151     0.1105316
     0.1180897     0.1282206     0.1391054     0.1492941     0.1587873     0.1675895     0.1757122     0.1906327     0.2158284     0.2367608             0
             0    -0.3851919     -0.375894     -0.367894    -0.3613739    -0.3536157    -0.3445625    -0.3354671      -0.32833    -0.3222769    -0.3158807    -0.3074588    -0.2947858    -0.2790087    -0.2620285    -0.2439619    -0.2249296    -0.2050391    -0.1844132    -0.1632008
    -0.1415611    -0.1194816 -9.429704E-02 -6.913486E-02 -4.415691E-02 -1.949179E-02  4.730763E-03  2.837878E-02  5.131779E-02  7.341199E-02  9.188773E-02     0.1071103     0.1216685     0.1332088     0.1421111     0.1506735     0.1588878     0.1667477     0.1742489     0.1813891
     0.1898629     0.2007842     0.2118597     0.2215862     0.2300387     0.2373044     0.2434812      0.253862     0.2666754     0.2701782             0
             0     -0.462047    -0.4562701    -0.4497813    -0.4439482    -0.4363934    -0.4268985    -0.4167264    -0.4084055    -0.4011731    -0.3933596    -0.3828666     -0.366671    -0.3459699    -0.3232726    -0.2988269    -0.2728887    -0.2456808    -0.2174254    -0.1883561
    -0.1586957    -0.1284005 -9.372784E-02 -5.907186E-02 -2.462671E-02   9.44794E-03  4.297213E-02  7.573686E-02     0.1074977     0.1379723     0.1632357     0.1838226     0.2031986     0.2182221     0.2295963     0.2402942     0.2502896     0.2595629     0.2681022     0.2759038
     0.2847396     0.2952273     0.3045081     0.3113544     0.3160843     0.3190264     0.3204983     0.3210804     0.3132911     0.2961014             0
             0    -0.5243241    -0.5266837    -0.5249678    -0.5221416    -0.5170963    -0.5092517    -0.4994557    -0.4907145    -0.4827507    -0.4738005    -0.4613817    -0.4414742    -0.4151827     -0.385867    -0.3541087    -0.3204552    -0.2853355    -0.2491022     -0.212059
    -0.1744407    -0.1360929 -9.210128E-02 -4.805972E-02 -4.067568E-03     0.0398061  8.344051E-02     0.1266349     0.1690778     0.2103162     0.2448044     0.2729507     0.2993016     0.3194232     0.3343894     0.3481112     0.3604899     0.3714488     0.3809397     0.3889482
     0.3971319     0.4049314     0.4089333     0.4089971     0.4061164      0.401172     0.3948806     0.3806961     0.3485946     0.3131408             0
             0    -0.5716468    -0.5857477    -0.5922469    -0.5952166    -0.5957952    -0.5926772    -0.5854256    -0.5772824    -0.5690564    -0.5590736    -0.5444269    -0.5196422    -0.4858328    -0.4479507    -0.4072902    -0.3648753    -0.3213715    -0.2772032    -0.2326434
    -0.1878254    -0.1423763 -9.022505E-02 -3.790044E-02  1.474868E-02  6.791684E-02     0.1217435     0.1762671     0.2313562     0.2866082     0.3343845     0.3742812     0.4123019     0.4415291     0.4631229     0.4825256      0.499342      0.513229     0.5239479      0.531417
     0.5368167     0.5369529     0.5285518     0.5148055     0.4982933     0.4808058      0.463463     0.4303191     0.3738791     0.3240642             0
             0    -0.5992708    -0.6243488    -0.6402408    -0.6507744    -0.6599384     -0.665543    -0.6644038    -0.6586323     -0.650845    -0.6397049    -0.6217796    -0.5895731    -0.5454533    -0.4972958    -0.4472769    -0.3967001    -0.3461733    -0.2959303    -0.2460193
    -0.1963467    -0.1462727 -8.887795E-02 -3.118753E-02  2.724293E-02  8.694644E-02     0.1484682     0.2123478     0.2790695     0.3489461     0.4127554     0.4686589     0.5247921     0.5702235     0.6047061     0.6361246      0.663013     0.6837765     0.6970159     0.7020839
     0.6990527     0.6798961     0.6463524      0.609539     0.5738813      0.541301      0.512388     0.4618037     0.3879114     0.3296476             0
             0    -0.6119542    -0.6432747    -0.6653584    -0.6815468    -0.6982521    -0.7133147    -0.7209288    -0.7195879    -0.7130935    -0.7003333    -0.6775638    -0.6360038    -0.5816916    -0.5252061    -0.4686849    -0.4130603    -0.3585526    -0.3050817    -0.2524581
    -0.2004042    -0.1481078 -8.821422E-02 -2.795674E-02  3.328401E-02  9.625374E-02     0.1617783     0.2307946     0.3043751     0.3837256     0.4592948     0.5284641     0.6019937     0.6660118      0.717437     0.7672172     0.8122243     0.8476721     0.8672997     0.8658185
     0.8440642     0.7923815     0.7276276      0.668216     0.6169502     0.5736936     0.5374601     0.4768542     0.3941997     0.3320602             0
             0    -0.6190426    -0.6542426    -0.6805351    -0.7009351    -0.7240265    -0.7487808    -0.7683445    -0.7753205    -0.7720879     -0.755883     -0.724565    -0.6707181    -0.6063001    -0.5429825    -0.4817618    -0.4227838    -0.3657772    -0.3103572    -0.2561392
    -0.2027108    -0.1491456 -8.783192E-02 -2.611278E-02  3.674129E-02     0.1016134     0.1695191     0.2416817     0.3196366     0.4053802     0.4895525     0.5693341     0.6585333     0.7422147     0.8143921        0.8911     0.9694523      1.041434      1.087203      1.059854
     0.9921048     0.8882931     0.7879342     0.7078529     0.6442792     0.5934123     0.5523195     0.4854377     0.3976713     0.3333688             0
             0    -0.6226919    -0.6600354    -0.6888285    -0.7119592    -0.7397819    -0.7734401    -0.8084491     -0.831951    -0.8388839    -0.8124191    -0.7644554    -0.6949884    -0.6214513    -0.5531698    -0.4889596    -0.4280117    -0.3696065    -0.3131285    -0.2580616
    -0.2039108    -0.1496836 -8.763164E-02 -2.515153E-02  3.854705E-02     0.1044246     0.1736072     0.2474927     0.3279158     0.4174329     0.5070499     0.5941467     0.6955398     0.7974789     0.8927356      1.007262      1.150191      1.337145      1.595995      1.358364
      1.152039     0.9655017     0.8283489     0.7317591     0.6597887     0.6042083     0.5602856     0.4899153     0.3994443     0.3340299             0
