 51            10 
             0    -0.2726894      -0.26645    -0.2610095    -0.2566211    -0.2514822    -0.2456068    -0.2398355    -0.2353832    -0.2316488    -0.2277444    -0.2226556    -0.2151045     -0.205851    -0.1972413    -0.1893789    -0.1810959    -0.1687592    -0.1551154    -0.1413491
    -0.1267397    -0.1116259 -9.604999E-02 -8.010919E-02 -6.399807E-02 -4.763307E-02 -3.099612E-02 -1.411526E-02  2.028704E-03  1.711638E-02  3.018023E-02  4.115674E-02  5.186116E-02  6.055867E-02  6.742465E-02  7.423899E-02  8.102526E-02     0.0877791  9.452938E-02     0.1008567
     0.1081621      0.118468     0.1296248     0.1399466     0.1499841     0.1596352     0.1687248     0.1858073      0.213662     0.2374904             0
             0    -0.2758194    -0.2695775    -0.2641173    -0.2597076    -0.2545375    -0.2486188    -0.2427967    -0.2382999    -0.2345248    -0.2305741    -0.2254195    -0.2177568    -0.2083384    -0.1995401    -0.1914474    -0.1828392    -0.1701689     -0.156184    -0.1420502
    -0.1270235    -0.1114574    -0.0954121 -7.900494E-02 -6.243591E-02 -4.563124E-02 -2.858256E-02 -1.130518E-02  5.197125E-03     0.0206257  3.399333E-02     0.0452305  5.619139E-02  6.509343E-02  7.211505E-02  7.907526E-02  8.599434E-02  9.286851E-02     0.0997282     0.1061488
     0.1135664     0.1239833     0.1352048     0.1455473     0.1555464     0.1650591     0.1739059     0.1904082     0.2173224     0.2397999             0
             0    -0.3253463    -0.3193506    -0.3137999      -0.30923    -0.3037792     -0.297438     -0.291103    -0.2861542    -0.2819683    -0.2775552    -0.2717544    -0.2630354    -0.2521599    -0.2418493    -0.2322121    -0.2217947    -0.2045088    -0.1848186     -0.164686
    -0.1431766    -0.1208547 -9.784774E-02 -7.435648E-02 -5.069919E-02 -2.680389E-02 -2.694515E-03  2.156331E-02  4.452891E-02  6.574149E-02  8.385266E-02  9.887516E-02     0.1132981     0.1247958     0.1337384     0.1424687      0.151007     0.1593432     0.1675097     0.1750088
     0.1834797     0.1949633     0.2067294     0.2169557     0.2262263     0.2344652     0.2415956     0.2539403     0.2693332     0.2738242             0
             0    -0.3678956    -0.3635394    -0.3589083    -0.3549433    -0.3500599    -0.3442192      -0.33824    -0.3334914    -0.3294336    -0.3251141    -0.3193842    -0.3106598    -0.2996008    -0.2889514    -0.2788537    -0.2677521    -0.2453157     -0.218731    -0.1912501
     -0.161803     -0.131235 -9.974255E-02 -6.759781E-02    -0.0352243  -2.51345E-03  3.049914E-02  6.370202E-02  9.507865E-02     0.1239331     0.1483663     0.1684335     0.1874316     0.2022891      0.213661     0.2245557     0.2349812     0.2449103     0.2543691      0.262794
     0.2719638     0.2836148     0.2944146     0.3026611     0.3090147     0.3136115      0.316632      0.320133      0.316616     0.3002363             0
             0    -0.3982196      -0.39629    -0.3932163     -0.390357    -0.3866105    -0.3819021    -0.3768848    -0.3728024     -0.369267    -0.3654607    -0.3603648     -0.352526    -0.3425128    -0.3328442    -0.3237838     -0.313876    -0.2864324    -0.2525968    -0.2174819
     -0.179974    -0.1412024    -0.1013739 -6.074189E-02 -1.973078E-02  2.191034E-02     0.0642333     0.1071705     0.1481044     0.1860867      0.218422     0.2449748     0.2699718     0.2892582     0.3038025     0.3174553     0.3301709     0.3418693     0.3525458     0.3615818
     0.3707867      0.380993     0.3883012     0.3917552     0.3922613     0.3904311     0.3869029     0.3774714     0.3520381     0.3175652             0
             0    -0.4189278    -0.4196554    -0.4184327    -0.4169338    -0.4146266    -0.4113753    -0.4075965    -0.4043659    -0.4014961    -0.3983455    -0.3940708    -0.3874363    -0.3790319    -0.3711484    -0.3643759    -0.3576076     -0.325249    -0.2839761    -0.2413613
    -0.1962815    -0.1500811    -0.1028726 -5.476439E-02 -6.040202E-03  4.383291E-02  9.515641E-02     0.1480996     0.1995656     0.2485009     0.2911694     0.3267563     0.3606188     0.3867772     0.4063453      0.424386     0.4406559     0.4548891     0.4669549     0.4761732
     0.4842475     0.4898635     0.4889734     0.4829986     0.4735163     0.4619556     0.4495208     0.4240816     0.3771421     0.3286521             0
             0    -0.4300347    -0.4327894    -0.4331353    -0.4328541    -0.4318975    -0.4300479    -0.4274291    -0.4249345    -0.4225929    -0.4199129    -0.4161758    -0.4102852    -0.4029965    -0.3966242     -0.392264    -0.3893261    -0.3529871    -0.3057603    -0.2575403
    -0.2071313    -0.1559409    -0.1039153 -5.096133E-02  2.841513E-03  5.834486E-02      0.116192     0.1769658     0.2374549     0.2969315      0.350884     0.3974072     0.4432277      0.479713     0.5073366     0.5328071     0.5552636     0.5737889      0.587733     0.5962555
     0.6009294     0.5960366     0.5797577      0.559112     0.5364971     0.5139055     0.4926186     0.4530109     0.3909492     0.3343096             0
             0    -0.4349405    -0.4387461     -0.439974    -0.4404202    -0.4403291    -0.4394454    -0.4376596     -0.435659    -0.4336203    -0.4311382    -0.4275477    -0.4217913    -0.4148436    -0.4091573    -0.4061779    -0.4056701    -0.3670821    -0.3166119    -0.2654782
    -0.2123973    -0.1587708    -0.1044305 -4.915724E-02  7.097138E-03  6.537594E-02     0.1265474        0.1915     0.2570978     0.3230658     0.3847255     0.4394934     0.4954438      0.541943     0.5781755     0.6124266     0.6428855     0.6673117     0.6836385      0.690347
      0.689571     0.6704339     0.6374035     0.6036242      0.570973     0.5409428     0.5142545     0.4666891     0.3971105     0.3367524             0
             0    -0.4376304    -0.4420598    -0.4438383    -0.4447598    -0.4452714    -0.4451225    -0.4440464    -0.4424858    -0.4406818    -0.4382556    -0.4345975     -0.428696    -0.4217833    -0.4164298     -0.414297    -0.4153792    -0.3753792    -0.3229265    -0.2700585
    -0.2154182    -0.1603896    -0.1047284 -4.813423E-02  9.522548E-03  6.940668E-02      0.132535     0.2000101     0.2687954     0.3390174     0.4060673     0.4670118     0.5312555     0.5869602     0.6319234      0.676169      0.716988     0.7502152     0.7705506     0.7732572
     0.7638544     0.7269877     0.6773218     0.6324743     0.5922942     0.5571286     0.5269327     0.4744463     0.4005049     0.3380769             0
             0    -0.4389986    -0.4437619    -0.4458472    -0.4470455     -0.447933    -0.4482993    -0.4478325    -0.4467524    -0.4452316    -0.4426752    -0.4387327      -0.43252    -0.4255002    -0.4202754    -0.4186004    -0.4205915    -0.3798009    -0.3262634    -0.2724646
    -0.2169987     -0.161235     -0.104885 -4.760304E-02  1.078614E-02     0.0715149     0.1356853     0.2045274     0.2750826     0.3477579     0.4180886      0.483036      0.553143     0.6162114     0.6690375      0.723742     0.7776909     0.8254394     0.8561093     0.8476245
     0.8234844     0.7662089     0.7020822     0.6491902      0.604131     0.5658764     0.5336741     0.4784777     0.4022362     0.3387459             0
