 51            10 
             0    8.0112E-05  1.782002E-04  2.514448E-04  3.081618E-04  3.726161E-04  4.446311E-04  5.140833E-04  5.670488E-04  6.111735E-04  6.570185E-04  7.164337E-04  8.039298E-04  9.102438E-04  1.022563E-03  1.140553E-03  1.263866E-03  1.392132E-03   1.52497E-03  1.661984E-03
  1.802768E-03  1.946903E-03  2.093964E-03  2.243519E-03   2.39513E-03   2.54836E-03  2.702766E-03   2.85791E-03  3.013356E-03  3.168672E-03  3.304087E-03  3.419639E-03  3.534499E-03  3.629499E-03  3.705055E-03  3.780117E-03  3.854639E-03  3.928573E-03  4.001873E-03  4.074494E-03
  4.164367E-03  4.288147E-03  4.426206E-03   4.56054E-03  4.690847E-03  4.816839E-03  4.938245E-03   5.17138E-03  5.624215E-03  6.133932E-03             0
             0  7.645108E-05  1.747211E-04  2.481081E-04  3.049372E-04  3.695209E-04  4.416824E-04  5.112774E-04  5.643527E-04  6.085691E-04  6.545099E-04  7.140497E-04    8.0173E-04  9.082689E-04  1.020826E-03  1.139067E-03   1.26264E-03  1.391178E-03  1.524294E-03  1.661594E-03
  1.802667E-03  1.947095E-03  2.094449E-03  2.244296E-03  2.396198E-03  2.549711E-03  2.704395E-03  2.859809E-03  3.015513E-03  3.171076E-03  3.306695E-03  3.422414E-03  3.537433E-03  3.632557E-03  3.708208E-03  3.783361E-03   3.85797E-03  3.931986E-03  4.005364E-03  4.078059E-03
  4.168017E-03  4.291906E-03  4.430072E-03  4.564496E-03  4.694875E-03  4.820924E-03  4.942372E-03  5.175562E-03  5.628369E-03  6.137786E-03             0
             0  2.022318E-05  1.212608E-04  1.968208E-04  2.553641E-04  3.219271E-04  3.963312E-04  4.681156E-04  5.228739E-04  5.684994E-04  6.159105E-04  6.773632E-04  7.678753E-04  8.778732E-04  9.940967E-04  1.116195E-03  1.243795E-03  1.376508E-03  1.513926E-03  1.655627E-03
  1.801173E-03  1.950118E-03  2.102005E-03  2.256369E-03  2.412743E-03  2.570654E-03   2.72963E-03  2.889202E-03  3.048904E-03  3.208278E-03  3.347049E-03   3.46534E-03  3.582796E-03  3.679832E-03  3.756947E-03  3.833498E-03  3.909436E-03  3.984713E-03  4.059282E-03  4.133098E-03
   4.22437E-03  4.349913E-03  4.489692E-03  4.625458E-03  4.756919E-03  4.883802E-03  5.005852E-03   5.23982E-03  5.692018E-03  6.196632E-03             0
             0 -2.013388E-05  8.274828E-05  1.597875E-04  2.195089E-04  2.874447E-04  3.634179E-04  4.367469E-04  4.926997E-04  5.393287E-04   5.87791E-04  6.506161E-04  7.431697E-04  8.556764E-04  9.745738E-04  1.099498E-03  1.230063E-03  1.365861E-03  1.506468E-03   1.65144E-03
  1.800321E-03  1.952642E-03  2.107922E-03  2.265675E-03  2.425406E-03  2.586621E-03  2.748822E-03  2.911515E-03  3.074212E-03  3.236431E-03  3.377542E-03  3.497735E-03   3.61698E-03  3.715409E-03  3.793583E-03  3.871138E-03  3.948023E-03   4.02419E-03  4.099591E-03  4.174179E-03
  4.266345E-03  4.392987E-03  4.533793E-03  4.670366E-03  4.802425E-03  4.929712E-03  5.051988E-03  5.286085E-03  5.736905E-03  6.237102E-03             0
             0 -4.519365E-05   5.87466E-05  1.366542E-04  1.970742E-04  2.658324E-04  3.427543E-04  4.170255E-04  4.737112E-04  5.209585E-04  5.700705E-04   6.33747E-04  7.275728E-04  8.416515E-04  9.622323E-04  1.088943E-03  1.221387E-03  1.359147E-03  1.501786E-03  1.648848E-03
  1.799864E-03  1.954349E-03   2.11181E-03  2.271744E-03  2.433641E-03   2.59699E-03  2.761277E-03  2.925991E-03  3.090627E-03  3.254686E-03  3.397306E-03  3.518721E-03  3.639111E-03  3.738424E-03  3.817268E-03  3.895453E-03  3.972928E-03  4.049644E-03  4.125553E-03  4.200608E-03
  4.293305E-03  4.420583E-03  4.561955E-03  4.698943E-03  4.831275E-03  4.958705E-03  5.081009E-03  5.314959E-03  5.764462E-03  6.261515E-03             0
             0 -6.064302E-05  4.390276E-05  1.223181E-04  1.831509E-04  2.523993E-04   3.29892E-04  4.047346E-04  4.618676E-04  5.094935E-04  5.590047E-04  6.232058E-04  7.178189E-04  8.328748E-04  9.545058E-04  1.082334E-03  1.215956E-03  1.354948E-03  1.498864E-03  1.647242E-03
  1.799603E-03  1.955455E-03  2.114295E-03   2.27561E-03  2.438881E-03  2.603587E-03  2.769203E-03  2.935208E-03  3.101083E-03   3.26632E-03  3.409906E-03  3.532101E-03  3.653219E-03  3.753093E-03   3.83236E-03   3.91094E-03  3.988782E-03  4.065837E-03  4.142056E-03  4.217392E-03
  4.310405E-03  4.438051E-03  4.579734E-03   4.71693E-03  4.849377E-03  4.976839E-03  5.099102E-03  5.332847E-03  5.781328E-03  6.276284E-03             0
             0 -6.833878E-05  3.649019E-05  1.151473E-04   1.76178E-04  2.456637E-04  3.234346E-04  3.985581E-04   4.55912E-04  5.037254E-04  5.534351E-04  6.178976E-04  7.129044E-04   8.28451E-04  9.506104E-04  1.079002E-03  1.213219E-03  1.352832E-03  1.497394E-03  1.646438E-03
  1.799479E-03  1.956023E-03  2.115561E-03  2.277577E-03  2.441547E-03  2.606944E-03  2.773239E-03  2.939904E-03  3.106416E-03  3.272258E-03  3.416341E-03  3.538938E-03  3.660431E-03  3.760592E-03  3.840074E-03  3.918855E-03  3.996884E-03  4.074108E-03  4.150481E-03  4.225956E-03
  4.319121E-03  4.446939E-03   4.58876E-03  4.726038E-03   4.85852E-03  4.985974E-03  5.108194E-03  5.341792E-03  5.789691E-03  6.283553E-03             0
             0 -7.162781E-05  3.331852E-05  1.120766E-04  1.731904E-04  2.427759E-04  3.206645E-04  3.959072E-04  4.533551E-04  5.012485E-04  5.510429E-04  6.156173E-04  7.107927E-04  8.265498E-04  9.489363E-04   1.07757E-03  1.212042E-03  1.351924E-03  1.496763E-03  1.646092E-03
  1.799427E-03  1.956268E-03  2.116107E-03  2.278425E-03  2.442696E-03  2.608391E-03   2.77498E-03  2.941931E-03  3.108718E-03  3.274823E-03  3.419123E-03  3.541895E-03  3.663551E-03  3.763837E-03  3.843413E-03   3.92228E-03  4.000389E-03  4.077686E-03  4.154125E-03  4.229658E-03
  4.322887E-03  4.450777E-03  4.592652E-03  4.729961E-03  4.862452E-03  4.989899E-03  5.112095E-03  5.345622E-03  5.793258E-03  6.286644E-03             0
             0 -7.340265E-05  3.160604E-05   1.10418E-04  1.715762E-04  2.412152E-04  3.191669E-04  3.944736E-04  4.519722E-04  4.999086E-04  5.497488E-04  6.143835E-04  7.096501E-04   8.25521E-04  9.480304E-04  1.076795E-03  1.211406E-03  1.351432E-03  1.496422E-03  1.645906E-03
  1.799398E-03  1.956401E-03  2.116403E-03  2.278884E-03  2.443319E-03  2.609176E-03  2.775924E-03   2.94303E-03  3.109967E-03  3.276215E-03  3.420632E-03     0.0035435  3.665244E-03  3.765598E-03  3.845225E-03   3.92414E-03  4.002292E-03  4.079629E-03  4.156103E-03  4.231668E-03
  4.324931E-03  4.452858E-03  4.594761E-03  4.732086E-03  4.864581E-03  4.992022E-03  5.114204E-03  5.347691E-03  5.795181E-03  6.288308E-03             0
             0 -7.429636E-05  3.074343E-05  1.095823E-04  1.707627E-04  2.404285E-04  3.184119E-04  3.937508E-04  4.512748E-04   4.99233E-04  5.490961E-04  6.137612E-04  7.090737E-04  8.250021E-04  9.475735E-04  1.076404E-03  1.211085E-03  1.351184E-03   1.49625E-03  1.645812E-03
  1.799384E-03  1.956468E-03  2.116552E-03  2.279116E-03  2.443633E-03  2.609572E-03     0.0027764  2.943585E-03  3.110598E-03  3.276918E-03  3.421395E-03  3.544311E-03     0.0036661  3.766489E-03  3.846141E-03   3.92508E-03  4.003254E-03  4.080611E-03  4.157103E-03  4.232684E-03
  4.325964E-03   4.45391E-03  4.595827E-03  4.733159E-03  4.865656E-03  4.993093E-03  5.115268E-03  5.348733E-03  5.796149E-03  6.289145E-03             0
