 51            10 
             0     -0.302399    -0.2936125    -0.2865804    -0.2810254    -0.2746115    -0.2673458    -0.2602523    -0.2547976    -0.2502303    -0.2454624    -0.2392565    -0.2300651    -0.2188305    -0.2069164    -0.1943817    -0.1812878    -0.1676958    -0.1536755    -0.1393161
    -0.1247537    -0.1101895 -9.344876E-02    -0.0766228 -5.980392E-02 -4.307538E-02 -2.650866E-02 -1.016728E-02  5.889155E-03  2.160273E-02  3.500254E-02  4.623657E-02  5.719724E-02     0.0660865  7.306077E-02  7.989315E-02  8.657952E-02  9.311659E-02     0.0995019      0.105734
     0.1133318     0.1235655     0.1346405     0.1450865     0.1548908      0.164036     0.1725206      0.188185     0.2150082     0.2379222             0
             0    -0.3075473    -0.2987061    -0.2915973    -0.2859874     -0.279517    -0.2721755      -0.26499    -0.2594529    -0.2548095    -0.2499544    -0.2436245    -0.2342263    -0.2227076      -0.21047    -0.1975935    -0.1841533    -0.1701854    -0.1557481     -0.140932
    -0.1258845    -0.1108427 -9.387078E-02 -7.655637E-02 -5.928814E-02 -4.216992E-02 -2.525485E-02 -8.585408E-03  7.790612E-03  2.381716E-02  3.748057E-02  4.892965E-02  6.008979E-02  6.912736E-02  7.620803E-02  8.313224E-02  8.989364E-02  9.648678E-02     0.1029075     0.1091545
     0.1167534       0.12703     0.1381552     0.1486803     0.1585718     0.1677205     0.1761569     0.1916631      0.217899     0.2398343             0
             0    -0.3854472    -0.3761461    -0.3681383    -0.3616207    -0.3538775    -0.3448403    -0.3357573    -0.3286275     -0.322579    -0.3161853    -0.3077635    -0.2950818     -0.279283    -0.2622719    -0.2441815    -0.2251449    -0.2052422    -0.1845848    -0.1633289
    -0.1417106    -0.1200937 -9.572487E-02 -7.091168E-02 -4.623747E-02 -2.187902E-02  2.055479E-03  2.546805E-02  4.824768E-02  7.026701E-02  8.874788E-02     0.1040147     0.1186503     0.1302756     0.1392531     0.1478947     0.1561892      0.164128     0.1717049     0.1789183
     0.1874902     0.1986505     0.2100987     0.2202926     0.2292863     0.2370468     0.2436833     0.2549276     0.2692282     0.2736436             0
             0    -0.4624178    -0.4566868    -0.4502249    -0.4444152    -0.4368965    -0.4274383    -0.4172932    -0.4089871    -0.4017631    -0.3939534    -0.3834583    -0.3672427    -0.3464946     -0.323733    -0.2992294    -0.2732639    -0.2460228    -0.2177133    -0.1885812
    -0.1589613    -0.1293504 -9.598615E-02 -6.199769E-02 -2.815816E-02  5.304439E-03  3.823874E-02  7.048434E-02     0.1018339     0.1320245     0.1571541     0.1776973     0.1970954     0.2121852      0.223634     0.2344242     0.2445259     0.2539165     0.2625815     0.2705164
     0.2795355     0.2903938     0.3002683     0.3078007     0.3133412     0.3170864     0.3193336     0.3213851     0.3160224     0.2999216             0
             0    -0.5248629    -0.5274121    -0.5258374    -0.5231081    -0.5181739    -0.5104378    -0.5007179    -0.4920132    -0.4840666    -0.4751194    -0.4626852    -0.4427135    -0.4162922    -0.3868145    -0.3548994     -0.321144    -0.2859306    -0.2495916    -0.2124469
    -0.1748802     -0.137447 -9.532225E-02 -5.233501E-02  -9.32447E-03     0.0335467  7.619105E-02     0.1184735     0.1601411     0.2007831     0.2349295     0.2629046     0.2892049     0.3093765     0.3244242     0.3382617     0.3507821     0.3619008     0.3715625     0.3797482
     0.3881626     0.3963544     0.4011015     0.4020011     0.4002298     0.3965055      0.391445     0.3796194     0.3512063     0.3171725             0
             0      -0.57239     -0.586964    -0.5938774    -0.5971441    -0.5980611    -0.5952881    -0.5882822     -0.580249    -0.5720641    -0.5620702    -0.5473445    -0.5223281      -0.48813    -0.4498205    -0.4087612    -0.3660685    -0.3223416    -0.2779705    -0.2332415
    -0.1884648    -0.1441247    -0.0943398 -4.342229E-02  7.895517E-03  5.969228E-02     0.1121506     0.1654047     0.2194287     0.2739266     0.3214057     0.3613209     0.3996445     0.4293346     0.4513755     0.4712604     0.4885416     0.5028197     0.5138072     0.5213943
     0.5267553     0.5265214     0.5181958     0.5047213     0.4892242      0.473226     0.4575463     0.4277111     0.3762606     0.3282165             0
             0    -0.6001853    -0.6260895     -0.642829     -0.654043    -0.6640677    -0.6706788    -0.6703923    -0.6650488    -0.6574084    -0.6461578    -0.6278403     -0.594789    -0.5495843    -0.5004329    -0.4495851    -0.3984522    -0.3475216    -0.2969559    -0.2467985
    -0.1971414    -0.1482903 -9.357135E-02 -3.750529E-02  1.937849E-02  7.748957E-02     0.1374392     0.1999183     0.2656199     0.3351392     0.3995483     0.4567758     0.5152054     0.5633869       0.60041     0.6345212     0.6639386     0.6866329     0.7007399     0.7053333
     0.7002701     0.6764137     0.6389438     0.5995349      0.563509     0.5320224     0.5048508     0.4581262     0.3901106     0.3338557             0
             0    -0.6129608    -0.6453406      -0.66862    -0.6858625    -0.7040715    -0.7212636    -0.7313942    -0.7319432    -0.7263315    -0.7127265    -0.6881025    -0.6440241    -0.5874771    -0.5293276    -0.4715746    -0.4151681     -0.360126    -0.3062533    -0.2533354
    -0.2012792    -0.1502565 -9.318221E-02 -3.464883E-02  2.494759E-02  8.622947E-02     0.1501091     0.2177244     0.2904614     0.3700221     0.4474014     0.5197849     0.5988578     0.6699985     0.7285419     0.7866437      0.840417     0.8834284     0.9066877     0.9020564
     0.8711453     0.8036771     0.7269585     0.6604347     0.6067642     0.5638801     0.5292387     0.4726644     0.3963075     0.3362912             0
             0    -0.6201048    -0.6565204    -0.6842728    -0.7060588    -0.7313674    -0.7600269    -0.7865672     -0.802712    -0.8075845    -0.7833122    -0.7428589    -0.6820244    -0.6135759    -0.5478641     -0.485061    -0.4251274    -0.3674938    -0.3116191    -0.2570758
     -0.203633    -0.1513695 -9.295541E-02 -3.301582E-02  2.814019E-02     0.0912739     0.1575027     0.2282896       0.30557     0.3920333     0.4791524     0.5640782     0.6625437     0.7592353     0.8457073     0.9413446      1.043282      1.141053      1.205277      1.160412
      1.060852     0.9191183     0.7951137     0.7027106     0.6346482     0.5834371     0.5437551     0.4809586     0.3997262     0.3376121             0
             0    -0.6237842    -0.6624343    -0.6928596    -0.7176328    -0.7483926    -0.7886648    -0.8426316    -0.9150791     -1.038625     -0.895584    -0.7987065     -0.710264    -0.6299749    -0.5585707     -0.492511    -0.4304924    -0.3714037    -0.3144399    -0.2590303
    -0.2048581     -0.151947 -9.283575E-02 -3.216358E-02  2.980967E-02  9.392408E-02     0.1614171     0.2339508     0.3138194     0.4044166     0.4978322     0.5916519     0.7057537     0.8271918     0.9462405       1.09738      1.297783      1.577662      1.992619      1.601859
      1.283631      1.018022     0.8427506     0.7288759     0.6506993     0.5942225     0.5515652      0.485287     0.4014715     0.3382792             0
