 51            10 
             0 -1.992174E-02 -1.964793E-02 -1.913219E-02 -1.870327E-02 -1.819932E-02 -1.762474E-02 -1.706262E-02 -1.663031E-02 -1.626842E-02 -1.589081E-02 -1.539957E-02 -1.467259E-02 -1.378459E-02 -1.284266E-02 -1.185026E-02 -1.081108E-02 -9.729012E-03 -8.608117E-03 -7.452622E-03
 -6.266902E-03 -5.055474E-03 -3.822988E-03 -2.574218E-03 -1.314002E-03 -4.718555E-05  1.221435E-03  2.487157E-03  3.745411E-03  4.991795E-03   6.06832E-03  6.980056E-03  7.879194E-03  8.616711E-03  9.199919E-03  9.775917E-03  1.034431E-02  1.090474E-02  1.145684E-02  1.200029E-02
  1.266838E-02  1.357918E-02  1.458086E-02  1.554142E-02  1.645932E-02  1.733324E-02  1.816214E-02  1.972826E-02  2.261578E-02  2.532936E-02             0
             0 -2.005338E-02 -1.977803E-02 -1.925871E-02 -1.882668E-02 -1.831893E-02 -1.773987E-02 -1.717321E-02 -1.673733E-02    -0.0163724 -1.599159E-02 -1.549612E-02 -1.476278E-02 -1.386684E-02 -1.291634E-02 -1.191479E-02 -1.086591E-02 -9.773673E-03 -8.642192E-03  -7.47577E-03
 -6.278864E-03 -5.056076E-03 -3.812145E-03 -2.551941E-03 -1.280399E-03  -2.46369E-06  1.276969E-03  2.553097E-03  3.821256E-03  5.076957E-03  6.161044E-03  7.078848E-03  7.983613E-03  8.725433E-03   9.31187E-03  9.890878E-03  1.046206E-02  1.102505E-02     0.0115795  1.212506E-02
  1.279551E-02  1.370903E-02  1.471293E-02  1.567489E-02     0.0165934     0.0174672  1.829533E-02  1.985876E-02  2.273455E-02  2.542336E-02             0
             0 -2.210322E-02 -2.180746E-02    -0.0212344 -2.075526E-02    -0.0201895 -1.954147E-02 -1.890472E-02    -0.0184135 -1.800151E-02 -1.757082E-02 -1.700954E-02 -1.617686E-02 -1.515672E-02 -1.407185E-02 -1.292642E-02 -1.172498E-02 -1.047239E-02 -9.173849E-03 -7.834789E-03
 -6.460914E-03 -5.058162E-03 -3.632701E-03 -2.190918E-03 -7.393341E-04  7.154822E-04  2.166995E-03  3.608778E-03  5.034582E-03   6.43841E-03  7.642558E-03   8.65652E-03  9.650224E-03  1.045981E-02  1.109696E-02  1.172309E-02  1.233776E-02  1.294054E-02  1.353105E-02  1.410896E-02
     0.0148152  1.576917E-02  1.680496E-02  1.778516E-02  1.870917E-02  1.957685E-02  2.038844E-02  2.190056E-02  2.457457E-02  2.686181E-02             0
             0    -0.0237384 -2.345035E-02 -2.284825E-02 -2.234056E-02 -2.173685E-02 -2.104091E-02 -2.035302E-02 -1.982016E-02 -1.937209E-02 -1.890255E-02 -1.828922E-02 -1.737639E-02 -1.625381E-02 -1.505616E-02    -0.0137883 -1.245558E-02 -1.106381E-02 -9.619175E-03 -8.128166E-03
 -6.597591E-03 -5.034546E-03 -3.446437E-03 -1.840987E-03  -2.26154E-04  1.389956E-03  2.999172E-03   4.59334E-03   6.16441E-03  7.704538E-03     0.0090185  1.011966E-02  1.119293E-02  1.206198E-02  1.274286E-02  1.340875E-02  1.405911E-02  1.469345E-02  1.531135E-02  1.591246E-02
  1.664252E-02     0.0176191  1.866508E-02  1.964106E-02  2.054794E-02  2.138731E-02  2.216124E-02  2.358296E-02  2.599885E-02  2.789541E-02             0
             0     -0.024837 -2.457388E-02 -2.396402E-02 -2.344486E-02 -2.282278E-02 -2.210066E-02 -2.138232E-02 -2.082344E-02    -0.0203522 -1.985711E-02 -1.920886E-02 -1.824095E-02 -1.704625E-02 -1.576789E-02 -1.441148E-02 -1.298324E-02 -1.148983E-02 -9.938244E-03  -8.33577E-03
 -6.689932E-03 -5.008521E-03 -3.299653E-03 -1.571819E-03   1.66165E-04   1.90521E-03  3.636002E-03  5.349037E-03  7.034692E-03  8.683314E-03  1.008512E-02  1.125597E-02  1.239246E-02  1.330806E-02  1.402265E-02  1.471853E-02  1.539499E-02  1.605145E-02  1.668741E-02  1.730251E-02
  1.804501E-02     0.0190287  2.006819E-02  2.102484E-02  2.190169E-02  2.270255E-02  2.343162E-02  2.475483E-02  2.693508E-02  2.853715E-02             0
             0 -2.555317E-02 -2.531981E-02 -2.471345E-02 -2.419262E-02 -2.356401E-02 -2.282945E-02 -2.209419E-02 -2.151968E-02 -2.103397E-02 -2.052243E-02 -1.985114E-02 -1.884581E-02 -1.760093E-02 -1.626574E-02 -1.484673E-02 -1.335099E-02 -1.178594E-02 -1.015925E-02 -8.478697E-03
 -6.752203E-03 -4.987857E-03 -3.194037E-03 -1.379508E-03   4.46587E-04  2.274735E-03  4.095037E-03  5.897178E-03  7.670413E-03  9.403593E-03  1.087506E-02  1.210171E-02  1.328899E-02  1.424184E-02  1.498313E-02  1.570233E-02  1.639849E-02  1.707083E-02  1.771877E-02  1.834189E-02
  1.908956E-02  2.007069E-02  2.109398E-02  2.202369E-02  2.286561E-02  2.362609E-02  2.431152E-02  2.554439E-02  2.753591E-02  2.893257E-02             0
             0 -2.592372E-02 -2.571234E-02 -2.511244E-02 -2.459407E-02 -2.396536E-02 -2.322725E-02 -2.248506E-02 -2.190324E-02 -2.141038E-02 -2.089033E-02 -2.020671E-02 -1.918073E-02 -1.790755E-02 -1.654016E-02    -0.0150858 -1.355225E-02 -1.194744E-02    -0.0102794 -8.556139E-03
 -6.785682E-03 -4.976164E-03 -3.135956E-03 -1.273806E-03  6.011503E-04  2.479373E-03  4.350856E-03  6.205046E-03  8.030742E-03  9.816027E-03  1.133173E-02  1.259456E-02  1.381538E-02     0.0147931  1.555219E-02  1.628678E-02  1.699561E-02  1.767766E-02  1.833218E-02  1.895872E-02
  1.970677E-02  2.068087E-02  2.168667E-02  2.259227E-02  2.340605E-02  2.413642E-02  2.479128E-02  2.596405E-02  2.784336E-02  2.912942E-02             0
             0 -2.608469E-02    -0.0258843 -2.528835E-02    -0.0247719 -2.414406E-02 -2.340528E-02 -2.266066E-02 -2.207592E-02 -2.158002E-02 -2.105624E-02 -2.036711E-02 -1.933167E-02 -1.804544E-02 -1.666323E-02 -1.519273E-02 -1.364204E-02 -1.201934E-02    -0.0103328 -8.590503E-03
 -6.800506E-03 -4.970925E-03 -3.110096E-03 -1.226719E-03  6.701202E-04  2.570919E-03  4.465689E-03  6.343839E-03  8.194049E-03  1.000414E-02  1.154137E-02  1.282215E-02  1.405994E-02  1.505047E-02  1.581882E-02  1.656144E-02  1.727684E-02  1.796377E-02  1.862135E-02  1.924908E-02
  1.999636E-02  2.096515E-02  2.196009E-02  2.285193E-02  2.365055E-02  2.436541E-02  2.500502E-02  2.614863E-02  2.797628E-02  2.921353E-02             0
             0 -2.617224E-02 -2.597823E-02 -2.538475E-02 -2.486962E-02 -2.424256E-02    -0.0235037 -2.275797E-02 -2.217173E-02 -2.167423E-02    -0.0211484 -2.045619E-02 -1.941543E-02 -1.812183E-02 -1.673128E-02 -1.525175E-02 -1.369152E-02 -1.205891E-02 -1.036216E-02 -8.609386E-03
 -6.808645E-03 -4.968038E-03 -3.095871E-03 -1.200806E-03  7.081081E-04  2.621409E-03  4.529134E-03  6.420698E-03  8.284743E-03  1.010898E-02  1.165866E-02  1.294995E-02  1.419784E-02  1.519611E-02  1.597012E-02  1.671768E-02  1.743713E-02  1.812704E-02     0.0187864  1.941464E-02
  2.016106E-02  2.112598E-02  2.211373E-02  2.299693E-02  2.378635E-02      0.024492  2.512275E-02  2.624963E-02     0.0280484     0.0292589             0
             0 -2.621653E-02 -2.602588E-02 -2.543378E-02 -2.491941E-02 -2.429284E-02 -2.355408E-02 -2.280788E-02 -2.222092E-02 -2.172261E-02 -2.119575E-02 -2.050194E-02    -0.0194584 -1.816095E-02 -1.676609E-02    -0.0152819 -1.371677E-02 -1.207909E-02 -1.037712E-02 -8.619004E-03
 -6.812789E-03 -4.966567E-03 -3.088623E-03 -1.187601E-03  7.274791E-04  2.647177E-03  4.561552E-03  6.460031E-03  8.331248E-03  1.016287E-02  1.171913E-02  1.301602E-02  1.426936E-02  1.527189E-02  1.604905E-02  1.679941E-02  1.752117E-02  1.821279E-02  1.887311E-02  1.950153E-02
  2.024726E-02     0.0212097  2.219325E-02  2.307162E-02  2.385601E-02  2.455674E-02     0.0251828  2.630093E-02  2.808484E-02  2.928175E-02             0
