 51            10 
             0    -0.1521011    -0.1588861    -0.1574078    -0.1553213    -0.1523587    -0.1486667    -0.1448837    -0.1419137    -0.1394033    -0.1367645     -0.133312    -0.1281715    -0.1218601     -0.115146    -0.1080615     -0.100638 -9.290458E-02 -8.488683E-02 -7.660384E-02
    -0.0680625 -5.924935E-02 -5.013148E-02 -4.084063E-02 -3.147439E-02 -2.210809E-02 -1.280241E-02 -3.608058E-03  5.431252E-03  1.427706E-02  2.181792E-02  2.813849E-02  3.430438E-02  3.930496E-02  4.322853E-02  4.707266E-02  5.083505E-02     0.0545136  5.810646E-02      0.061612
      0.065883  7.162552E-02  7.782113E-02  8.364522E-02  8.909621E-02  9.417482E-02  9.888358E-02      0.107569      0.122279     0.1306291             0
             0    -0.1544366    -0.1613656    -0.1598857    -0.1577799    -0.1547819    -0.1510386    -0.1471964    -0.1441759    -0.1416206    -0.1389324    -0.1354126    -0.1301659    -0.1237158    -0.1168467     -0.109593    -0.1019874 -9.405978E-02 -8.583671E-02 -7.733911E-02
 -6.857672E-02 -5.953937E-02 -5.019626E-02 -4.067909E-02 -3.108779E-02 -2.149999E-02 -1.197855E-02 -2.576346E-03  6.660736E-03  1.569204E-02  2.338257E-02  2.982228E-02  3.609735E-02  4.118003E-02  4.516435E-02  4.906416E-02  5.287705E-02  5.660089E-02  6.023381E-02  6.377419E-02
  6.808233E-02  7.386366E-02  8.008447E-02  8.591588E-02  9.135769E-02     0.0964122     0.1010837     0.1096725     0.1240707     0.1318831             0
             0    -0.1909444     -0.200343    -0.1989248    -0.1965507    -0.1929992    -0.1884246    -0.1836108    -0.1797643    -0.1764775    -0.1729871    -0.1683765    -0.1614199    -0.1527454    -0.1433973    -0.1334303    -0.1228998    -0.1118594    -0.1003586    -0.0884387
    -0.0761243 -6.341121E-02 -5.026589E-02 -3.689089E-02 -2.344421E-02 -1.005336E-02  3.173276E-03  1.613922E-02  2.875565E-02  4.093928E-02  5.115297E-02  5.958484E-02  6.766619E-02  7.408793E-02  7.905077E-02  8.383364E-02  8.843204E-02  9.284241E-02  9.706219E-02     0.1010898
     0.1058835     0.1120903     0.1184278     0.1240367     0.1289544     0.1332253     0.1368979     0.1431453      0.151086     0.1492067             0
             0    -0.2264935    -0.2400813    -0.2398004    -0.2378773    -0.2344454    -0.2296188    -0.2242227    -0.2197528    -0.2158533    -0.2116348    -0.2059698     -0.197238    -0.1861014    -0.1738999    -0.1607399    -0.1467305    -0.1319744     -0.116561    -0.1005591
 -8.400564E-02 -6.689012E-02 -4.915811E-02 -3.108491E-02 -1.288238E-02  5.276466E-03  2.323721E-02  4.085008E-02  5.796088E-02  7.440647E-02  8.806371E-02  9.921217E-02       0.10973     0.1179124     0.1241254       0.12999     0.1354936     0.1406267     0.1453833     0.1497613
     0.1547627     0.1607934     0.1662792      0.170486     0.1735663      0.175682     0.1769907     0.1782832     0.1756408      0.162584             0
             0    -0.2548542    -0.2739653    -0.2760238    -0.2754381    -0.2730252    -0.2687799    -0.2634054    -0.2586527    -0.2543595    -0.2495768    -0.2429943    -0.2325479    -0.2188636    -0.2036376    -0.1870963     -0.169458    -0.1509096    -0.1315949    -0.1116065
 -9.097462E-02 -6.965207E-02 -4.752492E-02 -2.489695E-02 -1.984304E-03  2.104428E-02  4.403278E-02  6.681032E-02  8.916859E-02     0.1108444     0.1289262     0.1436634     0.1574594     0.1680176     0.1758982     0.1831653     0.1897784     0.1957068     0.2009315     0.2054467
     0.2102137     0.2151145     0.2182779     0.2194159     0.2189717     0.2173598     0.2149337     0.2090137     0.1941043      0.171349             0
             0    -0.2760475    -0.3013717    -0.3067927    -0.3083966    -0.3079528    -0.3052218    -0.3005415    -0.2958536    -0.2913612    -0.2861213    -0.2786508    -0.2663453    -0.2497842    -0.2311873    -0.2110135    -0.1896546     -0.167404     -0.144452    -0.1208891
 -9.670424E-02 -7.177546E-02 -4.588775E-02    -0.0193148   7.78733E-03  3.532575E-02  6.322239E-02  9.137014E-02     0.1195875     0.1475689     0.1714226     0.1911147     0.2096774     0.2238365     0.2342876     0.2437223     0.2520129     0.2590557     0.2647835     0.2691748
     0.2730283     0.2752301     0.2737443     0.2694193     0.2633169     0.2562731     0.2488806     0.2341587      0.207243     0.1769557             0
             0    -0.2882104    -0.3184857    -0.3272016    -0.3312079    -0.3332212    -0.3327059    -0.3293586    -0.3250916    -0.3205983    -0.3150034    -0.3066652    -0.2923923    -0.2728691    -0.2510411    -0.2276616    -0.2032758    -0.1782289    -0.1527007    -0.1267348
    -0.1002507 -7.303942E-02 -4.478426E-02 -1.569957E-02  1.414517E-02  4.476764E-02  7.622277E-02     0.1085557     0.1417455     0.1756262     0.2055022     0.2308364     0.2553415       0.27441     0.2885572     0.3012514     0.3121347     0.3208786     0.3272433     0.3311414
     0.3330576     0.3303658     0.3216353     0.3098962     0.2970373     0.2842267      0.272101     0.2497917     0.2144913     0.1798173             0
             0    -0.2937447    -0.3266379    -0.3373178    -0.3428827     -0.346667    -0.3479768    -0.3459419    -0.3421934    -0.3377967    -0.3319466    -0.3228906     -0.307022    -0.2853386    -0.2613902    -0.2360863    -0.2100084     -0.183483    -0.1566498    -0.1295049
    -0.1019175 -7.362496E-02 -4.425231E-02 -1.397584E-02     0.0171884  4.932826E-02  8.258961E-02     0.1171353     0.1530953     0.1904904     0.2242757     0.2535821      0.282693     0.3060184     0.3236403      0.339668     0.3534301     0.3641947     0.3713115     0.3744719
     0.3738803     0.3657236     0.3502885     0.3326637     0.3150608     0.2985762     0.2836624     0.2571765     0.2177297      0.181053             0
             0    -0.2968231    -0.3312841    -0.3432214    -0.3498406    -0.3549156    -0.3577056    -0.3569173    -0.3537527    -0.3495068    -0.3434184    -0.3336686    -0.3163969    -0.2930478    -0.2676144    -0.2410515    -0.2139184    -0.1865022    -0.1589018    -0.1310759
    -0.1028589 -7.395355E-02 -4.394885E-02 -1.299656E-02  1.892117E-02  5.193749E-02     0.0862591     0.1221321     0.1598021     0.1994522     0.2358839     0.2680355     0.3006988     0.3276474      0.348486     0.3679271      0.385011     0.3984541     0.4067465     0.4087207
     0.4047385     0.3906191     0.3692063      0.346994     0.3260185     0.3070855     0.2903996     0.2613609     0.2195147     0.1817231             0
             0    -0.2984028    -0.3337082    -0.3463568    -0.3536016    -0.3594988    -0.3633451     -0.363631    -0.3610987    -0.3570666    -0.3507198    -0.3402815    -0.3218556    -0.2973551    -0.2709998    -0.2437053    -0.2159842    -0.1880849     -0.160076     -0.131892
    -0.1033466 -7.412314E-02 -4.379077E-02 -1.248758E-02  1.982318E-02  5.330014E-02  8.818507E-02     0.1247738     0.1633853      0.204314     0.2423139     0.2762404     0.3112885     0.3409464     0.3644575     0.3871546      0.408051     0.4254819     0.4365236     0.4357783
     0.4267832     0.4065365     0.3804004     0.3550751     0.3320123     0.3116486     0.2939662     0.2635338     0.2204255     0.1820615             0
