 51            10 
             0 -4.078851E-02 -3.955213E-02 -3.852802E-02 -3.771022E-02 -3.675882E-02 -3.567628E-02 -3.461717E-02 -3.380234E-02 -3.312007E-02 -3.240799E-02    -0.0314814 -3.010972E-02 -2.843362E-02 -2.665524E-02    -0.0247812 -2.281856E-02 -2.077473E-02 -1.865748E-02 -1.647488E-02
 -1.423527E-02 -1.194727E-02 -9.619749E-03 -7.261899E-03 -4.883038E-03 -2.492486E-03 -9.945011E-05  2.287054E-03  4.658284E-03  7.005832E-03  9.032202E-03  1.074754E-02  1.243828E-02  1.382433E-02  1.491996E-02  1.600161E-02  1.706854E-02  1.812006E-02  1.915551E-02  2.017426E-02
  2.142609E-02  2.313147E-02  2.500509E-02  2.679992E-02  2.851311E-02  3.014235E-02     0.0316858  3.459843E-02     0.0399504  4.522343E-02             0
             0 -4.105534E-02     -0.039811 -3.877948E-02 -3.795549E-02 -3.699658E-02 -3.590517E-02 -3.483709E-02    -0.0340152 -3.332694E-02 -3.260851E-02 -3.167355E-02 -3.028926E-02 -2.859743E-02 -2.680205E-02 -2.490985E-02 -2.292795E-02 -2.086392E-02 -1.872565E-02 -1.652134E-02
    -0.0142595 -1.194892E-02 -9.598653E-03 -7.218074E-03 -4.816698E-03 -2.404043E-03  1.048492E-05  2.417674E-03  4.808591E-03  7.174648E-03  9.216041E-03  1.094343E-02  1.264533E-02  1.403992E-02  1.514196E-02  1.622957E-02  1.730203E-02  1.835863E-02     0.0193987  2.042163E-02
  2.167811E-02  2.338883E-02  2.526682E-02  2.706435E-02  2.877868E-02     0.0304076  3.194945E-02  3.485655E-02  4.018489E-02  4.540952E-02             0
             0 -4.521137E-02 -4.385044E-02 -4.270751E-02 -4.178957E-02 -4.071599E-02 -3.948835E-02    -0.0382817 -3.735035E-02 -3.656892E-02 -3.575174E-02 -3.468641E-02 -3.310521E-02 -3.116701E-02 -2.910495E-02 -2.692708E-02 -2.464214E-02 -2.225954E-02 -1.978924E-02 -1.724176E-02
 -1.462805E-02 -1.195955E-02  -9.24815E-03 -6.506275E-03 -3.746619E-03  -9.81957E-04  1.775019E-03  4.511843E-03  7.216407E-03  9.877102E-03  1.215722E-02  1.407572E-02  1.595431E-02  1.748343E-02  1.868608E-02  1.986714E-02  2.102574E-02     0.0221611  2.327249E-02  2.435929E-02
  2.568631E-02  2.747647E-02  2.941657E-02  3.124895E-02     0.0329727  3.458784E-02  3.609515E-02      0.038897  4.381772E-02  4.825604E-02             0
             0 -4.853722E-02 -4.713298E-02 -4.592959E-02 -4.495519E-02 -4.380705E-02 -4.248507E-02    -0.0411774 -4.016361E-02 -3.931065E-02 -3.841634E-02 -3.724756E-02 -3.550688E-02 -3.336455E-02 -3.107754E-02 -2.865526E-02 -2.610816E-02    -0.0234475 -2.068528E-02 -1.783411E-02
 -1.490715E-02 -1.191811E-02 -8.881349E-03 -5.811962E-03 -2.725535E-03  3.620725E-04  3.434887E-03  6.476967E-03  9.472572E-03  1.240636E-02  1.490646E-02  1.699957E-02  1.903742E-02  2.068543E-02  2.197543E-02  2.323583E-02  2.446555E-02  2.566366E-02  2.682936E-02      0.027962
  2.933583E-02  3.116983E-02  3.312843E-02  3.495022E-02  3.663746E-02  3.819368E-02     0.0396234  4.224009E-02     0.0466375  5.030404E-02             0
             0 -5.077793E-02 -4.938649E-02 -4.816727E-02 -4.717124E-02 -4.598799E-02 -4.461523E-02 -4.324778E-02 -4.218253E-02    -0.0412836 -4.033845E-02 -3.910004E-02 -3.724914E-02 -3.496213E-02 -3.251296E-02 -2.991268E-02 -2.717349E-02 -2.430845E-02 -2.133124E-02 -1.825603E-02
    -0.0150974 -1.187042E-02 -8.590797E-03 -5.275151E-03 -1.940762E-03  1.394573E-03  4.712606E-03  7.994707E-03  1.122195E-02  1.437531E-02  1.705335E-02  1.928769E-02     0.0214536  2.319586E-02  2.455402E-02  2.587493E-02  2.715719E-02  2.839963E-02  2.960129E-02     0.0307615
     0.0321594  3.400587E-02  3.594873E-02  3.772863E-02  3.935232E-02  4.082802E-02  4.216465E-02  4.457808E-02     0.0484952  5.157673E-02             0
             0 -5.224207E-02    -0.0508883 -4.967751E-02 -4.868009E-02 -4.748596E-02 -4.609028E-02 -4.469025E-02 -4.359432E-02 -4.266673E-02 -4.168875E-02 -4.040406E-02 -3.847761E-02 -3.608885E-02 -3.352426E-02 -3.079684E-02 -2.792068E-02    -0.0249105 -2.178131E-02 -1.854828E-02
 -1.522672E-02 -1.183224E-02 -8.380967E-03 -4.890021E-03 -1.377256E-03  2.138764E-03   5.63871E-03  9.102394E-03  1.250869E-02  1.583554E-02  1.865704E-02  2.100655E-02  2.327752E-02  2.509688E-02  2.651027E-02     0.0278793  2.920202E-02  3.047683E-02  3.170254E-02  3.287837E-02
  3.428543E-02  3.612397E-02     0.0380299  3.975077E-02  4.129932E-02  4.268929E-02  4.393418E-02  4.615919E-02  4.968942E-02  5.236137E-02             0
             0 -5.300101E-02 -5.168145E-02 -5.048566E-02 -4.949523E-02 -4.830321E-02 -4.690259E-02 -4.549009E-02 -4.438015E-02 -4.343844E-02 -4.244336E-02 -4.113362E-02 -3.916468E-02    -0.0367174 -3.408622E-02 -3.128596E-02    -0.0283322 -2.524073E-02 -2.202729E-02 -1.870745E-02
    -0.0152967 -1.181062E-02 -8.265276E-03 -4.677651E-03 -1.065501E-03  2.552659E-03  6.157415E-03  9.728242E-03  1.324325E-02  1.667895E-02  1.959374E-02  2.202017E-02  2.436299E-02  2.623595E-02  2.768783E-02  2.909014E-02  3.044013E-02  3.173554E-02  3.297476E-02  3.415687E-02
  3.556297E-02  3.738323E-02  3.924787E-02  4.091394E-02  4.240016E-02  4.372473E-02  4.490423E-02  4.700229E-02     0.0503013  5.275213E-02             0
             0     -0.053331 -5.202959E-02 -5.084302E-02 -4.985776E-02 -4.866901E-02 -4.726857E-02 -4.585228E-02 -4.473693E-02 -4.378932E-02 -4.278669E-02 -4.146552E-02    -0.0394767 -3.700185E-02 -3.433955E-02 -3.150564E-02 -2.851642E-02 -2.538817E-02 -2.213689E-02 -1.877826E-02
 -1.532778E-02 -1.180095E-02 -8.213707E-03 -4.582907E-03 -9.261505E-04  2.738193E-03  6.390825E-03  1.001125E-02  1.357747E-02  1.706562E-02  2.002665E-02  2.249218E-02  2.487257E-02  2.677439E-02  2.824735E-02  2.966808E-02  3.103314E-02  3.233962E-02  3.358538E-02  3.476934E-02
  3.617215E-02  3.797777E-02  3.981539E-02  4.144904E-02  4.290086E-02  4.419114E-02  4.533768E-02  4.737372E-02  5.056598E-02  5.291912E-02             0
             0 -5.351054E-02 -5.221993E-02 -5.103919E-02 -5.005743E-02 -4.887128E-02 -4.747183E-02 -4.605418E-02 -4.493621E-02 -4.398548E-02 -4.297868E-02 -4.165101E-02 -3.965072E-02 -3.716004E-02 -3.448004E-02 -3.162717E-02 -2.861814E-02 -2.546945E-02 -2.219724E-02 -1.881722E-02
 -1.534487E-02 -1.179562E-02 -8.185325E-03 -4.530732E-03 -8.493333E-04  2.840622E-03  6.519944E-03  1.016823E-02  1.376348E-02  1.728176E-02  2.026984E-02  2.275865E-02  2.516193E-02  2.708184E-02  2.856828E-02  3.000105E-02     0.0313761     0.0326899     0.0339397  3.512412E-02
  3.652341E-02  3.831755E-02     0.0401365  4.174924E-02  4.317981E-02  4.444956E-02     0.0455768  4.757711E-02  5.070963E-02  5.300922E-02             0
             0    -0.0536014 -5.231657E-02 -5.113907E-02 -5.015933E-02 -4.897482E-02 -4.757628E-02    -0.0461583 -4.503919E-02 -4.408694E-02 -4.307799E-02 -4.174685E-02 -3.974041E-02 -3.724133E-02 -3.455206E-02 -3.168935E-02 -2.867011E-02 -2.551094E-02 -2.222801E-02 -1.883708E-02
 -1.535357E-02 -1.179291E-02  -8.17086E-03 -4.504131E-03 -8.101411E-04  2.892932E-03  6.585973E-03  1.024864E-02      0.013859     0.0173931  2.039558E-02  2.289698E-02  2.531292E-02  2.724315E-02  2.873751E-02  3.017759E-02  3.155897E-02  3.287756E-02  3.412991E-02  3.531403E-02
  3.671012E-02  3.849622E-02  4.030369E-02  4.190441E-02  4.332324E-02  4.458191E-02     0.0456989  4.768047E-02  5.078221E-02  5.305459E-02             0
