 51            10 
             0    -0.2560959    -0.2470257    -0.2398508    -0.2342002    -0.2276901    -0.2203276    -0.2131483    -0.2076319    -0.2030149    -0.1981971    -0.1919284    -0.1826483    -0.1713112    -0.1592936    -0.1466545    -0.1334555    -0.1197579    -0.1056316 -9.116638E-02
 -7.649893E-02 -6.183076E-02 -4.496671E-02 -2.801936E-02    -0.0110812  5.764464E-03  2.244611E-02     0.0389002  5.506705E-02  7.088861E-02  8.438063E-02  9.569212E-02     0.1067286     0.1156795     0.1227022     0.1295822     0.1363153     0.1428981     0.1493281     0.1556039
     0.1632552     0.1735608     0.1847135     0.1952323     0.2051041     0.2143109     0.2228507     0.2386125     0.2655553     0.2882697             0
             0    -0.2612263     -0.252106    -0.2448567    -0.2391528    -0.2325877    -0.2251508    -0.2178807    -0.2122825    -0.2075899    -0.2026853     -0.196293    -0.1868065    -0.1751855    -0.1628446    -0.1498639    -0.1363188    -0.1222453    -0.1077018 -9.277938E-02
 -7.762618E-02 -6.248012E-02 -4.538728E-02 -2.795237E-02 -1.056591E-02  6.668245E-03  2.369709E-02  4.047829E-02  5.696405E-02  7.309821E-02  8.685371E-02  9.838027E-02     0.1096163     0.1187156     0.1258448     0.1328167     0.1396248     0.1462636      0.152729     0.1590196
     0.1666718     0.1770207     0.1882243     0.1988233     0.2087836     0.2179949     0.2264873     0.2420921     0.2684494     0.2901767             0
             0    -0.3391263    -0.3295466    -0.3213986    -0.3147871    -0.3069495    -0.2978169    -0.2886494    -0.2814585    -0.2753608    -0.2689176    -0.2604333    -0.2476633    -0.2317622    -0.2146477    -0.1964527     -0.177311    -0.1573025    -0.1365385     -0.115176
 -9.345162E-02 -7.173008E-02 -4.724014E-02 -2.230624E-02  2.486409E-03      0.026961  5.100951E-02  7.453408E-02  9.742371E-02     0.1195509     0.1381241     0.1534686     0.1681803     0.1798675     0.1888937      0.197583     0.2059245     0.2139091     0.2215308     0.2287879
     0.2374132      0.248646     0.2601727     0.2704407     0.2795033     0.2873265     0.2940193     0.3053625     0.3197849     0.3239917             0
             0    -0.4160986    -0.4100891    -0.4034869    -0.3975833    -0.3899702    -0.3804165    -0.3701868    -0.3618197    -0.3545464    -0.3466871    -0.3361296    -0.3198255    -0.2989749    -0.2761096    -0.2515014    -0.2254305    -0.1980833     -0.169667     -0.140428
    -0.1107019 -8.098599E-02 -4.750041E-02 -1.339101E-02  2.056721E-02  5.414621E-02  8.719477E-02     0.1195526     0.1510125     0.1813111     0.2065333     0.2271543     0.2466287     0.2617805     0.2732781     0.2841161     0.2942648     0.3037013     0.3124112     0.3203898
     0.3294624     0.3403932     0.3503463     0.3579529     0.3635624     0.3673703     0.3696738     0.3718244     0.3665835     0.3502739             0
             0    -0.4785449    -0.4808156    -0.4791006    -0.4762774    -0.4712488    -0.4634172    -0.4536126    -0.4448468    -0.4368509    -0.4278541    -0.4153574    -0.3952971    -0.3687733    -0.3391918    -0.3071719     -0.273311    -0.2379913    -0.2015455    -0.1642937
    -0.1266204 -8.908209E-02 -4.683586E-02 -3.727518E-03  3.940189E-02  8.238962E-02     0.1251484     0.1675432     0.2093212     0.2500715     0.2843106     0.3123637     0.3387403      0.358974     0.3740706      0.387956     0.4005234      0.411688     0.4213946     0.4296241
     0.4380921     0.4463564     0.4511821     0.4521559     0.4504537     0.4467921     0.4417879     0.4300614     0.4017701     0.3675273             0
             0    -0.5260728    -0.5403684    -0.5471414    -0.5503142    -0.5511368    -0.5482682    -0.5411776    -0.5330833    -0.5248491    -0.5148055    -0.5000172    -0.4749123    -0.4406115    -0.4021982     -0.361034    -0.3182358    -0.2744025    -0.2299244    -0.1850881
    -0.1402048 -9.575945E-02     -0.045853  5.185722E-03  5.662249E-02     0.1085359     0.1611088     0.2144754     0.2686099     0.3232161      0.370788     0.4107812     0.4491812     0.4789334     0.5010232      0.520956     0.5382843     0.5526084     0.5636408     0.5712718
     0.5766863     0.5765249      0.568278     0.5548778     0.5394496     0.5235143     0.5078909     0.4781548     0.4268261     0.3785729             0
             0    -0.5538685    -0.5794943    -0.5960934    -0.6072134    -0.6171438    -0.6236593     -0.623288    -0.6178834    -0.6101936    -0.5988935    -0.5805134    -0.5473735    -0.5020661    -0.4528108    -0.4018581    -0.3506196    -0.2995826    -0.2489098    -0.1986451
    -0.1488813 -9.992488E-02 -4.508433E-02  1.110298E-02  6.810577E-02     0.1263336     0.1863978     0.2489895     0.3148016     0.3844293     0.4489312     0.5062367     0.5647427     0.6129863     0.6500583     0.6842174     0.7136818     0.7364221     0.7505741     0.7552113
     0.7502016     0.7264178     0.6890267     0.6496921     0.6137353     0.5823114     0.5551962     0.5085707     0.4406769     0.3842128             0
             0    -0.5666441    -0.5987456    -0.6218846    -0.6390332    -0.6571476    -0.6742442    -0.6842901    -0.6847779     -0.679117    -0.6654623    -0.6407757    -0.5966087     -0.539959    -0.4817056    -0.4238477    -0.3673356     -0.312187    -0.2582071    -0.2051819
     -0.153019     -0.101891 -4.469511E-02  1.395955E-02      0.073675     0.1350736     0.1990678     0.2667958     0.3396433     0.4193124     0.4967845      0.569246     0.6483953     0.7195981     0.7781902       0.83634     0.8901601     0.9332175     0.9565217     0.9519343
     0.9210769     0.8536814     0.7770416     0.7105922     0.6569908     0.6141695     0.5795844     0.5231093     0.4468741     0.3866487             0
             0    -0.5737883    -0.6099254    -0.6375375    -0.6592295    -0.6844437    -0.7130076    -0.7394631    -0.7555469      -0.76037     -0.736048    -0.6955321     -0.634609    -0.5660579    -0.5002421    -0.4373342    -0.3772949    -0.3195548     -0.263573    -0.2089224
    -0.1553729     -0.103004 -4.446826E-02  1.559262E-02  7.686768E-02     0.1401182     0.2064616      0.277361     0.3547521     0.4413238     0.5285356     0.6135393     0.7120811     0.8088349     0.8953556     0.9910407      1.093024      1.190841      1.255111       1.21029
      1.110783     0.9691226     0.8451968     0.7528682     0.6848749     0.6337267      0.594101     0.5314037      0.450293     0.3879697             0
             0    -0.5774677    -0.6158394    -0.6461244    -0.6708037    -0.7014689    -0.7416455    -0.7955276    -0.8679138    -0.9914104    -0.8483198    -0.7513798    -0.6628487    -0.5824569    -0.5109487    -0.4447841    -0.3826599    -0.3234647    -0.2663938    -0.2108769
     -0.156598    -0.1035814 -4.434858E-02  1.644489E-02  7.853719E-02     0.1427684     0.2103761     0.2830223     0.3630015     0.4537071     0.5472155      0.641113     0.7552912     0.8767912     0.9958887      1.147076      1.347526       1.62745       2.04245      1.651735
      1.333562      1.068026     0.8928338     0.7790335     0.7009261     0.6445121     0.6019112     0.5357322     0.4520384     0.3886369             0
