 51            10 
             0    -0.2561633    -0.2470891    -0.2399114    -0.2342601    -0.2277511    -0.2203898    -0.2132114    -0.2076954    -0.2030785    -0.1982605     -0.191991     -0.182709    -0.1713681    -0.1593457    -0.1467022    -0.1334995    -0.1197947    -0.1056527 -9.115494E-02
 -7.643412E-02 -6.192658E-02 -4.736005E-02    -0.0296706    -0.0122688  4.845794E-03  2.166707E-02  3.817555E-02  5.433575E-02     0.0700967     0.0834814  9.465449E-02     0.1054904     0.1142031     0.1209854     0.1275628     0.1339165     0.1400248      0.145863     0.1514028
     0.1579151     0.1676118     0.1783611     0.1896177     0.2014347     0.2118906     0.2212249     0.2379702     0.2655023      0.288245             0
             0    -0.2613296    -0.2522091     -0.244948     -0.239244    -0.2326936    -0.2252697    -0.2180094    -0.2124176    -0.2077294    -0.2028281    -0.1964377    -0.1869473    -0.1753148    -0.1629537    -0.1499595     -0.136424      -0.12235     -0.107787 -9.281912E-02
 -7.758403E-02 -6.245297E-02 -4.608637E-02 -2.811423E-02 -1.070625E-02  6.447625E-03  2.337956E-02  4.008514E-02     0.0565262     0.0726436  8.640244E-02  9.794142E-02     0.1091985      0.118321     0.1254695     0.1324588     0.1392805     0.1459257     0.1523773     0.1585976
       0.16598     0.1765916     0.1877792     0.1985739     0.2086959     0.2179132     0.2264159      0.242065     0.2684986     0.2902986             0
             0    -0.3392707    -0.3296999    -0.3215444    -0.3149365    -0.3071201    -0.2980072    -0.2888548    -0.2816738    -0.2755829    -0.2691448    -0.2606635    -0.2478877    -0.2319682    -0.2148218    -0.1966035    -0.1774715    -0.1574593    -0.1366662    -0.1152391
 -9.340072E-02 -7.170747E-02 -4.826279E-02 -2.257054E-02  2.241061E-03  2.659096E-02  5.049322E-02     0.0739038      0.096725     0.1188248     0.1374004     0.1527611     0.1675017     0.1792217     0.1882759      0.196992     0.2053566     0.2133578     0.2209759     0.2281696
     0.2365193     0.2480634     0.2596321     0.2701186     0.2793598     0.2872074     0.2939267     0.3053415     0.3198863     0.3241414             0
             0     -0.416334     -0.410381    -0.4038059    -0.3979245    -0.3903528    -0.3808393      -0.37064    -0.3622908    -0.3550288    -0.3471768    -0.3366214    -0.3203017    -0.2994085    -0.2764786    -0.2518125     -0.225734    -0.1983661    -0.1698992     -0.140567
    -0.1106887 -8.102882E-02 -4.900731E-02    -0.0138919  2.006368E-02  5.344165E-02  8.625487E-02     0.1184165     0.1497383     0.1799529      0.205138     0.2257483      0.245233     0.2604098     0.2719334     0.2828001     0.2929779     0.3024425     0.3111674     0.3191107
     0.3279583     0.3392873     0.3494407     0.3573442     0.3631748     0.3670698     0.3694484     0.3717416     0.3667133     0.3504471             0
             0    -0.4789256    -0.4813898    -0.4798158    -0.4770817     -0.472165    -0.4644433    -0.4547175    -0.4459918    -0.4380168    -0.4290278     -0.416522     -0.396405     -0.369758    -0.3400172    -0.3078392    -0.2739048      -0.23851    -0.2019641    -0.1645715
    -0.1266987 -8.924501E-02 -4.889003E-02 -4.554227E-03  3.852711E-02  8.120377E-02      0.123588     0.1656347     0.2071139       0.24761      0.281656     0.3095646     0.3358245     0.3559912     0.3710516     0.3849178      0.397484     0.4086704     0.4184184     0.4266839
     0.4351009     0.4439422     0.4493541     0.4508409     0.4494863     0.4460761     0.4412652     0.4298388      0.401901     0.3677153             0
             0    -0.5266377    -0.5413983    -0.5485825    -0.5520303    -0.5531794    -0.5506474    -0.5437975     -0.535813    -0.5276237    -0.5175769    -0.5027233    -0.4774058    -0.4427306    -0.4039026    -0.3623371    -0.3193037    -0.2752753    -0.2306043    -0.1855525
    -0.1404086 -9.606583E-02 -4.843417E-02  4.010956E-03  5.533512E-02      0.106797     0.1587993     0.2115683      0.265088     0.3190372     0.3659706     0.4053774     0.4431706     0.4724326     0.4941604     0.5137823     0.5308788     0.5450917     0.5561712      0.564027
     0.5699326        0.5709     0.5642837     0.5520411     0.5373353     0.5220428     0.5068666     0.4777298     0.4269422     0.3787695             0
             0    -0.5545909    -0.5810209    -0.5984603    -0.6102136     -0.620958     -0.628412    -0.6287853    -0.6237194    -0.6161425    -0.6047812     -0.586116    -0.5522562    -0.5059327     -0.455728    -0.4039491    -0.3522164    -0.3008153    -0.2498349    -0.1992742
    -0.1491925     -0.100342 -4.802619E-02     0.0096746  6.650516E-02     0.1241537     0.1834498     0.2451535     0.3099163     0.3782221     0.4411915     0.4968661     0.5533835     0.5996922     0.6351299     0.6676677     0.6956966     0.7174612     0.7314247     0.7369264
     0.7343515     0.7138439     0.6808351     0.6443154     0.6099275     0.5798519     0.5535815     0.5079529     0.4407765     0.3844136             0
             0    -0.5674519    -0.6005818    -0.6249041    -0.6430289     -0.662519    -0.6814144    -0.6931344    -0.6944113    -0.6889163    -0.6751511     -0.649731     -0.603905    -0.5453457    -0.4855534    -0.4264841     -0.369269    -0.3136343    -0.2592713    -0.2059011
    -0.1533876    -0.1023648    -0.0478131  1.240427E-02  7.191423E-02     0.1326616     0.1957698     0.2624207     0.3339034     0.4116986     0.4867617     0.5563909     0.6316389     0.6984181     0.7527711     0.8060488     0.8547273     0.8933455     0.9147885     0.9133355
     0.8906713      0.832262     0.7643283     0.7029233     0.6518209     0.6109954     0.5775778     0.5223805     0.4469644     0.3868512             0
             0    -0.5746477    -0.6119637    -0.6410167    -0.6639768    -0.6911193    -0.7225016    -0.7519091    -0.7685938    -0.7710462    -0.7491516    -0.7080896    -0.6442195    -0.5727131      -0.50479    -0.4403515     -0.379451    -0.3211387    -0.2647233    -0.2096961
    -0.1557758    -0.1035109 -4.768747E-02  1.396359E-02     0.0750128     0.1375676       0.20295     0.2726466     0.3484496     0.4327249     0.5167819     0.5978048     0.6903257     0.7793039     0.8573796     0.9416718      1.028767      1.109058      1.159563      1.130347
      1.057289     0.9374878     0.8281178     0.7433038     0.6786652     0.6300436     0.5918293     0.5306054     0.4503776     0.3881732             0
             0    -0.5783551    -0.6179933    -0.6498842    -0.6760414    -0.7090932    -0.7530572    -0.8102431    -0.8703375    -0.9167483       -0.8508    -0.7662054    -0.6743668    -0.5900337     -0.515953    -0.4480326    -0.3849449    -0.3251252    -0.2675914    -0.2116802
    -0.1570193    -0.1041059 -4.762078E-02  1.477698E-02  7.663233E-02     0.1401435      0.206748     0.2781185     0.3563743       0.44451     0.5343335     0.6233372     0.7295376     0.8394526     0.9441926      1.072087      1.232484        1.4389      1.709453      1.464404
      1.241648      1.025528     0.8720851     0.7681345     0.6940382     0.6405165     0.5994838     0.5348954       0.45212     0.3888408             0
