 51            10 
             0     -0.115224    -0.1189234    -0.1166767    -0.1142096    -0.1109453    -0.1069972    -0.1030119 -9.990379E-02 -9.728489E-02 -9.453867E-02    -0.0909526 -8.562457E-02 -7.909582E-02 -7.215971E-02 -6.484805E-02 -5.719178E-02 -4.922005E-02    -0.0409587    -0.0324271
 -2.363254E-02 -1.456186E-02 -5.182255E-03  4.374109E-03  1.400892E-02  2.364596E-02  3.322358E-02  4.269008E-02  5.200075E-02  6.111613E-02  6.889048E-02  7.540919E-02  8.177084E-02  8.693224E-02  9.098312E-02     0.0949531  9.883975E-02     0.1026409     0.1063546      0.109979
     0.1143962     0.1203378     0.1267516     0.1327837     0.1384315     0.1436945     0.1485738     0.1575689     0.1726954     0.1793704             0
             0    -0.1175644    -0.1214097     -0.119162    -0.1166761    -0.1133766    -0.1093774    -0.1053328    -0.1021741 -9.951023E-02 -9.671454E-02 -9.306092E-02 -8.762638E-02 -8.095828E-02 -7.386664E-02 -6.638501E-02 -5.854579E-02    -0.0503789 -4.191118E-02 -3.316386E-02
 -2.414704E-02 -1.485087E-02 -5.244653E-03  4.539429E-03  1.440066E-02     0.0242605  3.405511E-02  4.373058E-02  5.324004E-02  6.254184E-02  7.046655E-02  7.710494E-02  8.357625E-02  8.882012E-02      0.092932  9.695788E-02     0.1008952     0.1047419     0.1084957     0.1121552
     0.1166096     0.1225902     0.1290293     0.1350687     0.1407073     0.1459462     0.1507881     0.1596861     0.1744996     0.1806341             0
             0     -0.154209    -0.1605456    -0.1583641    -0.1556108     -0.151757    -0.1469236    -0.1419035    -0.1379153    -0.1345167    -0.1309151    -0.1261657    -0.1190133    -0.1101103     -0.100528 -9.031997E-02 -7.954175E-02 -6.824701E-02 -5.648557E-02 -4.429913E-02
 -3.171286E-02 -1.872296E-02 -5.296148E-03  8.364329E-03  2.209951E-02  3.578075E-02  4.929847E-02  6.255501E-02  7.546031E-02  8.792995E-02  9.839038E-02      0.107031     0.1153178     0.1219077     0.1270033     0.1319171     0.1366443     0.1411815     0.1455258     0.1496757
     0.1546191     0.1610288     0.1675873     0.1734055     0.1785198     0.1829735     0.1868139     0.1933636     0.2016945     0.1980845             0
             0    -0.1898773    -0.2004246    -0.1993859    -0.1970855    -0.1933513    -0.1882646    -0.1826595     -0.178045    -0.1740311    -0.1696984    -0.1638903    -0.1549557    -0.1435812    -0.1311346    -0.1177214    -0.1034509 -8.842605E-02 -7.273658E-02 -5.645189E-02
 -3.960949E-02    -0.0221995 -4.167874E-03  1.420926E-02  3.271885E-02  5.118656E-02  6.945657E-02  8.737765E-02     0.1047942     0.1215416     0.1354582     0.1468254     0.1575578     0.1659151     0.1722657     0.1782657      0.183902     0.1891652     0.1940492     0.1985517
     0.2037052     0.2099406     0.2156475     0.2200619     0.2233355     0.2256295     0.2271003     0.2286818     0.2263945     0.2115538             0
             0    -0.2183226    -0.2344106    -0.2357164    -0.2347556    -0.2320414    -0.2275355    -0.2219505    -0.2170515    -0.2126421    -0.2077432    -0.2010147    -0.1903604    -0.1764312    -0.1609518    -0.1441481    -0.1262384      -0.10741 -8.780731E-02 -6.752344E-02
 -4.658929E-02 -2.495841E-02 -2.517303E-03  2.042927E-02  4.366386E-02  6.701628E-02  9.032891E-02     0.1134292     0.1361072      0.158098     0.1764498     0.1914141     0.2054322     0.2161707     0.2241929     0.2315987     0.2383475     0.2444085     0.2497625     0.2544037
     0.2593238     0.2644296     0.2678126      0.269155     0.2688995     0.2674601     0.2651896     0.2595443     0.2449567     0.2203765             0
             0    -0.2395729    -0.2618869    -0.2665595    -0.2677902    -0.2670462    -0.2640547    -0.2591631    -0.2543278    -0.2497181    -0.2443607    -0.2367421    -0.2242252    -0.2074144    -0.1885582    -0.1681153    -0.1464778    -0.1239391    -0.1006904 -7.682292E-02
 -5.232628E-02 -2.707915E-02 -8.670993E-04  2.603515E-02  5.347018E-02  8.134354E-02     0.1095754     0.1380569     0.1666048     0.1949112     0.2190432     0.2389688     0.2577594      0.272103     0.2826986     0.2922746      0.300703     0.3078802     0.3137385     0.3182566
     0.3222637     0.3246702     0.3234019      0.319278     0.3133598     0.3064833     0.2992404     0.2847809     0.2581601      0.226019             0
             0    -0.2517659    -0.2790383    -0.2870082    -0.2906426    -0.2923564    -0.2915807    -0.2880219     -0.283607    -0.2789959    -0.2732827    -0.2647954    -0.2503093    -0.2305336    -0.2084431    -0.1847909    -0.1601223     -0.134783    -0.1089534 -8.267783E-02
 -5.587662E-02 -2.834153E-02  2.437169E-04  2.966365E-02  5.984741E-02  9.081104E-02     0.1226077     0.1552807      0.188807     0.2230188     0.2531779     0.2787494     0.3034856     0.3227411     0.3370346     0.3498716     0.3608939      0.369773      0.376269     0.3802943
     0.3823642     0.3798767     0.3713623     0.3598218     0.3471443     0.3344975     0.3225178     0.3004631     0.2654419     0.2288985             0
             0    -0.2573134    -0.2872069    -0.2971419    -0.3023356    -0.3058207    -0.3068703    -0.3046236    -0.3007271    -0.2962123    -0.2902437    -0.2810381    -0.2649554    -0.2430183    -0.2188061    -0.1932279    -0.1668653    -0.1400455    -0.1129088 -8.545201E-02
 -5.754514E-02 -2.892633E-02  7.789554E-04  3.139333E-02  6.289931E-02  9.538314E-02     0.1289889     0.1638775     0.2001768     0.2379057     0.2719762     0.3015216     0.3308653     0.3543788     0.3721477     0.3883188     0.4022205     0.4131208     0.4203692     0.4236569
     0.4232191     0.4152663     0.4000466     0.3826195     0.3651964     0.3488741     0.3341045     0.3078697     0.2686949     0.2301419             0
             0    -0.2603989    -0.2918621    -0.3030552    -0.3093033    -0.3140794    -0.3166093    -0.3156092    -0.3122964    -0.3079324    -0.3017252    -0.2918256    -0.2743394    -0.2507359    -0.2250379    -0.1981997     -0.170781    -0.1430693    -0.1151643 -8.702528E-02
 -5.848749E-02 -2.925452E-02  1.084238E-03  3.237588E-02  6.463687E-02     0.0979987     0.1326663     0.1688837     0.2068947       0.24688     0.2835982     0.3159897     0.3488867      0.376024       0.39701      0.416595     0.4338188     0.4473978     0.4558219     0.4579235
     0.4540953     0.4401796     0.4189816     0.3969663       0.37617     0.3573982     0.3408556      0.312066     0.2704879     0.2308161             0
             0    -0.2619823    -0.2942908    -0.3061955    -0.3130694    -0.3186678     -0.322254     -0.322328    -0.3196476    -0.3154972    -0.3090316    -0.2984434    -0.2798027    -0.2550476    -0.2284272     -0.200857    -0.1728498    -0.1446544    -0.1163402 -8.784252E-02
 -5.897567E-02    -0.0294239  1.243241E-03  3.288654E-02  6.554133E-02  9.936459E-02     0.1345963     0.1715303     0.2104835     0.2517482     0.2900352     0.3242022     0.3594844     0.3893313     0.4129902     0.4358312     0.4568677     0.4744346     0.4856082     0.4849904
     0.4761491     0.4561061     0.4301845     0.4050559     0.3821718     0.3619689     0.3444293      0.314245     0.2714027     0.2311566             0
