 51            10 
             0     -0.227183    -0.2204488     -0.214768    -0.2102212    -0.2049254    -0.1988944    -0.1929879    -0.1884394    -0.1846282    -0.1806474    -0.1754632    -0.1677791    -0.1583742    -0.1496327    -0.1416583    -0.1332645    -0.1208126     -0.107057 -9.318482E-02
 -7.846701E-02 -6.324396E-02 -4.755739E-02    -0.0315049 -1.528204E-02  1.195558E-03  1.794648E-02  3.494278E-02     0.0511973  6.638815E-02  7.954147E-02  9.059335E-02     0.1013715     0.1101292     0.1170429     0.1239047     0.1307384     0.1375396     0.1443374     0.1507094
     0.1580662     0.1684453      0.179682     0.1900777     0.2001866     0.2099055     0.2190574     0.2362522     0.2642449     0.2878239             0
             0    -0.2303136    -0.2235767    -0.2178761    -0.2133079    -0.2079809    -0.2019064    -0.1959491    -0.1913561    -0.1875041    -0.1834769    -0.1782267    -0.1704308    -0.1608607    -0.1519302    -0.1437249    -0.1350049    -0.1222192    -0.1081225    -0.0938827
    -0.0787474 -6.307137E-02    -0.0469149 -3.039549E-02 -1.371422E-02  3.203442E-03  2.036629E-02  3.775922E-02  5.437212E-02  6.990405E-02  8.336144E-02  9.467434E-02     0.1057094     0.1146721     0.1217417     0.1287497     0.1357164     0.1426382     0.1495456     0.1560111
     0.1634803     0.1739706      0.185272     0.1956881     0.2057581     0.2153377     0.2242451     0.2408561     0.2679035     0.2901344             0
             0    -0.2798422    -0.2733513    -0.2675601    -0.2628316    -0.2572238    -0.2507267    -0.2442563    -0.2392111    -0.2349484    -0.2304586    -0.2245623    -0.2157099    -0.2046825    -0.1942395    -0.1844895    -0.1739604    -0.1565589    -0.1367567    -0.1165179
 -9.489953E-02 -7.246753E-02 -4.934914E-02 -2.574536E-02 -1.975569E-03  2.203298E-02  4.625679E-02  7.063044E-02  9.370691E-02     0.1150231     0.1332242     0.1483227       0.16282     0.1743784     0.1833691     0.1921473     0.2007334     0.2091173     0.2173316     0.2248756
     0.2333983     0.2449553     0.2568014     0.2671014     0.2764429     0.2847487     0.2919396      0.304393     0.3199188     0.3241639             0
             0    -0.3223925     -0.317541    -0.3126693    -0.3085457    -0.3035052    -0.2975086    -0.2913939    -0.2865489    -0.2824143    -0.2780181    -0.2721925    -0.2633347    -0.2521237    -0.2413418    -0.2311314     -0.219918    -0.1973659     -0.170669    -0.1430818
    -0.1135256 -8.284731E-02 -5.124325E-02 -1.898582E-02  1.350034E-02  4.632461E-02  7.945179E-02     0.1127707     0.1442583     0.1732165     0.1977398      0.217883     0.2369556      0.251874      0.263294     0.2742366       0.28471     0.2946869     0.3041935     0.3126634
      0.321885     0.3336096     0.3444896     0.3528098     0.3592344     0.3638981     0.3669792     0.3705889     0.3672051     0.3505796             0
             0    -0.3527171    -0.3502921    -0.3469779    -0.3439599    -0.3400562    -0.3351919    -0.3300391    -0.3258604     -0.322248     -0.318365    -0.3131734    -0.3052011    -0.2950359    -0.2852349    -0.2760616    -0.2660421    -0.2384826    -0.2045348    -0.1693134
    -0.1316964 -9.281443E-02 -5.287419E-02    -0.0121294  2.899447E-02     0.0707491     0.1131868       0.15624     0.1972851     0.2353712     0.2677967     0.2944256     0.3194972     0.3388444     0.3534369     0.3671377     0.3799011     0.3916474     0.4023718     0.4114528
     0.4207096     0.4309896     0.4383779     0.4419057     0.4424829     0.4407197     0.4372521     0.4279294     0.4026293     0.3679107             0
             0    -0.3734257    -0.3736579    -0.3721945     -0.370537    -0.3680726    -0.3646654     -0.360751    -0.3574241    -0.3544773      -0.35125    -0.3468796    -0.3401116    -0.3315552    -0.3235392    -0.3166538    -0.3097737    -0.2772992     -0.235914    -0.1931928
    -0.1480037    -0.1016929 -5.437263E-02    -0.0061516     0.0426854  9.267208E-02     0.1441103     0.1971697     0.2487469     0.2977861     0.3405448     0.3762078      0.410145     0.4363642     0.4559805     0.4740693     0.4903871     0.5046682     0.5167819     0.5260451
     0.5341714      0.539861     0.5390511     0.5331503      0.523739     0.5122453     0.4998712     0.4745409     0.4277346     0.3789988             0
             0    -0.3845327     -0.386792    -0.3868972    -0.3864574    -0.3853436    -0.3833381    -0.3805837    -0.3779927    -0.3755742    -0.3728175    -0.3689847    -0.3629605    -0.3555198     -0.349015     -0.344542    -0.3414922    -0.3050373    -0.2576982    -0.2093717
    -0.1588534    -0.1075526 -5.541525E-02 -2.348386E-03     0.0515673     0.1071842     0.1651462     0.2260362     0.2866364      0.346217     0.4002597     0.4468591     0.4927542     0.5293004     0.5569723     0.5824908     0.6049953     0.6235685     0.6375605     0.6461279
     0.6508539     0.6460347      0.629836     0.6092642     0.5867203     0.5641958     0.5429695     0.5034707     0.4415423      0.384657             0
             0    -0.3894386    -0.3927487    -0.3937361    -0.3940235    -0.3937753    -0.3927356    -0.3908143    -0.3887173    -0.3866017    -0.3840428    -0.3803566    -0.3744666     -0.367367    -0.3615482    -0.3584559    -0.3578363    -0.3191324    -0.2685498    -0.2173096
    -0.1641195    -0.1103825 -5.593041E-02 -5.442295E-04      0.055823     0.1142154     0.1755016     0.2405705     0.3062795     0.3723514     0.4341014     0.4889455     0.5449705     0.5915307     0.6278114     0.6621106     0.6926174     0.7170915     0.7334662     0.7402197
     0.7394956     0.7204323     0.6874821     0.6537766     0.6211966     0.5912333     0.5646057     0.5171492     0.4477039        0.3871             0
             0    -0.3921286    -0.3960625    -0.3976003    -0.3983632    -0.3987176    -0.3984128    -0.3972012    -0.3955441    -0.3936631    -0.3911602    -0.3874064    -0.3813714    -0.3743067    -0.3688207     -0.366575    -0.3675454    -0.3274295    -0.2748644    -0.2218899
    -0.1671403    -0.1120013 -5.622827E-02  4.788045E-04  5.824845E-02     0.1182462     0.1814893     0.2490806     0.3179771     0.3883031     0.4554433     0.5164639     0.5807824      0.636548     0.6815595     0.7258531     0.7667201     0.7999952     0.8203785     0.8231301
     0.8137793     0.7769862     0.7274005     0.6826268     0.6425179     0.6074193      0.577284     0.5249065     0.4510984     0.3884248             0
             0    -0.3934967    -0.3977646    -0.3996093    -0.4006489    -0.4013792    -0.4015895    -0.4009873    -0.3998108     -0.398213    -0.3955799    -0.3915417    -0.3851954    -0.3780236    -0.3726663    -0.3708784    -0.3727577    -0.3318512    -0.2782014     -0.224296
    -0.1687209    -0.1128467 -5.638484E-02  1.010019E-03  5.951207E-02     0.1203545     0.1846397      0.253598     0.3242644     0.3970437     0.4674647     0.5324882     0.6026699     0.6657993     0.7186736     0.7734263     0.8274232     0.8752196     0.9059374     0.8974976
     0.8734095     0.8162075      0.752161     0.6993428     0.6543548     0.6161671     0.5840255     0.5289381     0.4528298     0.3890938             0
