 51            10 
             0  3.906409E-02  3.925334E-02  3.937064E-02  3.945618E-02  3.954889E-02  3.964856E-02  3.974167E-02  3.981124E-02  3.986849E-02  3.992729E-02     0.0400027  4.011213E-02  4.024283E-02  4.037881E-02  4.051973E-02  4.066521E-02  4.081485E-02  4.096827E-02  4.112503E-02
     0.0412847  4.144685E-02  4.161103E-02  4.177678E-02  4.194364E-02  4.211114E-02  4.227883E-02  4.244624E-02  4.261291E-02  4.277838E-02  4.292173E-02  4.304347E-02  4.316388E-02  4.326297E-02  4.334151E-02  4.341926E-02  4.349618E-02  4.357222E-02  4.364733E-02  4.372145E-02
  4.381283E-02  4.393791E-02  4.407621E-02  4.420953E-02  4.433754E-02  4.445995E-02  4.457647E-02  4.479719E-02  4.520395E-02  4.556541E-02             0
             0  3.906041E-02  3.924984E-02  3.936729E-02  3.945295E-02  3.954578E-02     0.0396456  3.973885E-02  3.980853E-02  3.986587E-02  3.992477E-02     0.0400003  4.010993E-02  4.024085E-02  4.037707E-02  4.051824E-02  4.066398E-02     0.0408139  4.096759E-02  4.112464E-02
  4.128461E-02  4.144705E-02  4.161153E-02  4.177757E-02  4.194472E-02  4.211251E-02  4.228048E-02  4.244816E-02  4.261508E-02  4.278081E-02  4.292436E-02  4.304626E-02  4.316683E-02  4.326605E-02  4.334468E-02  4.342253E-02  4.349954E-02  4.357566E-02  4.365084E-02  4.372504E-02
  4.381651E-02  4.394169E-02     0.0440801  4.421351E-02     0.0443416  4.446407E-02  4.458063E-02  4.480141E-02  4.520814E-02  4.556929E-02             0
             0  3.900392E-02  3.919613E-02  3.931577E-02  3.940315E-02  3.949798E-02  3.960005E-02  3.969551E-02  3.976688E-02  3.982564E-02  3.988601E-02  3.996347E-02  4.007594E-02  4.021034E-02  4.035025E-02     0.0404953  4.064509E-02     0.0407992  4.095722E-02     0.0411187
  4.128316E-02  4.145015E-02  4.161919E-02  4.178977E-02  4.196142E-02  4.213363E-02  4.230592E-02  4.247778E-02  4.264873E-02  4.281829E-02  4.296502E-02  4.308951E-02  4.321253E-02  4.331367E-02  4.339378E-02  4.347303E-02  4.355138E-02  4.362877E-02  4.370515E-02  4.378048E-02
  4.387327E-02  4.400012E-02  4.414016E-02  4.427492E-02     0.0444041  4.452741E-02  4.464458E-02  4.486615E-02  4.527229E-02  4.562864E-02             0
             0  3.896338E-02  3.915745E-02  3.927858E-02  3.936714E-02  3.946334E-02      0.039567  3.966401E-02  3.973658E-02  3.979635E-02  3.985778E-02  3.993662E-02  4.005114E-02  4.018806E-02  4.033066E-02  4.047855E-02  4.063132E-02  4.078854E-02  4.094977E-02  4.111453E-02
  4.128235E-02  4.145273E-02  4.162518E-02  4.179917E-02  4.197419E-02  4.214973E-02  4.232525E-02  4.250026E-02  4.267422E-02  4.284663E-02  4.299572E-02  4.312212E-02  4.324694E-02  4.334949E-02  4.343066E-02  4.351093E-02  4.359023E-02  4.366851E-02  4.374573E-02  4.382184E-02
  4.391553E-02  4.404349E-02  4.418456E-02  4.432014E-02  4.444992E-02  4.457364E-02  4.469104E-02  4.491275E-02  4.531752E-02  4.566944E-02             0
             0  3.893821E-02  3.913334E-02  3.925535E-02  3.934461E-02  3.944165E-02  3.954625E-02  3.964421E-02  3.971752E-02     0.0397779  3.983999E-02  3.991969E-02  4.003549E-02  4.017399E-02  4.031828E-02  4.046797E-02  4.062263E-02  4.078182E-02  4.094508E-02  4.111195E-02
  4.128191E-02  4.145447E-02  4.162911E-02  4.180529E-02  4.198249E-02  4.216018E-02     0.0423378  4.251483E-02  4.269074E-02  4.286501E-02  4.301561E-02  4.314324E-02  4.326922E-02  4.337265E-02  4.345449E-02  4.353539E-02  4.361529E-02  4.369413E-02  4.377186E-02  4.384844E-02
  4.394266E-02  4.407126E-02     0.0442129     0.0443489  4.447896E-02  4.460283E-02  4.472026E-02  4.494182E-02  4.534528E-02  4.569406E-02             0
             0  3.892269E-02  3.911844E-02  3.924095E-02  3.933063E-02  3.942816E-02  3.953334E-02  3.963187E-02  3.970563E-02     0.0397664  3.982889E-02  3.990911E-02     0.0400257  4.016519E-02  4.031053E-02  4.046134E-02  4.061718E-02  4.077761E-02  4.094216E-02  4.111035E-02
  4.128167E-02     0.0414556  4.163162E-02  4.180919E-02  4.198777E-02  4.216682E-02  4.234578E-02  4.252411E-02  4.270127E-02  4.287672E-02  4.302829E-02  4.315671E-02  4.328341E-02  4.338741E-02  4.346968E-02  4.355098E-02  4.363124E-02  4.371042E-02  4.378846E-02  4.386532E-02
  4.395986E-02  4.408884E-02  4.423079E-02      0.044367  4.449718E-02  4.462108E-02  4.473848E-02  4.495984E-02  4.536227E-02  4.570895E-02             0
             0  3.891497E-02      0.039111  3.923375E-02  3.932363E-02  3.942139E-02  3.952685E-02  3.962567E-02  3.969965E-02  3.976061E-02     0.0398233  3.990378E-02  4.002077E-02  4.016075E-02  4.030662E-02      0.040458  4.061444E-02  4.077549E-02  4.094069E-02  4.110955E-02
  4.128155E-02  4.145617E-02     0.0416329  4.181118E-02  4.199046E-02     0.0421702  4.234984E-02  4.252883E-02  4.270663E-02  4.288269E-02  4.303476E-02  4.316358E-02  4.329066E-02  4.339495E-02  4.347744E-02  4.355894E-02  4.363939E-02  4.371874E-02  4.379694E-02  4.387394E-02
  4.396863E-02  4.409778E-02  4.423987E-02  4.437616E-02  4.450638E-02  4.463027E-02  4.474762E-02  4.496884E-02  4.537069E-02  4.571628E-02             0
             0  3.891166E-02  3.910781E-02  3.923067E-02  3.932063E-02     0.0394185  3.952407E-02  3.962301E-02  3.969708E-02  3.975812E-02  3.982089E-02  3.990149E-02  4.001865E-02  4.015884E-02  4.030494E-02  4.045656E-02  4.061326E-02  4.077458E-02  4.094006E-02     0.0411092
     0.0412815  4.145642E-02  4.163345E-02  4.181203E-02  4.199162E-02  4.217166E-02     0.0423516  4.253088E-02  4.270895E-02  4.288527E-02  4.303756E-02  4.316656E-02     0.0432938  4.339821E-02  4.348079E-02  4.356238E-02  4.364291E-02  4.372234E-02     0.0438006  4.387766E-02
  4.397242E-02  4.410164E-02  4.424379E-02  4.438011E-02  4.451034E-02  4.463422E-02  4.475155E-02     0.0449727  4.537429E-02  4.571939E-02             0
             0  3.890988E-02  3.910609E-02      0.039229  3.931901E-02  3.941693E-02  3.952257E-02  3.962157E-02     0.0396957  3.975677E-02     0.0398196  3.990025E-02     0.0400175  4.015781E-02  4.030403E-02  4.045578E-02  4.061262E-02  4.077409E-02  4.093972E-02  4.110902E-02
  4.128147E-02  4.145656E-02  4.163375E-02  4.181249E-02  4.199225E-02  4.217245E-02  4.235255E-02  4.253198E-02     0.0427102  4.288667E-02  4.303908E-02  4.316817E-02  4.329551E-02  4.339998E-02  4.348262E-02  4.356425E-02  4.364483E-02  4.372429E-02  4.380259E-02  4.387968E-02
  4.397447E-02  4.410373E-02  4.424591E-02  4.438225E-02  4.451248E-02  4.463636E-02  4.475367E-02  4.497478E-02  4.537623E-02  4.572107E-02             0
             0  3.890898E-02  3.910523E-02  3.922816E-02  3.931819E-02  3.941614E-02  3.952181E-02  3.962084E-02  3.969499E-02     0.0397561  3.981894E-02  3.989962E-02  4.001692E-02  4.015728E-02  4.030358E-02  4.045539E-02     0.0406123  4.077384E-02  4.093955E-02  4.110892E-02
  4.128146E-02  4.145663E-02     0.0416339  4.181273E-02  4.199256E-02  4.217285E-02  4.235302E-02  4.253254E-02  4.271084E-02  4.288738E-02  4.303985E-02  4.316899E-02  4.329637E-02  4.340088E-02  4.348354E-02     0.0435652     0.0436458  4.372528E-02     0.0438036     0.0438807
  4.397551E-02  4.410479E-02  4.424698E-02  4.438333E-02  4.451356E-02  4.463744E-02  4.475474E-02  4.497583E-02     0.0453772  4.572191E-02             0
