 51            10 
             0     0.0184053  1.965502E-02     0.0203416  2.085768E-02     0.0214399  2.208987E-02  2.271722E-02  2.319599E-02  2.359502E-02  2.400976E-02  2.454741E-02  2.533934E-02  2.630152E-02  2.731751E-02  2.838377E-02  2.949652E-02  3.065181E-02  3.184545E-02  3.307311E-02
  3.433031E-02  3.561241E-02  3.691464E-02  3.823208E-02  3.955977E-02  4.089271E-02  4.222596E-02  4.355467E-02  4.487411E-02  4.617973E-02  4.730624E-02  4.825955E-02  4.919893E-02  4.996882E-02  5.057728E-02  5.117786E-02  5.177015E-02  5.235377E-02  5.292833E-02     0.0534935
  5.418779E-02  5.513319E-02  5.617113E-02  5.716452E-02  5.811167E-02  5.901111E-02  5.986166E-02  6.146299E-02  6.436882E-02  6.662228E-02             0
             0  1.827303E-02  1.952429E-02  2.021447E-02  2.073366E-02  2.131971E-02  2.197419E-02     0.0226061  2.308846E-02  2.349055E-02  2.390851E-02  2.445041E-02  2.524874E-02  2.621889E-02     0.0272435  2.831897E-02  2.944147E-02  3.060699E-02  3.181127E-02  3.304993E-02
  3.431838E-02  3.561191E-02  3.692564E-02  3.825459E-02  3.959366E-02  4.093779E-02  4.228191E-02  4.362109E-02     0.0449505  4.626549E-02     0.0473996  4.835902E-02  4.930406E-02  5.007828E-02  5.068999E-02     0.0512936     0.0518887     0.0524749  5.305182E-02  5.361912E-02
  5.431578E-02  5.526393E-02  5.630411E-02  5.729892E-02  5.824669E-02  5.914602E-02  5.999581E-02  6.159445E-02  6.448852E-02     0.0667171             0
             0  1.621317E-02  1.748493E-02  1.822914E-02  1.879571E-02  1.944007E-02  2.016391E-02  2.086631E-02  2.140431E-02  2.185373E-02  2.232185E-02  2.292993E-02  2.382815E-02  2.492321E-02  2.608294E-02  2.730308E-02  2.857902E-02  2.990577E-02  3.127805E-02  3.269031E-02
  3.413672E-02  3.561121E-02  3.710749E-02  3.861904E-02  4.013917E-02  4.166117E-02  4.317836E-02  4.468413E-02     0.0461721  4.763608E-02  4.889097E-02  4.994713E-02  5.098166E-02  5.182407E-02  5.248682E-02  5.313786E-02  5.377674E-02      0.054403  5.501626E-02  5.561614E-02
  5.634887E-02  5.733781E-02  5.841021E-02  5.942352E-02  6.037699E-02  6.127033E-02  6.210365E-02  6.365104E-02  6.634286E-02  6.816808E-02             0
             0  1.457059E-02  1.583466E-02  1.660809E-02  1.720339E-02  1.788592E-02  1.865794E-02  1.941176E-02  1.999163E-02  2.047731E-02  2.098449E-02  2.164489E-02  2.262367E-02  2.382169E-02  2.509476E-02  2.643795E-02  2.784581E-02  2.931242E-02  3.083152E-02  3.239647E-02
  3.400034E-02  3.563591E-02  3.729563E-02  3.897163E-02  4.065581E-02  4.233988E-02  4.401553E-02  4.567443E-02  4.730837E-02  4.890933E-02  5.027458E-02  5.141838E-02     0.0525329  5.343509E-02     0.0541418  5.483284E-02  5.550762E-02  5.616564E-02  5.680647E-02  5.742972E-02
  5.818646E-02  5.919824E-02  6.028104E-02  6.129026E-02  6.222669E-02  6.309177E-02  6.388742E-02  6.534432E-02  6.777739E-02  6.921036E-02             0
             0  1.346732E-02  1.470644E-02  1.548774E-02     0.0160946  1.679564E-02      0.017594  1.837843E-02  1.898446E-02  1.949344E-02  2.002629E-02  2.072178E-02  2.175591E-02  2.302638E-02  2.438052E-02  2.581264E-02  2.731644E-02  2.888516E-02  3.051166E-02  3.218856E-02
     0.0339082  3.566265E-02  3.744365E-02  3.924255E-02     0.0410504  4.285792E-02  4.465565E-02  4.643391E-02     0.0481829  4.989279E-02  5.134625E-02  5.256003E-02  5.373803E-02  5.468699E-02  5.542757E-02  5.614873E-02  5.684976E-02  5.753002E-02  5.818902E-02  5.882637E-02
  5.959567E-02  6.061469E-02  6.169109E-02  6.268106E-02  6.358749E-02  6.441405E-02  6.516481E-02  6.652307E-02  6.871998E-02  6.985736E-02             0
             0  1.274824E-02  1.395757E-02  1.473542E-02  1.534401E-02  1.605166E-02  1.686256E-02  1.766402E-02  1.828577E-02  1.880928E-02  1.935866E-02     0.0200773  2.114901E-02  2.246987E-02  2.388107E-02  2.537604E-02  2.694762E-02  2.858824E-02  3.029015E-02  3.204544E-02
  3.384605E-02  3.568376E-02  3.755005E-02  3.943598E-02  4.133227E-02  4.322923E-02     0.0451168  4.698448E-02  4.882134E-02  5.061608E-02  5.213944E-02     0.0534092  5.463816E-02     0.0556245  5.639188E-02  5.713646E-02  5.785726E-02  5.855349E-02  5.922453E-02  5.986996E-02
  6.064449E-02  6.166103E-02     0.0627213  6.368437E-02  6.455587E-02  6.534203E-02  6.604911E-02  6.731693E-02  6.932472E-02  7.025596E-02             0
             0  1.237624E-02  1.356358E-02  1.433499E-02  1.494115E-02  1.564893E-02  1.646343E-02  1.727187E-02  1.790096E-02  1.843167E-02     0.0189896  1.972062E-02  2.081307E-02  2.216232E-02  2.360584E-02  2.513628E-02     0.0267458  2.842633E-02  3.016974E-02     0.0319679
  3.381263E-02  3.569568E-02  3.760853E-02  3.954225E-02  4.148758E-02  4.343478E-02  4.537369E-02  4.729358E-02  4.918307E-02  5.103005E-02  5.259776E-02     0.0539038     0.0551664  5.617767E-02     0.0569629  5.772291E-02  5.845643E-02     0.0591624  5.984006E-02  6.048894E-02
  6.126389E-02  6.227344E-02  6.331624E-02     0.0642552  6.509855E-02  6.585461E-02     0.0665311  6.773875E-02  6.963412E-02  7.045438E-02             0
             0  1.221464E-02  1.339098E-02  1.415846E-02     0.0147627  1.546963E-02  1.628482E-02  1.709572E-02  1.772776E-02  1.826151E-02  1.882318E-02  1.955974E-02  2.066168E-02  2.202403E-02  2.348242E-02  2.502906E-02  2.665577E-02  2.835426E-02  3.011623E-02  3.193349E-02
  3.379784E-02  3.570102E-02  3.763456E-02  3.958959E-02  4.155686E-02  4.352672E-02  4.548899E-02  4.743291E-02  4.934698E-02  5.121883E-02  5.280812E-02  5.413215E-02  5.541176E-02  5.643586E-02  5.723038E-02  5.799844E-02  5.873854E-02  5.944942E-02  6.013015E-02  6.078023E-02
  6.155442E-02  6.255867E-02  6.359062E-02  6.451584E-02  6.534404E-02  6.608456E-02     0.0667458  6.792426E-02  6.976787E-02  7.053915E-02             0
             0  1.212676E-02  1.329671E-02  1.406172E-02  1.466466E-02  1.537082E-02  1.618609E-02     0.0169981  1.763165E-02  1.816702E-02  1.873075E-02     0.0194704  2.057768E-02  2.194743E-02  2.341418E-02  2.496988E-02  2.660616E-02  2.831459E-02  3.008681E-02  3.191458E-02
  3.378971E-02  3.570396E-02  3.764888E-02  3.961563E-02  4.159503E-02  4.357743E-02  4.555269E-02  4.751006E-02      0.049438  5.132403E-02     0.0529258  5.426037E-02  5.555008E-02  5.658195E-02  5.738214E-02  5.815516E-02  5.889931E-02  5.961318E-02  6.029569E-02     0.0609463
  6.171964E-02  6.272002E-02  6.374479E-02  6.466136E-02  6.548036E-02  6.621167E-02  6.686404E-02  6.802576E-02  6.984044E-02  7.058489E-02             0
             0  1.208229E-02  1.324888E-02  1.401252E-02     0.0146147  1.532037E-02  1.613555E-02  1.694804E-02  1.758231E-02     0.0181185  1.868327E-02  1.942451E-02  2.053459E-02  2.190819E-02  2.337928E-02  2.493965E-02  2.658084E-02  2.829436E-02  3.007182E-02  3.190495E-02
  3.378558E-02  3.570546E-02  3.765617E-02  3.962891E-02  4.161449E-02     0.0436033  4.558523E-02  4.754953E-02  4.948467E-02     0.0513781  5.298646E-02  5.432665E-02  5.562183E-02  5.665796E-02     0.0574613  5.823712E-02     0.0589836  5.969917E-02  6.038266E-02  6.103344E-02
  6.180609E-02  6.280401E-02  6.382458E-02  6.473631E-02  6.555028E-02  6.627667E-02  6.692435E-02  6.807731E-02     0.0698771  7.060792E-02             0
