 51            10 
             0    -0.2579117    -0.2490804    -0.2422617    -0.2367607    -0.2303226    -0.2231445    -0.2162394    -0.2109868    -0.2066204    -0.2020955    -0.1962492    -0.1876881    -0.1772071     -0.165685    -0.1525956    -0.1384092    -0.1243552    -0.1097213 -9.450443E-02
 -7.930101E-02 -6.415253E-02 -4.840597E-02 -3.215892E-02 -1.623093E-02  1.232705E-04     0.0167953  3.284657E-02  4.905989E-02  6.535149E-02  7.889641E-02  9.004262E-02     0.1007017     0.1091462     0.1156478     0.1223196     0.1291395     0.1356559     0.1418534     0.1481943
     0.1562828     0.1666247     0.1779487     0.1887026     0.1979466      0.207917     0.2182783     0.2361624      0.264005     0.2876607             0
             0    -0.2625063    -0.2535565    -0.2466082    -0.2410083    -0.2344588    -0.2271334    -0.2200588    -0.2146614     -0.210166    -0.2054989    -0.1994591    -0.1905974     -0.179746    -0.1678439    -0.1544233    -0.1399694    -0.1256204    -0.1106394 -9.503056E-02
 -7.937881E-02 -6.373206E-02 -4.747884E-02 -3.074673E-02 -1.433756E-02  2.457567E-03  1.951013E-02  3.592851E-02  5.251073E-02  6.915366E-02  8.301827E-02  9.445327E-02     0.1054133     0.1141077     0.1207964     0.1276368     0.1345982     0.1412342     0.1475362     0.1539717
     0.1621469     0.1725951     0.1840333     0.1948543     0.2041545     0.2140148     0.2239446     0.2409653     0.2678132      0.290243             0
             0    -0.3409213    -0.3316748    -0.3239831    -0.3175777    -0.3098531    -0.3009476    -0.2920936    -0.2851991    -0.2793825    -0.2732697    -0.2652671    -0.2533371    -0.2384527     -0.221876    -0.2029632    -0.1824196    -0.1619984    -0.1406179    -0.1182905
    -0.0958713 -7.345188E-02 -5.018051E-02 -2.626296E-02 -2.872173E-03  2.097024E-02  4.505254E-02  6.807642E-02  9.111259E-02     0.1139775     0.1327536     0.1480372     0.1624614     0.1736986     0.1822256     0.1908128     0.1994213     0.2074911     0.2150139     0.2225388
      0.231911     0.2434967     0.2555332     0.2663314     0.2750555     0.2836145     0.2916856     0.3044785     0.3199068     0.3242764             0
             0    -0.4193194    -0.4144447    -0.4088926    -0.4036688    -0.3966826     -0.387835    -0.3782792    -0.3704264    -0.3635872    -0.3561905    -0.3462568    -0.3309551    -0.3112051    -0.2886907    -0.2626406    -0.2341385    -0.2059107    -0.1764216    -0.1456951
    -0.1149127 -8.419272E-02 -5.235343E-02 -1.965469E-02  1.232081E-02  4.492551E-02  7.787023E-02     0.1093622     0.1408232     0.1719261     0.1972663     0.2176977     0.2367224     0.2512735     0.2621444     0.2728872     0.2834431      0.293106     0.3018655      0.310343
     0.3205497     0.3324338     0.3435755     0.3524669     0.3586341     0.3634543     0.3669967     0.3707218     0.3673154     0.3507433             0
             0    -0.4841864    -0.4899027    -0.4910988    -0.4905124    -0.4878497    -0.4823181    -0.4742718    -0.4665548    -0.4592767    -0.4508792    -0.4390026    -0.4196251     -0.393424    -0.3629237    -0.3274916    -0.2889108    -0.2513681    -0.2127364    -0.1729842
    -0.1335668 -9.452441E-02 -5.424218E-02    -0.0129216  2.756247E-02  6.904554E-02     0.1112534     0.1519661     0.1930588     0.2340398      0.267633      0.294739      0.319866     0.3388519     0.3528392     0.3663852     0.3793701     0.3908685     0.4008492     0.4099798
     0.4202932     0.4309015     0.4385782     0.4426107     0.4434642     0.4416308     0.4378456     0.4281928     0.4028636     0.3681312             0
             0    -0.5348554    -0.5572152    -0.5714107     -0.580925    -0.5890723    -0.5934474    -0.5915995    -0.5861198    -0.5792366      -0.56977    -0.5548104    -0.5280362    -0.4903232    -0.4466836    -0.3972593    -0.3449898    -0.2960095      -0.24719    -0.1981597
    -0.1504342    -0.1037656 -5.597251E-02 -7.043029E-03  4.104248E-02  9.071488E-02     0.1418759     0.1920859     0.2439098     0.2968467     0.3413939     0.3780054      0.412434     0.4385929     0.4577648     0.4760354     0.4930592     0.5074095     0.5189209     0.5282311
     0.5371286      0.543035       0.54211     0.5360743      0.527454     0.5153916     0.5014337     0.4750203     0.4280791     0.3792683             0
             0    -0.5653663    -0.6048666    -0.6362211    -0.6613947    -0.6894642    -0.7161059    -0.7317696    -0.7340704    -0.7294412    -0.7176916    -0.6949286    -0.6506738    -0.5905143    -0.5258886    -0.4578659    -0.3899763    -0.3296125    -0.2718738    -0.2155244
    -0.1617735    -0.1099037 -5.717701E-02 -3.303416E-03  4.979131E-02     0.1050719     0.1627292     0.2204111     0.2815996     0.3462662     0.4031998     0.4519405     0.4998993     0.5380327     0.5666673     0.5943146     0.6198381     0.6402311     0.6544151     0.6624652
     0.6654446     0.6581073      0.639155     0.6160205     0.5940558     0.5700538      0.545675     0.5041766     0.4419589     0.3849566             0
             0    -0.5796184     -0.629452    -0.6733134    -0.7118681    -0.7604558    -0.8162962    -0.8633195    -0.8840698    -0.8859765    -0.8678258    -0.8268057    -0.7515751     -0.662502    -0.5769209    -0.4937184    -0.4148305    -0.3472896    -0.2844208     -0.224139
    -0.1673118    -0.1128795 -5.777331E-02 -1.529934E-03  5.398419E-02     0.1120324     0.1730055     0.2346979      0.301278     0.3733351      0.439117     0.4976808     0.5584101     0.6101527     0.6512059     0.6933009     0.7341273     0.7672355     0.7875431     0.7906392
     0.7784305     0.7467681     0.7046393     0.6643408     0.6313316     0.5989906     0.5680746     0.5179911     0.4481553     0.3874137             0
             0    -0.5876575    -0.6441209    -0.6969879    -0.7463592    -0.8142287     -0.904417     -1.003429      -1.07127     -1.100237     -1.055164    -0.9672511    -0.8404419    -0.7173554    -0.6122271    -0.5169666    -0.4302219    -0.3579065     -0.291806    -0.2291404
    -0.1704997    -0.1145854 -5.811852E-02 -5.244692E-04  5.637415E-02     0.1160243     0.1789517     0.2430742     0.3130558     0.3900396     0.4622314      0.528607     0.6008391     0.6671014     0.7236187     0.7874723     0.8569899     0.9221912     0.9668856     0.9481125
      0.895687     0.8224398     0.7529972      0.696632     0.6547782     0.6165156     0.5812725     0.5258353     0.4515697     0.3887463             0
             0    -0.5918223    -0.6520357    -0.7105054    -0.7674028    -0.8510101    -0.9775642     -1.161086     -1.373945     -1.626569      -1.35794     -1.125157    -0.9141732    -0.7549873     -0.633943    -0.5303839    -0.4387551    -0.3636498     -0.295741    -0.2317791
    -0.1721716    -0.1154775 -5.830014E-02 -2.442232E-06  5.761939E-02     0.1181128      0.182082     0.2475259     0.3194135     0.3992835     0.4755121      0.547268     0.6284991     0.7084248     0.7824997     0.8777809      1.003778      1.171268      1.410809      1.206673
      1.027328     0.8842301     0.7855393     0.7160039     0.6680101     0.6260824     0.5883213     0.5299158     0.4533115     0.3894193             0
