 51            10 
             0    -0.2562003    -0.2464731    -0.2382029    -0.2325294    -0.2267082     -0.219687    -0.2125407    -0.2069017    -0.2021004     -0.197001    -0.1902397      -0.17991    -0.1675917    -0.1546348    -0.1422275    -0.1305203    -0.1175564    -0.1035211 -8.853194E-02
 -7.264212E-02 -5.583567E-02 -3.954815E-02 -2.384538E-02 -7.372189E-03  8.527393E-03  2.368187E-02  3.911964E-02  5.467271E-02     0.0702008  8.366686E-02  9.509724E-02     0.1064005     0.1157111     0.1231025      0.129978     0.1363326     0.1426168     0.1488217     0.1549385
     0.1624634      0.172717     0.1839706     0.1947464     0.2050536     0.2143723     0.2226839     0.2382849     0.2653886     0.2883002             0
             0    -0.2617664    -0.2526954     -0.245283    -0.2395637    -0.2332935    -0.2259768    -0.2187971     -0.213271    -0.2086391    -0.2037933    -0.1974556    -0.1879094    -0.1762851    -0.1636173     -0.150403    -0.1374191    -0.1234396    -0.1087575 -9.347609E-02
 -7.767203E-02 -6.111039E-02 -4.446518E-02 -2.807315E-02 -1.093432E-02  5.905244E-03  2.212873E-02  3.848955E-02  5.481344E-02  7.096437E-02  8.476421E-02  9.634361E-02     0.1076799     0.1169706     0.1243736     0.1313562     0.1378849     0.1443649     0.1507634     0.1570704
     0.1648231     0.1752751     0.1866005     0.1973251     0.2074792     0.2168977      0.225497      0.241544     0.2682848      0.290375             0
             0    -0.3398901    -0.3304309     -0.322147    -0.3155693    -0.3081106    -0.2991558    -0.2901284    -0.2830464     -0.277039    -0.2706821     -0.262278    -0.2494296    -0.2335203    -0.2159201    -0.1973749     -0.178976    -0.1590694    -0.1380956    -0.1162252
 -9.358932E-02 -6.987309E-02 -4.606284E-02 -2.264499E-02  1.775158E-03  2.567617E-02  4.858299E-02  7.151875E-02  9.418795E-02     0.1163482     0.1349945     0.1504227     0.1652806     0.1772288     0.1866175      0.195344     0.2033656     0.2111854     0.2187608     0.2260775
     0.2348801     0.2463399     0.2581252     0.2686598     0.2780148      0.286126     0.2930107     0.3049127     0.3199954     0.3243282             0
             0    -0.4174447    -0.4118904    -0.4054447    -0.3998314    -0.3927676    -0.3835754    -0.3736267    -0.3654505    -0.3583204    -0.3505843    -0.3401258    -0.3236728    -0.3027186    -0.2790417    -0.2537971    -0.2285491    -0.2011884    -0.1723754    -0.1423661
    -0.1113577 -7.892195E-02 -4.639595E-02 -1.440241E-02  1.898216E-02  5.168551E-02     0.0830586     0.1144764     0.1454832     0.1756703     0.2008594     0.2214886     0.2410666     0.2564995     0.2684276     0.2793058     0.2890695      0.298335     0.3070409     0.3151654
     0.3245754     0.3360423     0.3466236     0.3549012     0.3610996     0.3654304      0.368159     0.3711548     0.3670602     0.3507238             0
             0     -0.480869    -0.4845495     -0.483943    -0.4822179    -0.4782796    -0.4714164    -0.4623218    -0.4539546    -0.4462046    -0.4373643    -0.4249149    -0.4044069    -0.3773308    -0.3461385    -0.3127237    -0.2793698    -0.2435562    -0.2062398    -0.1677395
     -0.128275 -8.723287E-02 -4.619836E-02 -5.805137E-03  3.649508E-02  7.817929E-02     0.1185251     0.1593459     0.2000719     0.2401195     0.2737625     0.3013317     0.3273546     0.3475792     0.3629647     0.3766934     0.3886371     0.3995281     0.4092583     0.4177857
     0.4269388     0.4365305     0.4429966     0.4457388     0.4454637     0.4429682     0.4389595     0.4287722     0.4023602     0.3680545             0
             0    -0.5296609     -0.547264    -0.5573695    -0.5636504    -0.5672421     -0.567274    -0.5622869    -0.5552089    -0.5474564     -0.537526    -0.5223874    -0.4956209    -0.4590898    -0.4169695    -0.3725141    -0.3291027    -0.2836487    -0.2373751    -0.1905155
    -0.1431709 -9.441325E-02 -4.589696E-02  1.893647E-03  5.220727E-02     0.1022659      0.151464     0.2022231     0.2540833     0.3064863     0.3517954     0.3896653     0.4259442     0.4542581      0.475633     0.4943376      0.510001     0.5234271     0.5343231      0.542572
     0.5496584     0.5532579     0.5497221     0.5411049     0.5293216     0.5161191     0.5027018     0.4758892     0.4274206     0.3791495             0
             0    -0.5585476    -0.5898648    -0.6133108    -0.6311246    -0.6477187    -0.6621934     -0.668118    -0.6656287    -0.6590258    -0.6474273    -0.6270107    -0.5881239    -0.5358125    -0.4784304    -0.4206997    -0.3668611    -0.3125783    -0.2589482    -0.2058132
    -0.1529582 -9.906638E-02 -4.569483E-02   6.89554E-03  6.253041E-02     0.1183982     0.1741714     0.2329746     0.2948426     0.3598105     0.4188171     0.4703315     0.5220646     0.5642955     0.5968603     0.6255531     0.6491446     0.6680222     0.6809129     0.6872131
     0.6875135     0.6755927     0.6516235      0.624043     0.5962384     0.5703116     0.5472139     0.5053447     0.4412301     0.3848142             0
             0    -0.5719162    -0.6112929    -0.6441059    -0.6712368    -0.7005182    -0.7325829    -0.7561281    -0.7630877    -0.7594729    -0.7446715    -0.7145004    -0.6573347    -0.5868455    -0.5156254    -0.4477427    -0.3869935    -0.3274225    -0.2697161    -0.2133016
    -0.1576883    -0.1012997 -4.560075E-02  9.288969E-03  6.750467E-02     0.1262589     0.1854298     0.2486147     0.3163317     0.3893596     0.4583126     0.5210184     0.5874252     0.6453816     0.6923603     0.7358534     0.7733055     0.8034374     0.8211211     0.8221934
     0.8076356      0.769776     0.7206331     0.6745812     0.6338096     0.5989475     0.5697837       0.51933     0.4473986     0.3872607             0
             0    -0.5794198    -0.6238978    -0.6633195    -0.6977186    -0.7384652    -0.7898878    -0.8393514    -0.8655657     -0.870209    -0.8470316    -0.7974252    -0.7138658    -0.6236839    -0.5403588     -0.464725    -0.3992074    -0.3362167    -0.2759933    -0.2176197
     -0.160397     -0.102574 -4.554829E-02  1.065164E-02  7.034741E-02      0.130778     0.1919642     0.2578238     0.3292567     0.4077007     0.4838983     0.5555137     0.6350552     0.7094883     0.7738674     0.8385686     0.9011033      0.958675     0.9956223     0.9772909
     0.9274512     0.8487782     0.7712392     0.7084042     0.6574621     0.6162574      0.583088     0.5272793     0.4507988     0.3885874             0
             0    -0.5832941    -0.6306295    -0.6740977    -0.7133916    -0.7631053    -0.8333634    -0.9184332    -0.9869378     -1.026132    -0.9683411    -0.8763386    -0.7568333    -0.6476273    -0.5550544    -0.4742727    -0.4058737    -0.3409274    -0.2793158    -0.2198876
    -0.1618128    -0.1032384 -4.552143E-02  1.136098E-02      0.071831     0.1331462     0.1954111     0.2627319     0.3362566     0.4178888     0.4986574     0.5763909     0.6660959     0.7556826     0.8391311     0.9329565      1.043346      1.185484      1.375999      1.206004
      1.053266      0.911248     0.8047797     0.7286496     0.6708062     0.6256873     0.5901942     0.5314172     0.4525337     0.3892575             0
