 51            10 
             0    -0.2560387    -0.2469724    -0.2397998    -0.2341499      -0.22764    -0.2202774    -0.2130983    -0.2075821    -0.2029654    -0.1981481    -0.1918801    -0.1826017    -0.1712672    -0.1592528    -0.1466168    -0.1334207    -0.1197274    -0.1056082 -9.115124E-02
 -7.649107E-02 -6.228633E-02 -5.017485E-02 -3.000838E-02 -1.159785E-02  5.933565E-03  2.294144E-02  3.955112E-02  5.578657E-02  7.162748E-02  8.510926E-02  9.639947E-02     0.1074052     0.1163244     0.1233192      0.130169     0.1368699     0.1434184     0.1498119     0.1560483
     0.1636456     0.1738628      0.184893     0.1952695     0.2049848     0.2140326      0.222416     0.2378736     0.2641743     0.2829386             0
             0    -0.2611461    -0.2520287    -0.2447849    -0.2390812    -0.2325109    -0.2250684    -0.2177942    -0.2121935    -0.2074993    -0.2025937    -0.1962012    -0.1867173    -0.1751029    -0.1627716    -0.1497975    -0.1362516    -0.1221807    -0.1076476 -9.274261E-02
 -7.761381E-02 -6.296257E-02 -4.526874E-02 -2.740192E-02 -9.929354E-03  7.385916E-03  2.449013E-02  4.132991E-02  5.785005E-02  7.399225E-02  8.773366E-02  9.923688E-02     0.1104411     0.1195097     0.1266136     0.1335607     0.1403458     0.1469643     0.1534128     0.1596894
     0.1673235     0.1776003     0.1886852     0.1991167     0.2088774     0.2179163     0.2262528      0.241566     0.2674044     0.2885767             0
             0    -0.3390168    -0.3294361    -0.3212912    -0.3146781    -0.3068322     -0.297691    -0.2885168     -0.281322    -0.2752217    -0.2687769    -0.2602923    -0.2475262    -0.2316354     -0.214536    -0.1963527    -0.1772119    -0.1572086    -0.1364601    -0.1151221
    -0.0934303 -7.241132E-02 -4.703025E-02 -2.144711E-02   3.50238E-03  2.812851E-02  5.232042E-02  7.596287E-02  9.893282E-02     0.1210984     0.1396701     0.1549934     0.1696675     0.1813131     0.1903024     0.1989531     0.2072552     0.2152013     0.2227862     0.2300081
     0.2385868     0.2497011     0.2610428     0.2710779     0.2798696     0.2874464     0.2939102      0.304823     0.3185028     0.3221947             0
             0    -0.4159343    -0.4098993     -0.403283    -0.3973674    -0.3897355     -0.380163    -0.3699192    -0.3615443    -0.3542664    -0.3464049    -0.3358479    -0.3195532    -0.2987255     -0.275892    -0.2513123    -0.2252534    -0.1979215    -0.1695319    -0.1403281
    -0.1106412 -8.186527E-02 -4.705759E-02 -1.196105E-02  2.230829E-02  5.619173E-02  8.953482E-02     0.1221526     0.1538188     0.1842607     0.2095509     0.2301949     0.2496594     0.2647791     0.2762403     0.2870331     0.2971295     0.3065084     0.3151565     0.3230699
     0.3320532     0.3428002     0.3524573     0.3597223     0.3649262     0.3683335     0.3702502     0.3716676     0.3652148     0.3482971             0
             0    -0.4782992    -0.4804731     -0.478687    -0.4758155    -0.4707309    -0.4628446    -0.4530016    -0.4442171    -0.4362122    -0.4272133    -0.4147236    -0.3946947    -0.3682348    -0.3387337    -0.3067917    -0.2729794    -0.2377048    -0.2013111    -0.1641148
    -0.1264915 -9.011915E-02 -4.609004E-02 -1.626531E-03  4.200514E-02     0.0854927     0.1287463     0.1715978     0.2137646     0.2548147     0.2892265     0.3173668     0.3437705     0.3639808     0.3790379     0.3928667     0.4053645     0.4164503     0.4260726     0.4342147
      0.442569     0.4506396     0.4550915     0.4556494     0.4533915       0.44912     0.4435008     0.4305963     0.4004626     0.3654431             0
             0    -0.5257271     -0.539785    -0.5463508    -0.5493762    -0.5500302    -0.5469894    -0.5397761    -0.5316267    -0.5233715    -0.5133328    -0.4985828     -0.473592    -0.4394841    -0.4012829    -0.3603174    -0.3176547    -0.2739304    -0.2295527    -0.1848067
    -0.1399924 -9.691417E-02 -4.481617E-02  7.906847E-03  6.002357E-02     0.1126216     0.1658789     0.2198817     0.2745512      0.329538     0.3772627      0.417251     0.4555045     0.4850298     0.5068997     0.5265948     0.5436936     0.5578243     0.5687238     0.5762958
     0.5817285     0.5817548     0.5734612     0.5599257     0.5439854     0.5273023     0.5108463     0.4794559     0.4256344     0.3764272             0
             0    -0.5534385    -0.5786511     -0.594827    -0.6056097    -0.6151128    -0.6211299    -0.6203403    -0.6147282    -0.6069672    -0.5957186    -0.5775265    -0.5447993    -0.5000286    -0.4512664    -0.4007268    -0.3497616    -0.2989231    -0.2484102    -0.1982747
    -0.1486018    -0.1011472 -4.385833E-02  1.422017E-02  7.201251E-02     0.1310358     0.1918871     0.2551818     0.3215088     0.3913228     0.4555351     0.5121907      0.569564     0.6164484     0.6522638     0.6850905     0.7133031     0.7350873     0.7488089     0.7536793
     0.7496718     0.7282313     0.6927701     0.6547243     0.6189369      0.586956     0.5589653     0.5104073     0.4395768     0.3820386             0
             0    -0.5661688    -0.5977412    -0.6202834      -0.63691    -0.6542819    -0.6703382    -0.6791887     -0.678809    -0.6727428    -0.6594729    -0.6356343    -0.5926619    -0.5371045    -0.4796733    -0.4224284    -0.3663013    -0.3114159    -0.2576351    -0.2047633
    -0.1527045    -0.1031441 -4.337954E-02  1.726304E-02  7.781781E-02     0.1400599     0.2048781     0.2733102     0.3465863     0.4261618     0.5027459     0.5736216     0.6500301     0.7177076     0.7727755     0.8268046      0.876284     0.9155973     0.9371074     0.9340697
     0.9077352     0.8481892     0.7774572     0.7145383     0.6621125     0.6190876     0.5836985     0.5252025     0.4458199     0.3844627             0
             0    -0.5732856     -0.608816    -0.6356997    -0.6567068    -0.6808335    -0.7075259    -0.7307838    -0.7427536    -0.7435272    -0.7232344    -0.6868137    -0.6290921    -0.5624748    -0.4978343    -0.4357123    -0.3761438    -0.3187127    -0.2629563    -0.2084746
    -0.1550376    -0.1042741 -4.310207E-02     0.0190011  8.114289E-02     0.1452622     0.2124459     0.2840378     0.3617742     0.4480006     0.5337618     0.6162241     0.7101808     0.8004926     0.8799346     0.9662468       1.05656      1.141661      1.197129      1.160635
      1.076802      0.953966     0.8417308     0.7555169     0.6897299     0.6387302     0.5983886     0.5336418     0.4492653     0.3857775             0
             0    -0.5769501    -0.6146698    -0.6441409    -0.6680104    -0.6972479    -0.7343249    -0.7796918    -0.8284792    -0.8754872    -0.8088651    -0.7355061    -0.6554974    -0.5782743     -0.508286    -0.4430377    -0.3814409    -0.3225826    -0.2657525    -0.2104133
    -0.1562515    -0.1048603 -4.295618E-02  1.990763E-02  8.288058E-02     0.1479931     0.2164477     0.2897747     0.3700402     0.4602223     0.5518583     0.6424325     0.7503202     0.8621644     0.9694811      1.102551      1.274661      1.510055      1.868551       1.53287
       1.26852      1.042131     0.8857933      0.780569     0.7055175      0.649524     0.6062781     0.5380451     0.4510246     0.3864416             0
