 51            10 
             0 -1.416927E-03  1.461304E-04  1.339382E-03  2.271042E-03  3.337092E-03  4.534897E-03  5.695298E-03  6.582664E-03  7.323055E-03  8.093342E-03  9.092775E-03  1.056658E-02  1.235954E-02  1.425484E-02  1.624575E-02  1.832507E-02  2.048526E-02     0.0227184  2.501625E-02
     0.0273703  2.977176E-02  3.221153E-02  3.468023E-02  3.716831E-02  3.966622E-02  4.216451E-02  4.465393E-02  4.712548E-02  4.957049E-02  5.167942E-02  5.346363E-02  5.522126E-02     0.0566613  5.779913E-02  5.892198E-02  6.002907E-02  6.111967E-02  6.219308E-02  6.324866E-02
  6.454505E-02  6.630962E-02  6.824581E-02  7.009787E-02     0.0718627  7.353774E-02  7.512093E-02  7.810043E-02  8.351205E-02  8.853242E-02             0
             0 -1.684832E-03 -1.137885E-04  1.086906E-03  2.024787E-03  3.098379E-03  4.305087E-03  5.474498E-03  6.368958E-03  7.115376E-03  7.892041E-03  8.899878E-03  1.038635E-02  1.219512E-02     0.0141075  1.611665E-02  1.821532E-02     0.0203958  2.265007E-02  2.496974E-02
  2.734613E-02  2.977027E-02     0.0322329  3.472443E-02  3.723514E-02  3.975526E-02  4.227515E-02  4.478536E-02  4.727669E-02  4.974031E-02  5.186433E-02  5.366066E-02  5.542951E-02  5.687813E-02  5.802241E-02  5.915125E-02  6.026389E-02     0.0613596  6.243767E-02  6.349745E-02
  6.479853E-02  6.656849E-02  6.850907E-02  7.036386E-02  7.212984E-02  7.380458E-02  7.538617E-02  7.836016E-02  8.374809E-02  8.871989E-02             0
             0 -5.857803E-03 -4.169669E-03 -2.857071E-03 -1.824819E-03 -6.360203E-04  7.075593E-04  2.016182E-03  3.020613E-03  3.860632E-03  4.736509E-03  5.875333E-03  7.559641E-03  9.615937E-03  1.179624E-02     0.0140924  1.649553E-02  1.899608E-02  2.158392E-02  2.424837E-02
  2.697828E-02  2.976202E-02  3.258748E-02  3.544201E-02  3.831268E-02  4.118647E-02  4.405045E-02  4.689187E-02  4.969837E-02  5.245807E-02  5.482201E-02  5.681042E-02  5.875687E-02  6.034074E-02  6.158618E-02  6.280898E-02  6.400826E-02  6.518319E-02  6.633301E-02  6.745706E-02
  6.882914E-02  7.067911E-02  7.268236E-02  7.457242E-02  7.634815E-02  7.800932E-02     0.0795565     0.0824253  8.740482E-02  9.158745E-02             0
             0 -9.196157E-03 -7.464445E-03 -6.091069E-03 -5.002072E-03 -3.738354E-03 -2.299994E-03 -8.898837E-04  1.973589E-04   1.10922E-03   2.06257E-03  3.305285E-03  5.149763E-03  7.411045E-03  9.817251E-03  1.235883E-02     0.0150252  1.780495E-02  2.068591E-02  2.365529E-02
  2.669973E-02     0.0298053  3.295744E-02  3.614081E-02  3.933957E-02  4.253761E-02  4.571869E-02     0.0488666  5.196533E-02  5.499924E-02  5.758408E-02  5.974785E-02  6.185425E-02  6.355754E-02  6.489073E-02  6.619326E-02  6.746402E-02  6.870202E-02  6.990646E-02  7.107664E-02
  7.249585E-02  7.439003E-02  7.641211E-02  7.829183E-02  8.003119E-02  8.163352E-02  8.310309E-02  8.578657E-02  9.024172E-02       0.09365             0
             0 -1.144478E-02 -9.725733E-03 -8.336351E-03 -7.225554E-03 -5.926517E-03 -4.437108E-03 -2.966939E-03 -1.828009E-03 -8.699789E-04  1.344181E-04  1.447058E-03  3.402179E-03  5.808698E-03  8.377661E-03  1.109789E-02  1.395706E-02  1.694193E-02  2.003865E-02  2.323288E-02
  2.650983E-02     0.0298542  3.325006E-02  3.668056E-02  4.012816E-02  4.357478E-02  4.700193E-02  5.039068E-02  5.372182E-02  5.697604E-02  5.973943E-02  6.204491E-02  6.427982E-02  6.607771E-02  6.747932E-02     0.0688426  7.016613E-02  7.144866E-02  7.268926E-02  7.388717E-02
  7.533064E-02  7.723752E-02  7.924404E-02  8.108197E-02  8.275784E-02  8.427962E-02  8.565605E-02  8.813607E-02  9.211002E-02  9.493151E-02             0
             0 -1.291383E-02 -1.123241E-02 -9.851351E-03 -8.739078E-03 -7.429029E-03 -5.916542E-03  -4.41362E-03 -3.243869E-03 -2.257062E-03 -1.219698E-03  1.393868E-04  2.170327E-03  4.678943E-03   7.36371E-03     0.0102115  1.320807E-02  1.633856E-02  1.958776E-02  2.294032E-02
  2.638072E-02  2.989315E-02  3.346122E-02  3.706757E-02     0.0406941  4.432197E-02  4.793157E-02  5.150243E-02  5.501313E-02  5.844131E-02  6.134855E-02  6.376951E-02  6.610978E-02  6.798498E-02  6.944198E-02  7.085354E-02  7.221766E-02  7.353271E-02  7.479745E-02  7.601109E-02
  7.746384E-02  7.936291E-02  8.133259E-02  8.311155E-02  8.471229E-02  8.614831E-02  8.743294E-02  8.972435E-02  9.331079E-02  9.572149E-02             0
             0 -1.367524E-02     -0.012028    -0.0106619 -9.556575E-03 -8.248574E-03 -6.731067E-03 -5.215599E-03 -4.031759E-03 -3.030767E-03 -1.976245E-03 -5.920182E-04  1.481546E-03  4.048859E-03  6.800403E-03  9.721237E-03  1.279564E-02  1.600765E-02  1.934135E-02  2.278098E-02
  2.631086E-02  2.991515E-02  3.357758E-02     0.0372809     0.0410071  4.473739E-02  4.845208E-02  5.213035E-02  5.575002E-02     0.0592873  6.228803E-02  6.478607E-02  6.719833E-02  6.912724E-02  7.062282E-02  7.206774E-02  7.345919E-02  7.479491E-02  7.607322E-02  7.729319E-02
  7.874504E-02  8.062588E-02  8.255433E-02  8.427849E-02     0.0858169  8.718751E-02  8.840671E-02  9.057108E-02  9.392592E-02     0.0961149             0
             0 -1.400629E-02 -1.237719E-02 -1.102029E-02 -9.920113E-03 -8.615358E-03 -7.098001E-03 -5.578703E-03 -4.389429E-03 -3.382504E-03 -2.320412E-03  -9.24716E-04  1.168797E-03  3.763747E-03  6.546493E-03  9.501068E-03  1.261102E-02  1.585991E-02  1.923157E-02  2.271011E-02
  2.627983E-02  2.992499E-02  3.362944E-02  3.737606E-02  4.114699E-02  4.492358E-02  4.868627E-02  5.241426E-02  5.608525E-02  5.967509E-02  6.272214E-02  6.525934E-02  6.770924E-02  6.966707E-02  7.118377E-02  7.264713E-02  7.405369E-02  7.540049E-02  7.668538E-02  7.790722E-02
  7.935579E-02  8.122203E-02  8.312346E-02  8.481523E-02  8.631923E-02  8.765554E-02  8.884176E-02  9.094404E-02  9.419199E-02      0.096283             0
             0    -0.0141864    -0.0125681 -1.121702E-02 -1.012033E-02 -8.818161E-03  -7.30178E-03 -5.781099E-03 -4.589185E-03 -3.579133E-03 -2.512853E-03  -1.11064E-03  9.943724E-04  3.605198E-03  6.405689E-03   9.37927E-03  1.250909E-02  1.577847E-02  1.917112E-02  2.267111E-02
  2.626276E-02  2.993041E-02  3.365798E-02  3.742846E-02     0.0412241  4.502637E-02  4.881581E-02  5.257172E-02  5.627181E-02  5.989183E-02  6.296598E-02     0.0655265  6.799933E-02  6.997526E-02  7.150547E-02  7.298088E-02  7.439745E-02     0.0757516  7.704053E-02  7.826284E-02
     0.0797079  8.156268E-02  8.344545E-02     0.0851163  8.659906E-02  8.791483E-02  8.908174E-02  9.114828E-02  9.433639E-02  9.637371E-02             0
             0 -1.427755E-02 -1.266503E-02 -1.131718E-02 -1.022251E-02 -8.921974E-03 -7.406488E-03 -5.885471E-03 -4.692408E-03 -3.680836E-03 -2.612385E-03 -1.206699E-03  9.044819E-04  3.523723E-03  6.333509E-03  9.316954E-03  1.245701E-02  1.573691E-02     0.0191403  2.265123E-02
  2.625407E-02  2.993317E-02  3.367252E-02  3.745517E-02  4.126344E-02  4.507886E-02  4.888205E-02  5.265238E-02  5.636761E-02  6.000347E-02  6.309205E-02  6.566519E-02  6.815068E-02  7.013695E-02  7.167508E-02  7.315782E-02  7.458073E-02  7.593966E-02  7.723116E-02  7.845317E-02
  7.989505E-02  8.174179E-02  8.361308E-02  8.527192E-02  8.674294E-02  8.804762E-02  8.920427E-02  9.125206E-02  9.440935E-02  9.641938E-02             0
