 51            10 
             0    -0.2559624    -0.2469018    -0.2397319    -0.2340833    -0.2275739    -0.2202117    -0.2130331    -0.2075174    -0.2029013    -0.1980847    -0.1918179    -0.1825417    -0.1712105    -0.1591999    -0.1465677    -0.1333754    -0.1196873    -0.1055755 -9.112336E-02
 -7.641254E-02 -6.139447E-02    -0.0441873 -2.698816E-02 -9.864942E-03  7.116557E-03  2.389242E-02  4.040071E-02  5.658182E-02  7.237887E-02  8.581842E-02  9.706759E-02      0.108027     0.1169036     0.1238624     0.1306744     0.1373358      0.143843     0.1501931     0.1563833
     0.1639185     0.1740363     0.1849328      0.195157     0.2047083      0.213591     0.2218137     0.2369655     0.2627772     0.2843451             0
             0    -0.2610468    -0.2519342    -0.2446961    -0.2389929    -0.2324181    -0.2249707    -0.2176928      -0.21209    -0.2073946    -0.2024883    -0.1960961    -0.1866153     -0.175008    -0.1626865    -0.1497195    -0.1361743    -0.1221072    -0.1075849 -9.269387E-02
 -7.753011E-02 -6.207395E-02 -4.445983E-02 -2.683315E-02 -9.287848E-03  8.107401E-03  2.528614E-02  4.218385E-02  5.873791E-02     0.0748878  8.861484E-02     0.1000945     0.1112667     0.1203045      0.127383     0.1343053     0.1410673     0.1476653     0.1540964     0.1603582
     0.1679716     0.1781768     0.1891419     0.1994056     0.2089681     0.2178334     0.2260129      0.241033       0.26635      0.287067             0
             0    -0.3388826    -0.3293029    -0.3211617    -0.3145472     -0.306694    -0.2975448    -0.2883646    -0.2811663    -0.2750639    -0.2686179    -0.2601336    -0.2473721    -0.2314925    -0.2144087    -0.1962376    -0.1770999    -0.1571035    -0.1363712    -0.1150527
 -9.330812E-02 -7.112635E-02 -4.583578E-02 -2.056466E-02  4.524043E-03  2.930088E-02  5.363544E-02  7.739516E-02      0.100445     0.1226486     0.1412186     0.1565205     0.1711567     0.1827607     0.1917131     0.2003248     0.2085876     0.2164949     0.2240425     0.2312282
     0.2397574     0.2507534     0.2619092     0.2717108     0.2802328     0.2875617     0.2937953     0.3042757     0.3172099     0.3204958             0
             0    -0.4157395    -0.4096809    -0.4030509    -0.3971234    -0.3894735    -0.3798827    -0.3696256    -0.3612435    -0.3539617    -0.3460985    -0.3355428    -0.3192586    -0.2984549    -0.2756538    -0.2511034    -0.2250596    -0.1977455    -0.1693835    -0.1402078
    -0.1104422 -8.004424E-02 -4.526482E-02 -1.049914E-02  2.405751E-02  5.824463E-02  9.188155E-02     0.1247587      0.156631     0.1872157     0.2125738     0.2332405     0.2526949     0.2677823     0.2792069     0.2899543     0.2999982     0.3093191      0.317905     0.3257522
     0.3346435     0.3452061     0.3545674     0.3614889     0.3662882     0.3692935     0.3708221     0.3715037     0.3638344     0.3464262             0
             0    -0.4780178    -0.4800959    -0.4782387     -0.475318    -0.4701777     -0.462237    -0.4523561    -0.4435536    -0.4355404    -0.4265403    -0.4140589    -0.3940628    -0.3676685     -0.338249    -0.3063858    -0.2726265    -0.2374004    -0.2010604    -0.1639105
    -0.1261867 -8.773601E-02 -4.363711E-02  5.146766E-04  4.461884E-02  8.860549E-02     0.1323531     0.1756604     0.2182153     0.2595642     0.2941474     0.3223738     0.3488033     0.3689891     0.3840058     0.3977772     0.4102046     0.4212112     0.4307489      0.438803
     0.4470424     0.4549167     0.4589992     0.4591381     0.4563268     0.4514456     0.4452107     0.4311255     0.3991433       0.36347             0
             0    -0.5253415    -0.5391607    -0.5455188    -0.5483938    -0.5488774    -0.5456634    -0.5383267    -0.5301223    -0.5218468    -0.5118142    -0.4971047    -0.4722313    -0.4383192    -0.4003331    -0.3595676     -0.317047    -0.2734366    -0.2291615    -0.1844949
    -0.1395713 -9.401902E-02 -4.176012E-02  1.067504E-02  6.343652E-02      0.116718     0.1706582     0.2252951     0.2804964     0.3358593     0.3837309     0.4237079     0.4618075     0.4910989     0.5127434     0.5321957     0.5490609     0.5629957     0.5737614     0.5812762
     0.5867316     0.5869426     0.5786221     0.5649509      0.548508     0.5310836     0.5137973     0.4807524     0.4244312      0.374396             0
             0    -0.5529659    -0.5777622     -0.593513    -0.6039521     -0.613021    -0.6185296    -0.6173053    -0.6114725    -0.6036358    -0.5924459    -0.5744578    -0.5421627    -0.4979399    -0.4496785    -0.3995546    -0.3488719    -0.2982385    -0.2478886    -0.1978708
    -0.1480924 -9.791519E-02 -4.041262E-02  1.738852E-02  7.593152E-02     0.1357485      0.197384     0.2613771     0.3282112     0.3981989     0.4621035     0.5180876     0.5742998     0.6197956     0.6543289     0.6857972     0.7127345     0.7335458     0.7468321     0.7519458
     0.7489702     0.7298884     0.6964252     0.6596869     0.6240984      0.591581     0.5627245      0.512239     0.4384652     0.3799807             0
             0    -0.5656494    -0.5966884    -0.6186308    -0.6347247    -0.6513349    -0.6663015    -0.6738306    -0.6724282    -0.6658844    -0.6530744    -0.6302422    -0.5885934    -0.5341784    -0.4775889    -0.4209626    -0.3652322    -0.3106179      -0.25704    -0.2043095
    -0.1521499 -9.975019E-02 -3.974873E-02  2.061957E-02  8.197293E-02     0.1450562     0.2106946     0.2798244     0.3535175     0.4329791     0.5086439     0.5778937     0.6515025      0.715585     0.7670611     0.8168911     0.8619471     0.8974429     0.9171174     0.9156818
     0.8939832     0.8423752     0.7777017      0.718365     0.6671683     0.6239747     0.5877975     0.5272904     0.4447542     0.3823938             0
             0    -0.5727381    -0.6076564    -0.6338076    -0.6541131    -0.6771094    -0.7017677    -0.7212463     -0.728161    -0.7248789    -0.7086242    -0.6772434    -0.6233078     -0.558787    -0.4953654    -0.4340396    -0.3749557    -0.3178425    -0.2623156    -0.2079906
    -0.1544565    -0.1007879 -3.936634E-02  2.246366E-02  8.543039E-02     0.1504161     0.2184357     0.2907119     0.3687794     0.4546342      0.538902     0.6187643     0.7080427     0.7917887      0.864017     0.9407749      1.019176      1.091206      1.137022      1.109718
      1.042025     0.9382877     0.8380089     0.7580025     0.6944979     0.6436939     0.6026575     0.5358744     0.4482262     0.3837028             0
             0    -0.5763873    -0.6134492     -0.642101    -0.6651372    -0.6928648    -0.7264271     -0.761351    -0.7847915    -0.7916749    -0.7651603    -0.7171339    -0.6475782    -0.5739382    -0.5055526    -0.4412374    -0.3801836    -0.3216719    -0.2650868     -0.209913
    -0.1556564    -0.1013259 -3.916601E-02  2.342498E-02  8.723623E-02     0.1532274      0.222524     0.2965229     0.3770587     0.4666871     0.5563996     0.6435772     0.7450495     0.8470533      0.942361      1.056938      1.199916      1.386919      1.645817      1.408231
       1.20196      1.015497     0.8784241      0.781909     0.7100077     0.6544902     0.6106238     0.5403522     0.4499995      0.384364             0
