 51            10 
             0    -0.2562434    -0.2471652    -0.2399838    -0.2343319    -0.2278251    -0.2204663    -0.2132898    -0.2077747    -0.2031583    -0.1983403    -0.1920703    -0.1827858    -0.1714399    -0.1594108    -0.1467613    -0.1335544    -0.1198396    -0.1056722 -9.110796E-02
 -7.617852E-02     -0.060796 -4.427612E-02 -2.766674E-02 -1.103288E-02  5.548869E-03  2.201105E-02  3.830123E-02  5.436607E-02  7.014869E-02  8.366105E-02  9.502575E-02     0.1061532     0.1152142     0.1223453     0.1293558     0.1362451     0.1430147     0.1496673     0.1562064
     0.1642434     0.1747368     0.1858981      0.196241     0.2057259     0.2146843     0.2230772     0.2386899     0.2656671     0.2885528             0
             0    -0.2614982    -0.2523823    -0.2450933    -0.2393871    -0.2328741    -0.2254778    -0.2182378      -0.21266    -0.2079822    -0.2030894     -0.196705    -0.1872066    -0.1755523    -0.1631451    -0.1501183    -0.1366186    -0.1225498     -0.107951 -9.288847E-02
 -7.742296E-02 -6.152705E-02 -4.476617E-02 -2.780031E-02 -1.074623E-02  6.206268E-03  2.295684E-02  3.954046E-02  5.591822E-02  7.201833E-02  8.578616E-02  9.734613E-02     0.1086395     0.1178074     0.1249976     0.1320246     0.1388834     0.1455933     0.1521685     0.1586237
     0.1665668     0.1770468     0.1883066     0.1988705     0.2086328     0.2178012     0.2263082     0.2420127     0.2685407     0.2904413             0
             0    -0.3395091    -0.3299612    -0.3217861    -0.3151819    -0.3074173    -0.2983454    -0.2892245    -0.2820649    -0.2759897    -0.2695643    -0.2610921    -0.2483048    -0.2323508    -0.2151329    -0.1968598    -0.1777704    -0.1577599    -0.1369131    -0.1153516
 -9.318865E-02 -7.041237E-02 -4.643256E-02 -2.219618E-02  2.102176E-03  2.616126E-02  4.980297E-02  7.303825E-02  9.576759E-02     0.1178404     0.1364258     0.1518126      0.166599      0.178376     0.1874822     0.1962443     0.2046521     0.2127264     0.2204833     0.2279392
     0.2369112     0.2483386     0.2599706     0.2702765     0.2792051      0.287036     0.2937852     0.3052958     0.3199987     0.3243197             0
             0    -0.4167392    -0.4109017    -0.4043771    -0.3985322    -0.3910518      -0.38162    -0.3714829     -0.363172    -0.3559357    -0.3481019    -0.3375553    -0.3212058    -0.3002302    -0.2771624     -0.252367    -0.2263066    -0.1989108    -0.1703494    -0.1408221
    -0.1105016 -7.938112E-02 -4.666675E-02 -1.356946E-02  1.965491E-02  5.260206E-02  8.501678E-02     0.1168889     0.1480294     0.1781481     0.2032952     0.2238993     0.2434086     0.2586367     0.2702139     0.2811319     0.2913577     0.3009055     0.3097871     0.3180188
     0.3275297     0.3388413     0.3490818     0.3569829     0.3626899     0.3666641     0.3691381     0.3716188     0.3668665     0.3506556             0
             0    -0.4796051      -0.48245    -0.4811562    -0.4785809    -0.4738898    -0.4663875      -0.45682    -0.4481775    -0.4402485    -0.4312805    -0.4187641    -0.3985395    -0.3716497    -0.3415863     -0.309069    -0.2750366    -0.2395124     -0.202777    -0.1650904
    -0.1266385 -8.735381E-02 -4.617363E-02 -4.419634E-03  3.769073E-02     0.0797547     0.1215343     0.1630809     0.2041623     0.2443359     0.2781337     0.3058544     0.3319672     0.3520632     0.3670965     0.3809522     0.3935151     0.4047548     0.4146535     0.4232182
     0.4323066     0.4414705     0.4471659     0.4491698     0.4481973     0.4451199     0.4405664     0.4295362      0.402059      0.367943             0
             0    -0.5276687    -0.5433359    -0.5513443    -0.5552972    -0.5570838    -0.5552151    -0.5488411    -0.5410775    -0.5329828    -0.5229391    -0.5079703    -0.4822461    -0.4468299    -0.4071844    -0.3647797    -0.3213509     -0.276966    -0.2319256    -0.1864286
    -0.1405468 -9.403396E-02 -4.547204E-02  3.886347E-03  5.399923E-02     0.1046289     0.1557406     0.2076593     0.2603436     0.3134129     0.3594786      0.398083     0.4350513     0.4636652     0.4849262     0.5041459     0.5209002     0.5349261     0.5460359     0.5541754
     0.5607734     0.5632184     0.5578067     0.5475082     0.5344207     0.5200644     0.5054975      0.477161     0.4270835     0.3790088             0
             0    -0.5559241    -0.5839191    -0.6030456     -0.615981    -0.6282999    -0.6375768    -0.6393761    -0.6349558    -0.6276046    -0.6161416    -0.5969621    -0.5617455    -0.5134287    -0.4613764    -0.4078966    -0.3552862    -0.3032063    -0.2516343    -0.2004676
    -0.1495103    -0.0982558    -0.0449446  9.337268E-03  6.477831E-02     0.1214009       0.17952     0.2399628     0.3032803     0.3697772     0.4306347     0.4840667     0.5378836     0.5816303     0.6149508     0.6454213     0.6715574     0.6919544     0.7053509      0.711162
     0.7097405     0.6945886     0.6661538     0.6348977     0.6045696     0.5765178     0.5514125     0.5071265     0.4408975     0.3846585             0
             0    -0.5689492    -0.6040801    -0.6307794    -0.6507349    -0.6728608    -0.6951585    -0.7098984    -0.7126374    -0.7076518     -0.693513    -0.6667708    -0.6179762    -0.5557628    -0.4930104    -0.4314711    -0.3729891     -0.316443    -0.2613421    -0.2072682
     -0.153803      -0.10026 -4.468208E-02  1.195617E-02  6.998519E-02     0.1295987     0.1913592     0.2564818     0.3260771      0.401296     0.4730459     0.5388207      0.608887       0.67004     0.7192342     0.7668904     0.8099101     0.8439386     0.8631679       0.86263
     0.8432995     0.7980915     0.7409183     0.6889447      0.644469     0.6066746      0.574875     0.5214049     0.4470738     0.3870983             0
             0    -0.5762445     -0.615854    -0.6478015    -0.6731393     -0.703929    -0.7404606    -0.7750419    -0.7948089    -0.7993999    -0.7755079    -0.7315049    -0.6624894     -0.585516    -0.5135962    -0.4460618    -0.3836007    -0.3242133    -0.2669622    -0.2111689
    -0.1562501    -0.1013977 -4.453034E-02  1.345001E-02  7.296434E-02      0.134319     0.1982452     0.2662356     0.3398393     0.4209551     0.5006924     0.5763651     0.6610953       0.74068     0.8093229     0.8821862     0.9563588      1.024544      1.068232      1.043025
     0.9799476     0.8863367     0.7964054     0.7254297     0.6697734      0.625017     0.5887649     0.5295364     0.4504798     0.3884215             0
             0    -0.5800058    -0.6221081    -0.6572235    -0.6861454    -0.7236458    -0.7743707    -0.8395458    -0.9103493    -0.9956684    -0.8909546    -0.7957901    -0.6959699    -0.6045128    -0.5256274    -0.4541798     -0.389343     -0.328349    -0.2699228    -0.2132103
    -0.1575255    -0.1019889 -4.445071E-02  1.422853E-02  7.452025E-02      0.136795     0.2018826     0.2714439     0.3473116     0.4319132     0.5167146     0.5992211     0.6953745     0.7920787     0.8823557     0.9906575        1.1254      1.301924      1.547945       1.32256
      1.128046     0.9572871     0.8335834     0.7474188     0.6841296     0.6350554     0.5962065     0.5337745     0.4522182     0.3890898             0
