 51            10 
             0    -0.2586274    -0.2489147    -0.2406512    -0.2349813    -0.2291631    -0.2221449    -0.2150012    -0.2093641    -0.2045642    -0.1994663    -0.1927068    -0.1823796     -0.170064    -0.1571096    -0.1447046    -0.1329992    -0.1200373    -0.1060037 -9.101634E-02
 -7.512818E-02 -5.832331E-02 -4.203716E-02 -2.633554E-02 -9.863409E-03  6.035293E-03  2.118909E-02     0.0366263  5.217896E-02  6.770681E-02  8.117279E-02  9.260321E-02     0.1039066     0.1132174      0.120609     0.1274847     0.1338396     0.1401242     0.1463294     0.1524466
     0.1599721     0.1702267     0.1814816      0.192259      0.202568     0.2118886     0.2202023     0.2358079     0.2629252      0.285874             0
             0    -0.2641962    -0.2551368    -0.2477299    -0.2420141    -0.2357471    -0.2284335    -0.2212565    -0.2157322    -0.2111017    -0.2062573    -0.1999214    -0.1903776    -0.1787558    -0.1660906    -0.1528786    -0.1398968    -0.1259194    -0.1112392 -9.595963E-02
 -8.015726E-02 -6.359719E-02 -4.695337E-02 -3.056255E-02 -1.342483E-02  3.413788E-03  1.963652E-02  3.599672E-02  5.232016E-02  6.847078E-02  8.227051E-02     0.0938499     0.1051863     0.1144772     0.1218803     0.1288632     0.1353922     0.1418724     0.1482713     0.1545787
      0.162332      0.172785     0.1841116     0.1948376     0.2049935      0.214414     0.2230154     0.2390671     0.2658213     0.2879483             0
             0    -0.3423198    -0.3328724     -0.324594    -0.3180197    -0.3105642    -0.3016125    -0.2925877    -0.2855076    -0.2795016    -0.2731461    -0.2647437    -0.2518977     -0.235991    -0.2183933    -0.1998505    -0.1814537    -0.1615491    -0.1405772    -0.1187087
 -9.607452E-02 -7.235987E-02 -4.855101E-02 -2.513438E-02 -7.153366E-04  2.318473E-02  4.609079E-02  6.902592E-02  9.169465E-02     0.1138546     0.1325008      0.147929      0.162787     0.1747354     0.1841242      0.192851     0.2008728      0.208693     0.2162687     0.2235858
      0.232389     0.2438497     0.2556363     0.2661724     0.2755291     0.2836422     0.2905291     0.3024357     0.3175319     0.3219016             0
             0    -0.4198745    -0.4143318    -0.4078917    -0.4022818    -0.3952212    -0.3860321    -0.3760861    -0.3679117     -0.360783    -0.3530483    -0.3425916    -0.3261409    -0.3051893    -0.2815149    -0.2562727    -0.2310268    -0.2036682     -0.174857    -0.1448497
    -0.1138429 -8.140872E-02 -4.888412E-02    -0.0168918  1.649166E-02  4.919407E-02  8.056639E-02     0.1119836     0.1429899     0.1731767     0.1983657     0.2189949      0.238573     0.2540061     0.2659343     0.2768127     0.2865768     0.2958425     0.3045488     0.3126737
     0.3220842     0.3335522     0.3441347     0.3524137     0.3586139     0.3629466     0.3656773     0.3686778     0.3645967     0.3482972             0
             0    -0.4832988     -0.486991      -0.48639    -0.4846683    -0.4807332     -0.473873    -0.4647812    -0.4564158    -0.4486672    -0.4398283    -0.4273807    -0.4068751    -0.3798015    -0.3486117    -0.3151993    -0.2818475     -0.246036    -0.2087215     -0.170223
    -0.1307602 -8.971965E-02 -4.868653E-02 -8.294519E-03  3.400458E-02  7.568785E-02     0.1160329     0.1568531     0.1975786     0.2376259     0.2712688      0.298838      0.324861     0.3450858     0.3604714     0.3742003     0.3861443     0.3970356     0.4067661      0.415294
     0.4244476     0.4340403     0.4405076     0.4432514     0.4429779     0.4404844     0.4364778     0.4262953     0.3998967     0.3656278             0
             0    -0.5320907    -0.5497055    -0.5598165    -0.5661008    -0.5696957    -0.5697307    -0.5647463      -0.55767    -0.5499191    -0.5399899    -0.5248532     -0.498089    -0.4615605    -0.4194427    -0.3749897    -0.3315804    -0.2861285    -0.2398567     -0.192999
    -0.1456561 -9.690002E-02 -4.838513E-02 -5.957356E-04  4.971677E-02  9.977443E-02     0.1489718     0.1997303       0.25159     0.3039927     0.3493017     0.3871716     0.4234506     0.4517646     0.4731397     0.4918446     0.5075082     0.5209346      0.531831     0.5400802
     0.5471672     0.5507677     0.5472331     0.5386174     0.5268358     0.5136353     0.5002201     0.4734123     0.4249571     0.3767228             0
             0    -0.5609773    -0.5923063    -0.6157577     -0.633575    -0.6501722      -0.66465    -0.6705773    -0.6680899    -0.6614885    -0.6498914    -0.6294764     -0.590592    -0.5382832    -0.4809037    -0.4231753    -0.3693388    -0.3150581    -0.2614299    -0.2082967
    -0.1554434    -0.1015532     -0.048183  4.406157E-03  6.003992E-02     0.1159068     0.1716792     0.2304818     0.2923493     0.3573169     0.4163233     0.4678378      0.519571      0.561802     0.5943671       0.62306     0.6466517     0.6655297     0.6784207     0.6847214
     0.6850224     0.6731024     0.6491346     0.6215556     0.5937526     0.5678278     0.5447322     0.5028678     0.4387665     0.3823876             0
             0     -0.574346    -0.6137344    -0.6465529    -0.6736872    -0.7029718    -0.7350396    -0.7585874    -0.7655489    -0.7619355    -0.7471355    -0.7169662    -0.6598029    -0.5893161    -0.5180987    -0.4502183    -0.3894711    -0.3299022    -0.2721978    -0.2157852
    -0.1601735    -0.1037864 -4.808892E-02  6.799586E-03  6.501418E-02     0.1237674     0.1829376     0.2461219     0.3138384      0.386866     0.4558189     0.5185247     0.5849316     0.6428881     0.6898671     0.7333604     0.7708127     0.8009449      0.818629     0.8197016
     0.8051445     0.7672858     0.7181442     0.6720937     0.6313239     0.5964636      0.567302      0.516853     0.4449351     0.3848341             0
             0    -0.5818496    -0.6263392    -0.6657665     -0.700169    -0.7409188    -0.7923445    -0.8418108    -0.8680268    -0.8726716    -0.8494956     -0.799891    -0.7163339    -0.6261547     -0.542832    -0.4672005    -0.4016851    -0.3386964     -0.278475    -0.2201032
    -0.1628822    -0.1050607 -4.803646E-02  8.162256E-03  6.785691E-02     0.1282866      0.189472      0.255331     0.3267634     0.4052071     0.4814045       0.55302     0.6325616     0.7069949     0.7713741     0.8360755     0.8986105     0.9561825     0.9931301     0.9747992
     0.9249601      0.846288     0.7687503     0.7059167     0.6549763     0.6137736     0.5806063     0.5248024     0.4483353     0.3861608             0
             0    -0.5857239    -0.6330709    -0.6765447    -0.7158421    -0.7655589    -0.8358201    -0.9208925    -0.9893989     -1.028595     -0.970805    -0.8788044    -0.7593014     -0.650098    -0.5575276    -0.4767483    -0.4083514    -0.3434072    -0.2817974    -0.2223711
     -0.164298    -0.1057252    -0.0480096  8.871598E-03     0.0693405     0.1306547     0.1929189     0.2602391     0.3337633     0.4153952     0.4961637     0.5738972     0.6636022     0.7531891     0.8366378     0.9304634      1.040853      1.182992      1.373507      1.203512
      1.050775     0.9087577     0.8022907     0.7261621     0.6683205     0.6232035     0.5877125     0.5289402     0.4500702     0.3868309             0
