 51            10 
             0 -3.841516E-03 -2.295429E-03 -1.110213E-03 -1.837096E-04  8.774039E-04  2.070498E-03  3.226978E-03  4.111652E-03  4.849947E-03  5.618195E-03   6.61515E-03  8.085633E-03  9.875025E-03  1.176698E-02  1.375474E-02  1.583115E-02  1.798863E-02  2.021927E-02  2.251483E-02
  2.486679E-02  2.726635E-02  2.970444E-02  3.217164E-02  3.465842E-02  3.715523E-02  3.965262E-02  4.214133E-02  4.461235E-02  4.705704E-02  4.916584E-02  5.095006E-02     0.0527078  5.414802E-02  5.528605E-02  5.640914E-02  5.751652E-02  5.860746E-02  5.968126E-02  6.073727E-02
  6.203427E-02  6.379981E-02  6.573731E-02  6.759087E-02     0.0693574  7.103433E-02  7.261962E-02  7.560372E-02  8.102845E-02  8.608203E-02             0
             0 -4.109421E-03 -2.555349E-03  -1.36269E-03  -4.29964E-04  6.386903E-04  1.840689E-03  3.006179E-03  3.897947E-03  4.642269E-03  5.416893E-03  6.422253E-03  7.905402E-03  9.710603E-03  1.161963E-02  1.362565E-02     0.0157214  1.789917E-02  2.015094E-02  2.246832E-02
  2.484261E-02  2.726487E-02     0.0297258  3.221585E-02  3.472525E-02  3.724428E-02  3.976326E-02  4.227275E-02  4.476357E-02  4.722685E-02  4.935075E-02  5.114708E-02  5.291605E-02  5.436485E-02  5.550932E-02  5.663841E-02  5.775135E-02  5.884739E-02  5.992585E-02  6.098606E-02
  6.228775E-02  6.405868E-02  6.600057E-02  6.785686E-02  6.962454E-02  7.130118E-02  7.288487E-02  7.586345E-02  8.126449E-02  8.626951E-02             0
             0 -8.282393E-03 -6.611229E-03 -5.306667E-03 -4.279571E-03 -3.095709E-03 -1.756839E-03 -4.521371E-04  5.496017E-04  1.387525E-03  2.261363E-03   3.39771E-03  5.078698E-03  7.131422E-03  9.308377E-03     0.0116014  1.400161E-02  1.649945E-02  1.908479E-02  2.174696E-02
  2.447477E-02  2.725662E-02  3.008039E-02  3.293342E-02     0.0358028  3.867549E-02  4.153856E-02  4.437927E-02  4.718525E-02  4.994462E-02  5.230844E-02  5.429685E-02  5.624342E-02  5.782747E-02     0.0590731  6.029614E-02  6.149571E-02  6.267098E-02  6.382119E-02  6.494568E-02
  6.631836E-02  6.816931E-02  7.017386E-02  7.206543E-02  7.384285E-02  7.550593E-02  7.705521E-02  7.992861E-02  8.492123E-02  8.913707E-02             0
             0 -1.162075E-02 -9.906005E-03 -8.540665E-03 -7.456823E-03 -6.198042E-03 -4.764393E-03 -3.358202E-03 -2.273651E-03 -1.363886E-03 -4.125751E-04  8.276622E-04  2.668819E-03  4.926531E-03  7.329386E-03  9.867828E-03  1.253129E-02  1.530833E-02  1.818678E-02  2.115387E-02
  2.419622E-02     0.0272999  3.045035E-02  3.363222E-02  3.682969E-02  4.002663E-02  4.320681E-02  4.635401E-02  4.945221E-02  5.248579E-02  5.507051E-02  5.723428E-02     0.0593408  6.104428E-02  6.237766E-02  6.368043E-02  6.495147E-02  6.618982E-02  6.739464E-02  6.856526E-02
  6.998507E-02  7.188023E-02  7.390361E-02  7.578484E-02     0.0775259  7.913012E-02  8.060179E-02  8.328987E-02  8.775812E-02  9.119962E-02             0
             0 -1.386937E-02 -1.216729E-02 -1.078595E-02 -9.680306E-03 -8.386204E-03 -6.901506E-03 -5.435257E-03 -4.299019E-03 -3.343085E-03 -2.340727E-03 -1.030565E-03  9.212362E-04  3.324185E-03  5.889797E-03  8.606898E-03  1.146314E-02     0.0144453  1.753953E-02  2.073146E-02
  2.400632E-02     0.0273488  3.074298E-02  3.417198E-02  3.761828E-02  4.106381E-02  4.449004E-02  4.787808E-02     0.0512087  5.446259E-02  5.722586E-02  5.953135E-02  6.176637E-02  6.356443E-02  6.496625E-02  6.632978E-02  6.765358E-02  6.893646E-02  7.017744E-02  7.137579E-02
  7.281987E-02  7.472772E-02  7.673554E-02  7.857498E-02  8.025255E-02  8.177623E-02  8.315476E-02  8.563937E-02  8.962643E-02  9.248113E-02             0
             0 -1.533842E-02 -1.367397E-02 -1.230095E-02 -1.119383E-02 -9.888717E-03  -8.38094E-03 -6.881938E-03 -5.714879E-03 -4.730167E-03 -3.694843E-03 -2.338236E-03 -3.106152E-04   2.19443E-03  4.875846E-03  7.720502E-03  1.071415E-02  1.384193E-02  1.708863E-02  2.043891E-02
  2.387721E-02  2.738775E-02  3.095413E-02  3.455899E-02  3.818423E-02  4.181099E-02  4.541969E-02  4.898983E-02  5.250001E-02  5.592787E-02  5.883498E-02  6.125595E-02  6.359632E-02  6.547172E-02  6.692891E-02  6.834071E-02  6.970512E-02  7.102051E-02  7.228564E-02  7.349971E-02
  7.495306E-02  7.685311E-02     0.0788241  8.060456E-02      0.082207  8.364493E-02  8.493165E-02  8.722766E-02     0.0908272  9.327111E-02             0
             0 -1.609983E-02 -1.446956E-02 -1.311149E-02 -1.201132E-02 -1.070826E-02 -9.195465E-03 -7.683916E-03 -6.502768E-03 -5.503873E-03  -4.45139E-03 -3.069641E-03 -9.993964E-04  1.564346E-03  4.312539E-03   7.23024E-03  1.030172E-02  1.351102E-02  1.684223E-02  2.027957E-02
  2.380735E-02  2.740975E-02  3.107049E-02  3.477232E-02  3.849722E-02  4.222642E-02  4.594019E-02  4.961775E-02     0.0532369  5.677385E-02  5.977446E-02     0.0622725  6.468488E-02  6.661397E-02  6.810975E-02     0.0695549  7.094666E-02  7.228271E-02  7.356141E-02  7.478182E-02
  7.623426E-02  7.811609E-02  8.004583E-02  8.177151E-02  8.331161E-02  8.468412E-02  8.590542E-02  8.807438E-02  9.144233E-02  9.366452E-02             0
             0 -1.643088E-02 -1.481875E-02 -1.346989E-02 -1.237486E-02 -1.107504E-02 -9.562398E-03 -8.047021E-03 -6.860438E-03 -5.855609E-03 -4.795556E-03 -3.402338E-03 -1.312145E-03  1.279234E-03  4.058629E-03  7.010072E-03     0.0101171  1.336329E-02  1.673245E-02  2.020869E-02
  2.377632E-02  2.741959E-02  3.112235E-02  3.486748E-02  3.863711E-02  4.241261E-02  4.617438E-02  4.990166E-02  5.357213E-02  5.716164E-02  6.020857E-02  6.274578E-02  6.519579E-02     0.0671538     0.0686707     0.0701343  7.154115E-02  7.288829E-02  7.417356E-02  7.539584E-02
  7.684501E-02  7.871222E-02  8.061497E-02  8.230824E-02  8.381394E-02  8.515215E-02  8.634046E-02  8.844735E-02     0.0917084  9.383262E-02             0
             0 -1.661099E-02 -1.500966E-02 -1.366662E-02 -1.257508E-02 -1.127785E-02 -9.766178E-03 -8.249416E-03 -7.060194E-03 -6.052239E-03 -4.987998E-03 -3.588263E-03  -1.48657E-03  1.120684E-03  3.917825E-03  6.888274E-03  1.001517E-02  1.328185E-02      0.016672  2.016969E-02
  2.375926E-02  2.742501E-02  3.115089E-02  3.491988E-02  3.871422E-02  4.251539E-02  4.630393E-02  5.005912E-02  5.375869E-02  5.737839E-02  6.045241E-02  6.301294E-02  6.548587E-02      0.067462     0.0689924  7.046805E-02  7.188492E-02  7.323939E-02  7.452872E-02  7.575146E-02
  7.719713E-02  7.905288E-02  8.093696E-02  8.260932E-02  8.409377E-02  8.541144E-02  8.658045E-02  8.865158E-02     0.0918528  9.392333E-02             0
             0 -1.670214E-02 -1.510659E-02 -1.376678E-02 -1.267726E-02 -1.138166E-02 -9.870886E-03 -8.353788E-03 -7.163418E-03 -6.153942E-03  -5.08753E-03 -3.684321E-03 -1.576461E-03   1.03921E-03  3.845646E-03  6.825957E-03  9.963098E-03  1.324029E-02  1.664117E-02  2.014982E-02
  2.375056E-02  2.742778E-02  3.116543E-02  3.494659E-02  3.875356E-02  4.256789E-02  4.637017E-02  5.013978E-02  5.385448E-02  5.749003E-02  6.057848E-02  6.315162E-02  6.563723E-02  6.762368E-02  6.916201E-02  7.064499E-02  7.206819E-02  7.342747E-02  7.471935E-02  7.594179E-02
  7.738428E-02  7.923199E-02  8.110459E-02  8.276494E-02  8.423765E-02  8.554424E-02  8.670298E-02  8.875537E-02  9.192576E-02  9.396899E-02             0
