 51            10 
             0    -0.2295816    -0.2228696    -0.2171987     -0.212658     -0.207368    -0.2013423    -0.1954402    -0.1908948    -0.1870859    -0.1831073    -0.1779258    -0.1702452     -0.160844    -0.1521055    -0.1441334    -0.1357415    -0.1232918    -0.1095382 -9.566777E-02
 -8.095162E-02 -6.573009E-02 -5.004493E-02 -3.399371E-02 -1.777198E-02 -1.295354E-03  1.545472E-02  3.245032E-02     0.0487043  6.389481E-02  7.704797E-02  8.809981E-02  9.887804E-02     0.1076359     0.1145497     0.1214117     0.1282456     0.1350471     0.1418453     0.1482176
      0.155575      0.165955     0.1771929     0.1875899     0.1977004     0.2074212     0.2165752     0.2337747     0.2617805     0.2854003             0
             0    -0.2327122    -0.2259976    -0.2203068    -0.2157448    -0.2104235    -0.2043544    -0.1984015    -0.1938115    -0.1899618    -0.1859368    -0.1806894     -0.172897    -0.1633306    -0.1544031    -0.1462002    -0.1374822    -0.1246986     -0.110604 -9.636588E-02
 -8.123223E-02 -6.555773E-02 -4.940265E-02 -3.288451E-02 -1.620435E-02  7.123367E-04  1.787435E-02  3.526659E-02  5.187897E-02  6.741057E-02  8.086783E-02     0.0921807     0.1032159     0.1121786     0.1192484     0.1262566     0.1332236     0.1401457     0.1470535     0.1535193
     0.1609891     0.1714803     0.1827829     0.1932003     0.2032721     0.2128536     0.2217631     0.2383788     0.2654395     0.2877104             0
             0    -0.2822408    -0.2757721    -0.2699908    -0.2652685    -0.2596664    -0.2531747    -0.2467087    -0.2416665    -0.2374061    -0.2329186    -0.2270249    -0.2181761    -0.2071524    -0.1967125    -0.1869649    -0.1764378    -0.1590383    -0.1392382    -0.1190011
    -0.0973844 -7.495393E-02 -5.183693E-02 -2.823442E-02 -4.465739E-03  1.954184E-02  4.376482E-02  6.813778E-02  9.121372E-02     0.1125296     0.1307306      0.145829     0.1603264     0.1718849     0.1808758     0.1896542     0.1982406     0.2066248     0.2148394     0.2223839
     0.2309071      0.242465     0.2543123     0.2646137     0.2739569     0.2822645     0.2894576     0.3019157     0.3174548     0.3217398             0
             0    -0.3247911    -0.3199619       -0.3151    -0.3109825    -0.3059478    -0.2999566    -0.2938463    -0.2890043     -0.284872    -0.2804781    -0.2746552    -0.2658009    -0.2545937    -0.2438149    -0.2336067    -0.2223954    -0.1998453    -0.1731505     -0.145565
    -0.1160105 -8.533372E-02 -5.373105E-02 -2.147488E-02  1.101017E-02  4.383346E-02  7.695982E-02      0.110278     0.1417651      0.170723     0.1952461     0.2153894      0.234462     0.2493806     0.2608007     0.2717436     0.2822172     0.2921944     0.3017014     0.3101717
     0.3193938     0.3311193     0.3420005     0.3503221     0.3567484      0.361414     0.3644972     0.3681116     0.3647411     0.3481555             0
             0    -0.3551157     -0.352713    -0.3494086    -0.3463967    -0.3424988    -0.3376399    -0.3324915    -0.3283158    -0.3247057     -0.320825    -0.3156361    -0.3076673    -0.2975059    -0.2877079    -0.2785369    -0.2685194    -0.2409621    -0.2070162    -0.1717966
    -0.1341812 -9.530084E-02 -5.536199E-02 -1.461846E-02  2.650429E-02  6.825795E-02     0.1106948     0.1537473     0.1947919     0.2328777      0.265303     0.2919319     0.3170036      0.336351     0.3509437     0.3646446     0.3774083     0.3891549     0.3998797     0.4089611
     0.4182184     0.4284993     0.4358888      0.439418     0.4399968     0.4382355       0.43477     0.4254521     0.4001653     0.3654866             0
             0    -0.3758243    -0.3760788    -0.3746252    -0.3729739    -0.3705152    -0.3671134    -0.3632034    -0.3598795     -0.356935      -0.35371    -0.3493423    -0.3425778    -0.3340251    -0.3260122    -0.3191292    -0.3122511    -0.2797787    -0.2383955     -0.195676
    -0.1504886    -0.1041793 -5.686043E-02 -8.640663E-03  4.019523E-02  9.018093E-02     0.1416184      0.194677     0.2462537     0.2952926     0.3380511     0.3737141     0.4076513     0.4338707     0.4534872     0.4715762     0.4878942     0.5021757     0.5142897     0.5235534
     0.5316802     0.5373707      0.536562     0.5306625     0.5212529     0.5097611     0.4973892     0.4720636     0.4252706     0.3765748             0
             0    -0.3869313    -0.3892128    -0.3893279    -0.3888942    -0.3877862    -0.3857861    -0.3830362    -0.3804482    -0.3780319    -0.3752774    -0.3714473    -0.3654268    -0.3579898     -0.351488    -0.3470173    -0.3439696    -0.3075168    -0.2601797    -0.2118549
    -0.1613383     -0.110039 -5.790305E-02  -4.83745E-03  4.907712E-02     0.1046931     0.1626542     0.2235435     0.2841432     0.3437235     0.3977661     0.4443654     0.4902606      0.526807     0.5544789     0.5799977     0.6025025     0.6210759     0.6350684     0.6436362
     0.6483626     0.6435443     0.6273469     0.6067765     0.5842343     0.5617115     0.5404875     0.5009934     0.4390783      0.382233             0
             0    -0.3918372    -0.3951696    -0.3961668    -0.3964604    -0.3962179    -0.3951837    -0.3932667    -0.3911727    -0.3890594    -0.3865027    -0.3828192    -0.3769328     -0.369837    -0.3640212    -0.3609312    -0.3603136    -0.3216119    -0.2710313    -0.2197928
    -0.1666043    -0.1128689 -5.841821E-02 -3.033293E-03  5.333282E-02     0.1117243     0.1730096     0.2380778     0.3037863     0.3698578     0.4316077     0.4864518     0.5424769     0.5890372     0.6253181     0.6596175     0.6901246      0.714599     0.7309741      0.737728
     0.7370044     0.7179419      0.684993     0.6512889     0.6187105     0.5887492     0.5621237     0.5146719     0.4452399      0.384676             0
             0    -0.3945272    -0.3984833     -0.400031       -0.4008    -0.4011602    -0.4008608    -0.3996536    -0.3979995    -0.3961209    -0.3936202    -0.3898691    -0.3838376    -0.3767767    -0.3712937    -0.3690504    -0.3700227     -0.329909    -0.2773459    -0.2243731
    -0.1696252    -0.1144877 -5.871607E-02 -2.010259E-03  5.575828E-02     0.1157551     0.1789974     0.2465879      0.315484     0.3858095     0.4529496     0.5139703     0.5782888     0.6340545     0.6790662     0.7233601     0.7642273     0.7975027     0.8178864     0.8206384
     0.8112881     0.7744958     0.7249113     0.6801391     0.6400318     0.6049351      0.574802     0.5224292     0.4486344     0.3860007             0
             0    -0.3958953    -0.4001855      -0.40204    -0.4030857    -0.4038218    -0.4040376    -0.4034397    -0.4022662    -0.4006708    -0.3980398    -0.3940043    -0.3876616    -0.3804936    -0.3751394    -0.3733537    -0.3752351    -0.3343307    -0.2806828    -0.2267792
    -0.1712057    -0.1153331 -5.887264E-02 -1.479044E-03  5.702189E-02     0.1178633     0.1821477     0.2511053     0.3217712     0.3945502      0.464971     0.5299945     0.6001763     0.6633058     0.7161803     0.7709332     0.8249304      0.872727     0.9034452     0.8950058
     0.8709182     0.8137172     0.7496718     0.6968551     0.6518687     0.6136829     0.5815435     0.5264608     0.4503658     0.3866697             0
