 51            10 
             0    -0.2583905    -0.2493426    -0.2421785    -0.2365336    -0.2300277    -0.2226688    -0.2154929    -0.2099792    -0.2053646    -0.2005494    -0.1942843    -0.1850105    -0.1736819    -0.1616738     -0.149044    -0.1358539    -0.1221678     -0.108058 -9.360764E-02
 -7.889853E-02    -0.0638821 -4.667683E-02 -2.947937E-02    -0.0123576   4.62268E-03  2.139754E-02  3.790506E-02     0.0540856     0.0698823  8.332173E-02     0.0945709     0.1055304     0.1144072     0.1213662     0.1281785     0.1348402     0.1413478     0.1476983      0.153889
     0.1614248     0.1715437     0.1824415     0.1926674     0.2022206     0.2111052     0.2193302     0.2344869     0.2603127     0.2819157             0
             0    -0.2634753    -0.2543752    -0.2471429    -0.2414432    -0.2348719    -0.2274278    -0.2201525    -0.2145516    -0.2098577    -0.2049529    -0.1985624     -0.189084    -0.1774793    -0.1651602    -0.1521956    -0.1386526    -0.1245876    -0.1100672 -9.517799E-02
 -8.001594E-02 -6.456143E-02    -0.0469492 -2.932416E-02 -1.178028E-02  5.613784E-03  2.279155E-02  3.968851E-02  5.624202E-02  7.239158E-02  8.611849E-02     0.0975982     0.1087705     0.1178085     0.1248873     0.1318098     0.1385721     0.1451704     0.1516019     0.1578642
     0.1654782     0.1756845      0.186651     0.1969163     0.2064806      0.215348     0.2235297     0.2385547     0.2638857     0.2846379             0
             0    -0.3413112     -0.331744    -0.3236085    -0.3169975    -0.3091477    -0.3000019    -0.2908243    -0.2836279    -0.2775269    -0.2710825    -0.2625999    -0.2498407    -0.2339638    -0.2168825    -0.1987137    -0.1795782    -0.1595838    -0.1388535    -0.1175368
    -0.0957939 -7.361377E-02 -4.832508E-02 -2.305561E-02  2.031689E-03  2.680735E-02  5.114095E-02  7.489991E-02  9.794921E-02     0.1201525     0.1387223     0.1540243     0.1686607     0.1802648     0.1892174     0.1978294     0.2060924     0.2140002     0.2215482     0.2287343
     0.2372642     0.2482612     0.2594185     0.2692217     0.2777454     0.2850764     0.2913122     0.3017975     0.3147457     0.3180668             0
             0    -0.4181681     -0.412122    -0.4054976    -0.3995737    -0.3919272    -0.3823397    -0.3720853    -0.3637051    -0.3564248     -0.348563    -0.3380091    -0.3217273    -0.3009262    -0.2781276    -0.2535795    -0.2275379    -0.2002259    -0.1718657    -0.1426919
     -0.112928 -8.253165E-02 -4.775412E-02 -1.299008E-02  2.156518E-02  5.575112E-02  8.938707E-02     0.1222635     0.1541352     0.1847196     0.2100776     0.2307443     0.2501988     0.2652864     0.2767112     0.2874589     0.2975031     0.3068244     0.3154107     0.3232584
     0.3321504     0.3427139     0.3520767     0.3589997     0.3638008     0.3668082      0.368339     0.3690254     0.3613701     0.3439972             0
             0    -0.4804464     -0.482537    -0.4806854    -0.4777684    -0.4726314    -0.4646941    -0.4548159    -0.4460152    -0.4380035    -0.4290048    -0.4165252    -0.3965315    -0.3701398    -0.3407227    -0.3088619    -0.2751048    -0.2398808    -0.2035427    -0.1663946
    -0.1286725 -9.022341E-02    -0.0461264 -1.976248E-03  4.212651E-02  8.611198E-02     0.1298587     0.1731652     0.2157196     0.2570681     0.2916512     0.3198777     0.3463073     0.3664933     0.3815101     0.3952818     0.4077095     0.4187165     0.4282546     0.4363092
     0.4445493     0.4524246     0.4565085      0.456649     0.4538395     0.4489603     0.4427277     0.4286473     0.3966791     0.3610411             0
             0      -0.52777    -0.5416018    -0.5479655    -0.5508441    -0.5513311    -0.5481204    -0.5407864    -0.5325839    -0.5243099    -0.5142787     -0.499571       -0.4747    -0.4407905    -0.4028068    -0.3620437    -0.3195252     -0.275917    -0.2316438     -0.186979
     -0.142057 -9.650642E-02    -0.0442494  8.184125E-03     0.0609442     0.1142245     0.1681638     0.2227999     0.2780007     0.3333632     0.3812347     0.4212118     0.4593115     0.4886031     0.5102478     0.5297003     0.5465659      0.560501     0.5712672     0.5787824
     0.5842384     0.5844505     0.5761314     0.5624619     0.5460207     0.5285984     0.5113143     0.4782742      0.421967     0.3719671             0
             0    -0.5553945    -0.5802033    -0.5959598    -0.6064024    -0.6154748    -0.6209866     -0.619765    -0.6139342    -0.6060988    -0.5949104     -0.576924    -0.5446313    -0.5004112    -0.4521522    -0.4020306    -0.3513501    -0.3007188    -0.2503709    -0.2003549
    -0.1505782    -0.1004026    -0.0429019     0.0148976     0.0734392      0.133255     0.1948896     0.2588819     0.3257155     0.3957028     0.4596074     0.5155915     0.5718039     0.6172998     0.6518334     0.6833019     0.7102395     0.7310512     0.7443379     0.7494521
     0.7464771     0.7273964     0.6939345     0.6571978     0.6216111     0.5890958     0.5602415     0.5097609      0.436001     0.3775518             0
             0     -0.568078    -0.5991295    -0.6210776     -0.637175    -0.6537886    -0.6687585    -0.6762903    -0.6748898    -0.6683475    -0.6555389    -0.6327085    -0.5910621    -0.5366497    -0.4800626    -0.4234387    -0.3677104    -0.3130982    -0.2595222    -0.2067936
    -0.1546357    -0.1022376 -4.223801E-02  1.812865E-02  7.948062E-02     0.1425628     0.2082002     0.2773292     0.3510218     0.4304831     0.5061477     0.5753976     0.6490065     0.7130893     0.7645655     0.8143958     0.8594522     0.8949484     0.9146233     0.9131882
     0.8914902     0.8398832      0.775211     0.7158759      0.664681     0.6214894     0.5853145     0.5248122       0.44229     0.3799649             0
             0    -0.5751666    -0.6100975    -0.6362544    -0.6565635    -0.6795632    -0.7042247     -0.723706    -0.7306226     -0.727342    -0.7110888    -0.6797097    -0.6257765    -0.5612582    -0.4978391    -0.4365156    -0.3774339    -0.3203228    -0.2647978    -0.2104747
    -0.1569423    -0.1032753 -4.185562E-02  1.997275E-02  8.293808E-02     0.1479226     0.2159412     0.2882167     0.3662837     0.4521382     0.5364059     0.6162682     0.7055467     0.7892931     0.8615215     0.9382797      1.016682      1.088712      1.134529      1.107225
      1.039532     0.9357957     0.8355183     0.7555134     0.6920106     0.6412086     0.6001744     0.5333962      0.445762     0.3812738             0
             0    -0.5788159    -0.6158903    -0.6445478    -0.6675876    -0.6953186     -0.728884    -0.7638108    -0.7872531     -0.794138    -0.7676248    -0.7196001    -0.6500468    -0.5764094    -0.5080264    -0.4437134    -0.3826618    -0.3241522     -0.267569    -0.2123971
    -0.1581422    -0.1038133 -4.165529E-02  2.093407E-02  8.474392E-02     0.1507339     0.2200295     0.2940278      0.374563      0.464191     0.5539035     0.6410812     0.7425537     0.8445576     0.9398656      1.054443      1.197421      1.384425      1.643323      1.405738
      1.199467      1.013005     0.8759335       0.77942     0.7075204      0.652005     0.6081408      0.537874     0.4475353     0.3819351             0
