 51            10 
             0    -0.2585917      -0.24953    -0.2423581    -0.2367104    -0.2302048    -0.2228468    -0.2156712    -0.2101571    -0.2055416    -0.2007251    -0.1944574    -0.1851778    -0.1738394    -0.1618195    -0.1491783    -0.1359779    -0.1222751    -0.1081351 -9.363909E-02
 -7.891991E-02 -6.441382E-02 -4.984861E-02 -3.216056E-02 -1.475996E-02  2.353634E-03  1.917409E-02  3.568193E-02  5.184167E-02  6.760234E-02  8.098694E-02  9.216004E-02     0.1029961      0.111709     0.1184914      0.125069     0.1314229     0.1375315     0.1433701     0.1489103
     0.1554231     0.1651207     0.1758712     0.1871295     0.1989484     0.2094065     0.2187431     0.2354933     0.2630392     0.2858177             0
             0    -0.2637585    -0.2546503    -0.2473948    -0.2416944    -0.2351473    -0.2277267     -0.220469    -0.2148791    -0.2101924    -0.2052925    -0.1989039    -0.1894159    -0.1777859    -0.1654273    -0.1524355    -0.1389022    -0.1248302    -0.1102692 -9.530308E-02
 -8.006964E-02 -6.494006E-02 -4.857482E-02     -0.030604 -1.319716E-02  3.955758E-03  2.088691E-02  3.759186E-02  5.403247E-02  7.014959E-02  8.390834E-02  9.544734E-02     0.1067045     0.1158272     0.1229759     0.1299655     0.1367874      0.143433      0.149885     0.1561057
     0.1634887     0.1741013     0.1852902     0.1960865     0.2062103     0.2154295     0.2239344     0.2395882     0.2660355     0.2878709             0
             0    -0.3416997    -0.3321411    -0.3239912    -0.3173868    -0.3095738    -0.3004641    -0.2913145    -0.2841353    -0.2780459    -0.2716092    -0.2631297    -0.2503562    -0.2344393    -0.2172954    -0.1990794    -0.1799496    -0.1599395    -0.1391483    -0.1177231
 -9.588629E-02 -7.419451E-02 -5.075119E-02 -2.506028E-02 -2.498164E-04  2.409912E-02  4.800059E-02  7.141054E-02  9.423129E-02     0.1163308     0.1349064      0.150267     0.1650078     0.1767279     0.1857823     0.1944987     0.2028636     0.2108651     0.2184836     0.2256777
      0.234028     0.2455731     0.2571431     0.2676312     0.2768742     0.2847237     0.2914452     0.3028648     0.3174232     0.3217138             0
             0     -0.418763    -0.4128222    -0.4062527    -0.4003748    -0.3928066    -0.3832962    -0.3730996    -0.3647522    -0.3574918    -0.3496412    -0.3390876    -0.3227702    -0.3018796    -0.2789522    -0.2542883    -0.2282121    -0.2008463    -0.1723813    -0.1430509
    -0.1131742 -8.351585E-02 -5.149571E-02 -1.638164E-02  1.757281E-02  5.094982E-02  8.376224E-02     0.1159232     0.1472446     0.1774589     0.2026439     0.2232543     0.2427391     0.2579161     0.2694398     0.2803068     0.2904849     0.2999498     0.3086751     0.3166188
     0.3254671     0.3367969     0.3469518     0.3548567     0.3606892     0.3645861     0.3669669     0.3692649     0.3642502     0.3480195             0
             0    -0.4813546     -0.483831    -0.4822626    -0.4795321    -0.4746187    -0.4669002    -0.4571771    -0.4484532    -0.4404798    -0.4314921    -0.4189881    -0.3988735    -0.3722291    -0.3424908    -0.3103151    -0.2763829    -0.2409901    -0.2044462    -0.1670554
    -0.1291842 -9.173205E-02 -5.137843E-02 -7.043962E-03  3.603625E-02  7.871194E-02     0.1210954     0.1631414     0.2046202      0.245116     0.2791619     0.3070705     0.3333306     0.3534975      0.368558     0.3824245      0.394991     0.4061777     0.4159261      0.424192
     0.4326096     0.4414519     0.4468651     0.4483535     0.4470007     0.4435925     0.4387837     0.4273621     0.3994379     0.3652876             0
             0    -0.5290667    -0.5438395    -0.5510293    -0.5544806    -0.5556331    -0.5531043    -0.5462571    -0.5382745    -0.5300866    -0.5200413    -0.5051895    -0.4798743    -0.4452017    -0.4063761     -0.364813    -0.3217818    -0.2777555    -0.2330864    -0.1880364
    -0.1428942 -9.855285E-02 -5.092257E-02  1.521223E-03  5.284425E-02     0.1043051     0.1563067      0.209075     0.2625943     0.3165432     0.3634765     0.4028834     0.4406766     0.4699389     0.4916668      0.511289     0.5283858     0.5425991     0.5536789     0.5615351
     0.5674413     0.5684096     0.5617947     0.5495536     0.5348497     0.5195591     0.5043851     0.4752531      0.424479     0.3763419             0
             0    -0.5570199    -0.5834621     -0.600907    -0.6126639    -0.6234117    -0.6308689    -0.6312449    -0.6261809    -0.6186054    -0.6072455    -0.5885821    -0.5547247    -0.5084038    -0.4582016     -0.406425    -0.3546945    -0.3032955     -0.252317    -0.2017581
    -0.1516781     -0.102829 -5.051459E-02  7.184867E-03  6.401429E-02     0.1216618     0.1809572     0.2426603     0.3074225     0.3757281     0.4386974      0.494372     0.5508896     0.5971985     0.6326363     0.6651744     0.6932036     0.7149685     0.7289324     0.7344345
     0.7318602     0.7113536      0.678346     0.6418279     0.6074419     0.5773683        0.5511     0.5054762     0.4383134      0.381986             0
             0    -0.5698809     -0.603023    -0.6273509    -0.6454792    -0.6649727    -0.6838713     -0.695594    -0.6968728    -0.6913792    -0.6776155    -0.6521971    -0.6063735    -0.5478168     -0.488027      -0.42896    -0.3717471    -0.3161145    -0.2617534     -0.208385
    -0.1558731    -0.1048518    -0.0503015  9.914532E-03  6.942336E-02     0.1301698     0.1932772     0.2599275     0.3314097     0.4092046     0.4842676     0.5538968      0.629145     0.6959243     0.7502775     0.8035555     0.8522342     0.8908528     0.9122961     0.9108436
       0.88818     0.8297716     0.7618393     0.7004359     0.6493353     0.6085117     0.5750962     0.5199037     0.4445013     0.3844236             0
             0    -0.5770767    -0.6144049    -0.6434636    -0.6664271    -0.6935729    -0.7249585    -0.7543687    -0.7710552    -0.7735091    -0.7516159    -0.7105557     -0.646688    -0.5751842    -0.5072635    -0.4428273    -0.3819291    -0.3236189    -0.2672054      -0.21218
    -0.1582613    -0.1059979 -5.017587E-02  1.147385E-02  7.252192E-02     0.1350758     0.2004573     0.2701533     0.3459559     0.4302309     0.5142878     0.5953107     0.6878318     0.7768101      0.854886     0.9391784      1.026274      1.106565       1.15707      1.127856
      1.054798     0.9349975     0.8256288     0.7408164     0.6761795     0.6275599     0.5893478     0.5281287     0.4479145     0.3857455             0
             0    -0.5807841    -0.6204345    -0.6523309    -0.6784918    -0.7115468    -0.7555141    -0.8127027    -0.8727989    -0.9192112    -0.8532645    -0.7686715    -0.6768353    -0.5925048    -0.5184265    -0.4505086     -0.387423    -0.3276054    -0.2700735    -0.2141642
    -0.1595049    -0.1065929 -5.010918E-02  1.228725E-02  7.414146E-02     0.1376517     0.2042554     0.2756253     0.3538806      0.442016     0.5318394     0.6208431     0.7270436     0.8369588      0.941699      1.069593      1.229991      1.436407       1.70696      1.461913
      1.239157      1.023038     0.8695961     0.7656471     0.6915525     0.6380328     0.5970023     0.5324187     0.4496569     0.3864132             0
