 51            10 
             0  3.661339E-02  3.679723E-02  3.691201E-02  3.699592E-02  3.708706E-02  3.718522E-02  3.727708E-02  3.734577E-02  3.740234E-02  3.746048E-02  3.753507E-02  3.764342E-02  3.777293E-02  3.790779E-02  3.804765E-02  3.819214E-02  3.834086E-02  3.849342E-02  3.864939E-02
  3.880835E-02  3.896985E-02  3.913344E-02  3.929867E-02  3.946508E-02     0.0396322  3.979958E-02  3.996674E-02  4.013324E-02     0.0402986  4.044192E-02  4.056367E-02  4.068413E-02  4.078329E-02     0.0408619  4.093976E-02  4.101679E-02  4.109295E-02     0.0411682  4.124249E-02
  4.133409E-02  4.145953E-02  4.159831E-02  4.173217E-02     0.0418608  4.198389E-02  4.210116E-02  4.232351E-02  4.273485E-02  4.310757E-02             0
             0  3.660971E-02  3.679373E-02  3.690865E-02  3.699268E-02  3.708395E-02  3.718226E-02  3.727426E-02  3.734307E-02  3.739972E-02  3.745796E-02  3.753268E-02  3.764121E-02  3.777095E-02  3.790605E-02  3.804616E-02  3.819091E-02  3.833991E-02  3.849275E-02      0.038649
  3.880825E-02  3.897005E-02  3.913393E-02  3.929946E-02  3.946616E-02  3.963357E-02  3.980122E-02  3.996866E-02  4.013541E-02  4.030103E-02  4.044455E-02  4.056646E-02  4.068708E-02  4.078637E-02  4.086508E-02  4.094302E-02  4.102014E-02  4.109639E-02  4.117172E-02  4.124608E-02
  4.133777E-02  4.146331E-02     0.0416022  4.173616E-02  4.186486E-02  4.198801E-02  4.210532E-02  4.232773E-02  4.273904E-02  4.311145E-02             0
             0  3.655322E-02  3.674002E-02  3.685713E-02  3.694288E-02  3.703614E-02  3.713671E-02  3.723091E-02  3.730141E-02  3.735949E-02     0.0374192  3.749584E-02  3.760722E-02  3.774044E-02  3.787922E-02  3.802322E-02  3.817202E-02  3.832522E-02  3.848238E-02  3.864307E-02
  3.880681E-02  3.897315E-02  3.914159E-02  3.931166E-02  3.948286E-02  3.965469E-02  3.982667E-02  3.999829E-02  4.016906E-02  4.033851E-02  4.048521E-02  4.060971E-02  4.073278E-02  4.083399E-02  4.091418E-02  4.099352E-02  4.107198E-02     0.0411495  4.122603E-02  4.130152E-02
  4.139452E-02  4.152174E-02  4.166225E-02  4.179756E-02  4.192736E-02  4.205135E-02  4.216927E-02  4.239247E-02  4.280319E-02     0.0431708             0
             0  3.651268E-02  3.670134E-02  3.681994E-02  3.690688E-02  3.700151E-02  3.710366E-02  3.719941E-02  3.727111E-02     0.0373302  3.739097E-02  3.746899E-02  3.758242E-02  3.771816E-02  3.785964E-02  3.800647E-02  3.815825E-02  3.831455E-02  3.847492E-02     0.0386389
      0.038806  3.897572E-02  3.914758E-02  3.932106E-02  3.949563E-02  3.967079E-02      0.039846  4.002076E-02  4.019455E-02  4.036686E-02  4.051591E-02  4.064232E-02  4.076719E-02  4.086981E-02  4.095106E-02  4.103142E-02  4.111083E-02  4.118924E-02  4.126661E-02  4.134288E-02
  4.143678E-02  4.156511E-02  4.170666E-02  4.184278E-02  4.197318E-02  4.209758E-02  4.221573E-02  4.243907E-02  4.284842E-02  4.321161E-02             0
             0  3.648751E-02  3.667723E-02     0.0367967  3.688435E-02  3.697981E-02  3.708291E-02  3.717961E-02  3.725205E-02  3.731176E-02  3.737318E-02  3.745206E-02  3.756677E-02  3.770409E-02  3.784726E-02  3.799589E-02  3.814956E-02  3.830783E-02  3.847024E-02  3.863632E-02
  3.880556E-02  3.897747E-02  3.915152E-02  3.932718E-02  3.950394E-02  3.968123E-02  3.985855E-02  4.003534E-02  4.021107E-02  4.038524E-02     0.0405358  4.066344E-02  4.078947E-02  4.089297E-02     0.0409749  4.105589E-02  4.113589E-02  4.121486E-02  4.129273E-02  4.136948E-02
  4.146392E-02  4.159288E-02      0.041735  4.187154E-02  4.200222E-02  4.212677E-02  4.224495E-02  4.246815E-02  4.287618E-02  4.323622E-02             0
             0  3.647199E-02  3.666233E-02  3.678231E-02  3.687036E-02  3.696632E-02       0.03707  3.716727E-02  3.724016E-02  3.730025E-02  3.736207E-02  3.744148E-02  3.755698E-02  3.769528E-02  3.783951E-02  3.798926E-02  3.814411E-02  3.830362E-02  3.846732E-02  3.863472E-02
  3.880531E-02  3.897859E-02  3.915403E-02  3.933108E-02  3.950921E-02  3.968788E-02  3.986653E-02  4.004461E-02  4.022159E-02  4.039694E-02  4.054848E-02  4.067691E-02  4.080366E-02  4.090773E-02  4.099008E-02  4.107147E-02  4.115184E-02  4.123115E-02  4.130934E-02  4.138636E-02
  4.148112E-02  4.161045E-02  4.175289E-02  4.188964E-02  4.202044E-02  4.214502E-02  4.226316E-02  4.248616E-02  4.289317E-02  4.325111E-02             0
             0  3.646427E-02  3.665489E-02  3.677511E-02  3.686336E-02  3.695956E-02  3.706352E-02  3.716107E-02  3.723418E-02  3.729446E-02  3.735648E-02  3.743615E-02  3.755205E-02  3.769084E-02     0.0378356  3.798592E-02  3.814137E-02  3.830151E-02  3.846585E-02  3.863391E-02
  3.880519E-02  3.897917E-02     0.0391553  3.933306E-02     0.0395119  3.969126E-02  3.987059E-02  4.004934E-02  4.022696E-02  4.040292E-02  4.055495E-02  4.068378E-02  4.081092E-02  4.091527E-02  4.099784E-02  4.107943E-02  4.115999E-02  4.123947E-02  4.131781E-02  4.139498E-02
  4.148989E-02     0.0416194  4.176197E-02  4.189881E-02  4.202964E-02  4.215421E-02  4.227231E-02  4.249516E-02  4.290159E-02  4.325844E-02             0
             0  3.646096E-02     0.0366517  3.677202E-02  3.686036E-02  3.695666E-02  3.706073E-02  3.715841E-02  3.723162E-02  3.729197E-02  3.735408E-02  3.743386E-02  3.754993E-02  3.768893E-02  3.783392E-02  3.798448E-02  3.814019E-02  3.830059E-02  3.846522E-02  3.863357E-02
  3.880515E-02  3.897942E-02  3.915586E-02  3.933392E-02  3.951306E-02  3.969272E-02  3.987234E-02  4.005138E-02  4.022928E-02     0.0404055  4.055775E-02  4.068676E-02  4.081405E-02  4.091854E-02     0.0410012  4.108287E-02  4.116352E-02  4.124307E-02  4.132148E-02     0.0413987
  4.149368E-02  4.162326E-02  4.176588E-02  4.190275E-02  4.203359E-02  4.215816E-02  4.227624E-02  4.249902E-02  4.290519E-02  4.326155E-02             0
             0  3.645918E-02  3.664998E-02  3.677036E-02  3.685874E-02     0.0369551  3.705923E-02  3.715697E-02  3.723023E-02  3.729063E-02  3.735278E-02  3.743263E-02  3.754878E-02     0.0376879  3.783301E-02     0.0379837  3.813955E-02     0.0383001  3.846488E-02  3.863338E-02
  3.880512E-02  3.897955E-02  3.915616E-02  3.933438E-02  3.951368E-02  3.969351E-02  3.987329E-02  4.005248E-02  4.023053E-02     0.0404069  4.055927E-02  4.068837E-02  4.081576E-02  4.092031E-02  4.100302E-02  4.108474E-02  4.116543E-02  4.124502E-02  4.132347E-02  4.140072E-02
  4.149573E-02  4.162535E-02  4.176801E-02  4.190489E-02  4.203574E-02     0.0421603  4.227836E-02     0.0425011  4.290713E-02  4.326323E-02             0
             0  3.645828E-02  3.664912E-02  3.676952E-02  3.685793E-02  3.695431E-02  3.705847E-02  3.715625E-02  3.722953E-02  3.728995E-02  3.735213E-02      0.037432     0.0375482  3.768738E-02  3.783255E-02  3.798331E-02  3.813923E-02  3.829985E-02     0.0384647  3.863329E-02
     0.0388051  3.897962E-02  3.915631E-02  3.933462E-02      0.039514  3.969391E-02  3.987377E-02  4.005304E-02  4.023117E-02     0.0404076  4.056004E-02  4.068919E-02  4.081662E-02     0.0409212  4.100394E-02  4.108569E-02     0.0411664  4.124601E-02  4.132447E-02  4.140174E-02
  4.149677E-02  4.162641E-02  4.176908E-02  4.190597E-02  4.203682E-02  4.216138E-02  4.227943E-02  4.250215E-02     0.0429081  4.326408E-02             0
