 51            10 
             0    -0.2586719    -0.2496061    -0.2424304    -0.2367822    -0.2302788    -0.2229233    -0.2157495    -0.2102364    -0.2056214    -0.2008049    -0.1945367    -0.1852545    -0.1739112    -0.1618846    -0.1492374    -0.1360328      -0.12232    -0.1081545 -9.359206E-02
 -7.866424E-02 -6.328318E-02    -0.0467646    -0.0301564 -1.352357E-02  3.057277E-03  1.951871E-02  3.580831E-02  5.187273E-02  6.765509E-02  8.116738E-02  9.253212E-02     0.1036597      0.112721     0.1198522      0.126863     0.1337526     0.1405226     0.1471756     0.1537152
     0.1617528     0.1722472     0.1834098     0.1937543     0.2032408     0.2122011     0.2205962     0.2362136     0.2632045     0.2861248             0
             0    -0.2639274    -0.2548236    -0.2475401    -0.2418374    -0.2353277    -0.2279346    -0.2206974    -0.2151214     -0.210445    -0.2055537     -0.199171     -0.189675    -0.1780234    -0.1656186    -0.1525941    -0.1390966    -0.1250299    -0.1104331 -9.537231E-02
 -7.990846E-02 -6.401405E-02 -4.725451E-02 -3.028989E-02    -0.0132369  3.714663E-03  2.046446E-02  3.704746E-02  5.342478E-02  6.952461E-02  8.329235E-02  9.485233E-02     0.1061459     0.1153139     0.1225042     0.1295315     0.1363907     0.1431008     0.1496764      0.156132
     0.1640758     0.1745567     0.1858179     0.1963833     0.2061473     0.2153177     0.2238268      0.239536     0.2660776     0.2880138             0
             0    -0.3419384    -0.3324024     -0.324233    -0.3176323     -0.309871    -0.3008022    -0.2916841    -0.2845263    -0.2784526    -0.2720286    -0.2635581    -0.2507732    -0.2348217    -0.2176063    -0.1993356    -0.1802484      -0.16024    -0.1393951    -0.1178354
 -9.567412E-02 -7.289933E-02 -4.892088E-02 -2.468573E-02 -3.884683E-04  2.366968E-02     0.0473106  7.054526E-02  9.327416E-02     0.1153466      0.133932     0.1493188     0.1641053     0.1758825     0.1849889     0.1937513     0.2021593      0.210234     0.2179912     0.2254476
     0.2344202     0.2458485     0.2574819     0.2677893     0.2767195     0.2845524     0.2913038     0.3028191     0.3175355     0.3218922             0
             0    -0.4191685     -0.413343     -0.406824    -0.4009825    -0.3935055    -0.3840768    -0.3739425    -0.3656334    -0.3583985    -0.3505661    -0.3400214    -0.3236742    -0.3027012    -0.2796359    -0.2548428    -0.2287847    -0.2013909    -0.1728314    -0.1433059
    -0.1129871 -8.186807E-02 -4.915506E-02 -1.605901E-02  1.716427E-02  5.011048E-02  8.252441E-02     0.1143959     0.1455359     0.1756544     0.2008014     0.2214055     0.2409149     0.2561432     0.2677206     0.2786389     0.2888649     0.2984131     0.3072951     0.3155272
     0.3250387     0.3363513     0.3465931     0.3544957     0.3602044     0.3641805     0.3666567     0.3691421     0.3644034     0.3482281             0
             0    -0.4820344    -0.4848913    -0.4836031    -0.4810312    -0.4763435    -0.4688443    -0.4592796    -0.4506389    -0.4427113    -0.4337448    -0.4212301    -0.4010079    -0.3741207    -0.3440597    -0.3115448    -0.2775146    -0.2419924     -0.205259    -0.1675742
    -0.1291239 -8.984077E-02 -4.866194E-02 -6.909179E-03  3.520009E-02  7.726311E-02      0.119042     0.1605879     0.2016689     0.2418422     0.2756399     0.3033606     0.3294735     0.3495697     0.3646031     0.3784591     0.3910223     0.4022624     0.4121614     0.4207266
     0.4298156     0.4389804     0.4446772     0.4466825     0.4457118     0.4426364     0.4380849     0.4270595     0.3995959     0.3655155             0
             0     -0.530098    -0.5457771    -0.5537911    -0.5577475    -0.5595375    -0.5576719    -0.5513006    -0.5435389    -0.5354456    -0.5254034    -0.5104363    -0.4847145    -0.4493009    -0.4096579    -0.3672554    -0.3238289     -0.279446    -0.2344076    -0.1889124
    -0.1430323 -9.652092E-02 -4.796035E-02  1.396802E-03  5.150859E-02     0.1021373     0.1532483     0.2051663     0.2578501     0.3109192     0.3569848     0.3955892     0.4325576     0.4611717     0.4824328     0.5016528     0.5184074     0.5324336     0.5435439     0.5516837
     0.5582824     0.5607283     0.5553179      0.545021     0.5319352     0.5175808     0.5030161     0.4746843     0.4246204     0.3765814             0
             0    -0.5583534    -0.5863604    -0.6054925    -0.6184314    -0.6307535    -0.6400336    -0.6418356    -0.6374172    -0.6300675    -0.6186059    -0.5994281    -0.5642139    -0.5158997    -0.4638499    -0.4103724    -0.3577642    -0.3056864    -0.2541163    -0.2029513
    -0.1519958    -0.1007428 -4.743291E-02  6.847723E-03  6.228767E-02     0.1189093     0.1770276     0.2374698     0.3007869     0.3672835     0.4281409     0.4815729       0.53539     0.5791368     0.6124575     0.6429282     0.6690646     0.6894619     0.7028587     0.7086703
     0.7072495     0.6920985     0.6636651     0.6324105     0.6020841     0.5740342      0.548931     0.5046498     0.4384344      0.382231             0
             0    -0.5713785    -0.6065214    -0.6332262    -0.6531852    -0.6753145    -0.6976154    -0.7123579    -0.7150988    -0.7101147    -0.6959773    -0.6692368    -0.6204447    -0.5582338    -0.4954838    -0.4339469    -0.3754672    -0.3189231    -0.2638241     -0.209752
    -0.1562884     -0.102747 -4.717039E-02  9.466625E-03  6.749455E-02     0.1271072     0.1888669     0.2539889     0.3235837     0.3988023     0.4705521     0.5363269     0.6063933     0.6675464     0.7167408     0.7643973     0.8074173     0.8414462     0.8606759     0.8601382
     0.8408085     0.7956014     0.7384295     0.6864575     0.6419834     0.6041911     0.5723936     0.5189282     0.4446107     0.3846709             0
             0    -0.5786738    -0.6182953    -0.6502483    -0.6755896    -0.7063827    -0.7429175    -0.7775015    -0.7972703    -0.8018627    -0.7779721    -0.7339709    -0.6649577    -0.5879869    -0.5160697    -0.4485376    -0.3860787    -0.3266933    -0.2694441    -0.2136527
    -0.1587356    -0.1038846 -4.701865E-02  1.096046E-02     0.0704737     0.1318274     0.1957529     0.2637427     0.3373459     0.4184613     0.4981985     0.5738713     0.6586016     0.7381865     0.8068296     0.8796931     0.9538659      1.022052       1.06574      1.040533
     0.9774565     0.8838466     0.7939166     0.7229424     0.6672879     0.6225335     0.5862834     0.5270597     0.4480167      0.385994             0
             0    -0.5824351    -0.6245494    -0.6596702    -0.6885957    -0.7260995    -0.7768276    -0.8420053    -0.9128107    -0.9981312    -0.8934188    -0.7982561    -0.6984383    -0.6069837    -0.5281008    -0.4566556     -0.391821    -0.3308291    -0.2724048    -0.2156941
    -0.1600109    -0.1044759 -4.693902E-02  1.173898E-02  7.202961E-02     0.1343034     0.1993902     0.2689509     0.3448182     0.4294195     0.5142207     0.5967273     0.6928809     0.7895851     0.8798624     0.9881644      1.122907      1.299431      1.545453      1.320069
      1.125555      0.954797     0.8310946     0.7449316     0.6816441     0.6325718     0.5937251     0.5312978     0.4497551     0.3866623             0
