 51            10 
             0  1.601169E-02  1.720228E-02  1.787966E-02  1.839145E-02  1.897011E-02  1.961685E-02  2.024156E-02  2.071854E-02  2.111617E-02  2.152955E-02  2.206554E-02  2.285525E-02  2.381503E-02  2.482878E-02  2.589293E-02  2.700373E-02  2.815718E-02  2.934914E-02  3.057525E-02
  3.183104E-02  3.311186E-02  3.441294E-02  3.572938E-02  3.705619E-02  3.838838E-02  3.972102E-02  4.104925E-02  4.236834E-02  4.367374E-02  4.480017E-02  4.575349E-02  4.669295E-02  4.746297E-02  4.807156E-02  4.867231E-02     0.0492648  4.984865E-02  5.042349E-02  5.098895E-02
  5.168366E-02  5.262974E-02  5.366857E-02  5.466299E-02     0.0556113  5.651204E-02  5.736403E-02     0.0589685  6.188346E-02  6.417564E-02             0
             0  1.587941E-02  1.707155E-02  1.775253E-02  1.826744E-02  1.884991E-02  1.950117E-02  2.013044E-02  2.061101E-02  2.101169E-02     0.0214283  2.196854E-02  2.276465E-02  2.373241E-02  2.475477E-02  2.582813E-02  2.694867E-02  2.811236E-02  2.931496E-02  3.055206E-02
     0.0318191  3.311135E-02  3.442394E-02  3.575188E-02  3.709008E-02  3.843346E-02  3.977697E-02  4.111566E-02  4.244472E-02     0.0437595  4.489353E-02  4.585296E-02  4.679808E-02  4.757243E-02  4.818427E-02  4.878805E-02  4.938335E-02  4.996979E-02  5.054698E-02  5.111457E-02
  5.181165E-02  5.276047E-02  5.380155E-02  5.479739E-02  5.574632E-02  5.664695E-02  5.749818E-02  5.909996E-02  6.200316E-02  6.427045E-02             0
             0  1.381955E-02  1.503219E-02     0.0157672  1.632948E-02  1.697028E-02  1.769089E-02  1.839065E-02  1.892686E-02  1.937488E-02  1.984163E-02  2.044806E-02  2.134406E-02  2.243673E-02  2.359421E-02  2.481225E-02  2.608622E-02  2.741114E-02  2.878174E-02  3.019245E-02
  3.163744E-02  3.311066E-02     0.0346058  3.611633E-02  3.763559E-02  3.915684E-02  4.067342E-02  4.217871E-02  4.366633E-02  4.513009E-02     0.0463849  4.744107E-02  4.847568E-02  4.931822E-02  4.998111E-02  5.063232E-02  5.127139E-02  5.189789E-02  5.251141E-02     0.0531116
  5.384475E-02  5.483436E-02  5.590765E-02  5.692199E-02  5.787662E-02  5.877126E-02  5.960602E-02  6.115655E-02     0.0638575  6.572144E-02             0
             0  1.217697E-02  1.338192E-02  1.414615E-02  1.473716E-02  1.541612E-02  1.618492E-02     0.0169361  1.751417E-02  1.799846E-02  1.850427E-02  1.916302E-02  2.013958E-02  2.133521E-02  2.260603E-02  2.394712E-02  2.535301E-02     0.0268178  2.833521E-02  2.989861E-02
  3.150107E-02  3.313536E-02  3.479394E-02  3.646893E-02  3.815223E-02  3.983555E-02  4.151059E-02  4.316901E-02     0.0448026  4.640333E-02  4.776851E-02  4.891232E-02  5.002692E-02  5.092924E-02  5.163609E-02  5.232729E-02  5.300228E-02  5.366053E-02  5.430163E-02  5.492518E-02
  5.568234E-02  5.669479E-02  5.777848E-02  5.878874E-02  5.972633E-02     0.0605927  6.138979E-02  6.284983E-02  6.529202E-02  6.676371E-02             0
             0     0.0110737     0.0122537     0.0130258  1.362837E-02  1.432584E-02  1.512098E-02  1.590277E-02  1.650701E-02  1.701459E-02  1.754608E-02  1.823991E-02  1.927182E-02     0.0205399  2.189179E-02  2.332181E-02  2.482365E-02  2.639053E-02  2.801535E-02     0.0296907
  3.140892E-02     0.0331621  3.494195E-02  3.673985E-02  3.854682E-02     0.0403536  4.215071E-02  4.392849E-02  4.567713E-02     0.0473868  4.884018E-02  5.005397E-02  5.123205E-02  5.218114E-02  5.292186E-02  5.364319E-02  5.434442E-02  5.502491E-02  5.568418E-02  5.632183E-02
  5.709154E-02  5.811124E-02  5.918854E-02  6.017953E-02  6.108712E-02  6.191498E-02  6.266718E-02  6.402858E-02  6.623462E-02  6.741071E-02             0
             0  1.035462E-02  1.150483E-02  1.227349E-02  1.287779E-02  1.358187E-02  1.438954E-02  1.518837E-02  1.580832E-02  1.633043E-02  1.687845E-02  1.759543E-02  1.866492E-02  1.998338E-02  2.139234E-02  2.288521E-02  2.445482E-02  2.609362E-02  2.779384E-02  2.954758E-02
  3.134678E-02  3.318321E-02  3.504835E-02  3.693328E-02  3.882869E-02  4.072491E-02  4.261186E-02  4.447905E-02  4.631557E-02  4.811009E-02  4.963337E-02  5.090314E-02  5.213219E-02  5.311866E-02  5.388617E-02  5.463092E-02  5.535192E-02  5.604838E-02  5.671969E-02  5.736542E-02
  5.814037E-02  5.915758E-02  6.021874E-02  6.118284E-02     0.0620555  6.284297E-02  6.355149E-02  6.482244E-02  6.683936E-02  6.780931E-02             0
             0  9.982622E-03  1.111084E-02  1.187305E-02  1.247492E-02  1.317914E-02  1.399041E-02  1.479621E-02  1.542351E-02  1.595282E-02  1.650939E-02  1.723875E-02  1.832898E-02  1.967584E-02  2.111711E-02  2.264545E-02  2.425301E-02  2.593171E-02  2.767343E-02  2.947004E-02
  3.131336E-02  3.319513E-02  3.510683E-02  3.703955E-02      0.038984  4.093046E-02  4.286876E-02  4.478816E-02     0.0466773  4.852407E-02     0.0500917  5.139774E-02  5.266042E-02  5.367182E-02  5.445719E-02  5.521737E-02  5.595109E-02     0.0566573  5.733522E-02     0.0579844
  5.875976E-02  5.976998E-02  6.081369E-02  6.175368E-02  6.259819E-02  6.335554E-02  6.403346E-02  6.524426E-02  6.714876E-02  6.800774E-02             0
             0  9.821025E-03  1.093824E-02  1.169652E-02  1.229648E-02  1.299984E-02     0.0138118  1.462006E-02     0.0152503  1.578265E-02  1.634297E-02  1.707787E-02  1.817759E-02  1.953754E-02  2.099369E-02  2.253823E-02  2.416298E-02  2.585964E-02  2.761992E-02  2.943563E-02
  3.129857E-02  3.320047E-02  3.513287E-02  3.708689E-02  3.905329E-02  4.102239E-02  4.298405E-02  4.492749E-02     0.0468412  4.871284E-02  5.030205E-02  5.162609E-02  5.290578E-02  5.393002E-02  5.472467E-02     0.0554929     0.0562332  5.694431E-02  5.762531E-02     0.0582757
     0.0590503  6.005522E-02  6.108807E-02  6.201431E-02  6.284367E-02  6.358549E-02  6.424816E-02  6.542977E-02  6.728251E-02  6.809251E-02             0
             0  9.733143E-03  1.084397E-02  1.159978E-02  1.219843E-02  1.290102E-02  1.371307E-02  1.452245E-02     0.0151542  1.568817E-02  1.625054E-02  1.698853E-02  1.809359E-02  1.946095E-02  2.092545E-02  2.247905E-02  2.411336E-02  2.581996E-02     0.0275905  2.941672E-02
  3.129044E-02  3.320341E-02  3.514718E-02  3.711293E-02  3.909145E-02     0.0410731  4.304775E-02  4.500464E-02  4.693223E-02  4.881804E-02  5.041974E-02  5.175431E-02  5.304411E-02  5.407611E-02  5.487643E-02  5.564961E-02  5.639397E-02  5.710807E-02  5.779086E-02  5.844176E-02
  5.921552E-02  6.021656E-02  6.124224E-02  6.215984E-02       0.06298     0.0637126     0.0643664  6.553127E-02  6.735508E-02  6.813825E-02             0
             0  9.688678E-03  1.079614E-02  1.155058E-02  1.214848E-02  1.285057E-02  1.366254E-02  1.447239E-02  1.510486E-02  1.563964E-02  1.620305E-02  1.694265E-02     0.0180505  1.942171E-02  2.089055E-02  2.244882E-02  2.408805E-02  2.579974E-02  2.757551E-02     0.0294071
  3.128631E-02  3.320491E-02  3.515448E-02     0.0371262  3.911091E-02  4.109897E-02  4.308029E-02  4.504412E-02  4.697889E-02  4.887212E-02     0.0504804  5.182059E-02  5.311585E-02  5.415212E-02  5.495559E-02  5.573158E-02  5.647825E-02  5.719406E-02  5.787782E-02     0.0585289
  5.930197E-02  6.030056E-02  6.132203E-02  6.223479E-02  6.304992E-02     0.0637776  6.442671E-02  6.558282E-02  6.739175E-02  6.816128E-02             0
