 51            10 
             0    -0.1174504    -0.1213396    -0.1191376    -0.1166912    -0.1134416    -0.1095042    -0.1055262    -0.1024223 -9.980649E-02 -9.706304E-02 -9.348013E-02 -8.815601E-02 -8.163115E-02 -7.469851E-02 -6.738995E-02 -5.973651E-02 -5.176737E-02 -4.350839E-02 -3.497899E-02
 -2.618644E-02 -1.711762E-02 -7.739727E-03  1.815096E-03  1.144856E-02  2.108443E-02     0.0306611  4.012685E-02  4.943696E-02      0.058552  6.632622E-02  7.284494E-02  7.920671E-02  8.436832E-02  8.841941E-02  9.238965E-02  9.627662E-02     0.1000781     0.1037922     0.1074172
      0.111835     0.1177776     0.1241929     0.1302267     0.1358764     0.1411416     0.1460234     0.1550242     0.1701712     0.1769708             0
             0    -0.1197908     -0.123826     -0.121623    -0.1191577    -0.1158729    -0.1118844     -0.107847    -0.1046926    -0.1020318 -9.923888E-02 -9.558842E-02 -9.015778E-02 -8.349358E-02 -7.640538E-02 -6.892687E-02 -6.109047E-02 -5.292618E-02 -4.446084E-02 -3.571571E-02
    -0.0267009 -1.740659E-02 -7.802076E-03   1.98047E-03  1.184035E-02  2.169904E-02     0.0314927  4.116742E-02  5.067633E-02  5.997779E-02  6.790239E-02  7.454078E-02  8.101222E-02  8.625629E-02  9.036838E-02  9.439453E-02  9.833221E-02     0.1021792     0.1059335     0.1095934
     0.1140485     0.1200301     0.1264707     0.1325118     0.1381523     0.1433933     0.1482378     0.1571416     0.1719754     0.1782347             0
             0    -0.1564355    -0.1629619    -0.1608251    -0.1580925    -0.1542533    -0.1494307    -0.1444178    -0.1404338    -0.1370382    -0.1334395    -0.1286932    -0.1215446    -0.1126456    -0.1030667    -0.0928618 -8.208641E-02 -7.079426E-02    -0.0590352 -4.685095E-02
 -3.426668E-02 -2.127864E-02 -7.853537E-03  5.805408E-03  1.953924E-02  3.321933E-02  4.673611E-02     0.0599919  7.289667E-02  8.536596E-02  9.582627E-02     0.1044668     0.1127538     0.1193439     0.1244397     0.1293538     0.1340813     0.1386189     0.1429636     0.1471139
      0.152058     0.1584688     0.1650287     0.1708486     0.1759648     0.1804208     0.1842636      0.190819     0.1991704     0.1956851             0
             0    -0.1921038    -0.2028409    -0.2018469    -0.1995671    -0.1958476    -0.1907717    -0.1851737    -0.1805635    -0.1765526    -0.1722228    -0.1664178    -0.1574871    -0.1461165    -0.1336733    -0.1202632    -0.1059956 -9.097329E-02 -7.528619E-02    -0.0590037
 -4.216331E-02 -2.475518E-02 -6.725254E-03  1.165035E-02  3.015859E-02  4.862516E-02  6.689423E-02  8.481456E-02     0.1022305     0.1189776     0.1328941     0.1442613     0.1549938     0.1633513     0.1697022     0.1757024      0.181339     0.1866026      0.191487       0.19599
     0.2011441     0.2073806      0.213089      0.217505     0.2207806     0.2230767       0.22455     0.2261373     0.2238703     0.2091544             0
             0    -0.2205491    -0.2368269    -0.2381774    -0.2372373    -0.2345377    -0.2300426    -0.2244647      -0.21957    -0.2151637    -0.2102675    -0.2035421    -0.1928918    -0.1789665    -0.1634905    -0.1466899    -0.1287831    -0.1099572 -9.035692E-02 -7.007525E-02
 -4.914311E-02 -2.751409E-02 -5.074678E-03  1.787036E-02  4.110362E-02  6.445489E-02  8.776657E-02     0.1108661     0.1335436      0.155534     0.1738857     0.1888501     0.2028682     0.2136069     0.2216293     0.2290354     0.2357846      0.241846     0.2472004      0.251842
     0.2567627     0.2618696      0.265254     0.2665982     0.2663445     0.2649073     0.2626394     0.2569999     0.2424325     0.2179771             0
             0    -0.2417994    -0.2643033    -0.2690205    -0.2702719    -0.2695425    -0.2665617    -0.2616773    -0.2568463    -0.2522396     -0.246885    -0.2392696    -0.2267566    -0.2099497    -0.1910969    -0.1706572    -0.1490224    -0.1264864    -0.1032401 -7.937472E-02
    -0.0548801 -2.963482E-02 -3.424472E-03  2.347625E-02  5.090994E-02  7.878215E-02     0.1070131     0.1354939     0.1640411     0.1923473     0.2164792     0.2364047     0.2551954     0.2695393     0.2801351     0.2897114     0.2981401     0.3053176     0.3111764     0.3156949
     0.3197027     0.3221103     0.3208434     0.3167212     0.3108049     0.3039305     0.2966902     0.2822364     0.2556359     0.2236196             0
             0    -0.2539924    -0.2814547    -0.2894692    -0.2931242    -0.2948527    -0.2940878    -0.2905361    -0.2861255    -0.2815175    -0.2758071    -0.2673229    -0.2528407    -0.2330688    -0.2109818    -0.1873328     -0.162667    -0.1373303     -0.111503 -8.522963E-02
 -5.843044E-02 -3.089719E-02 -2.313654E-03  2.710475E-02  5.728716E-02  8.824966E-02     0.1200454     0.1527176     0.1862434     0.2204549     0.2506138     0.2761853     0.3009217     0.3201774     0.3344711     0.3473083      0.358331     0.3672105     0.3737069     0.3777327
     0.3798032     0.3773168     0.3688038      0.357265     0.3445894     0.3319448     0.3199675     0.2979186     0.2629178     0.2264991             0
             0    -0.2595399    -0.2896232     -0.299603    -0.3048172     -0.308317    -0.3093773    -0.3071378    -0.3032456    -0.2987339     -0.292768    -0.2835656    -0.2674868    -0.2455536    -0.2213448    -0.1957697    -0.1694099    -0.1425928    -0.1154585 -8.800381E-02
 -6.009896E-02     -0.031482 -1.778415E-03  2.883443E-02  6.033907E-02  9.282175E-02     0.1264266     0.1613144     0.1976132     0.2353417     0.2694121     0.2989576     0.3283013     0.3518151     0.3695842     0.3857556     0.3996577     0.4105583     0.4178071     0.4210953
     0.4206582     0.4127064     0.3974881     0.3800626     0.3626415     0.3463213     0.3315543     0.3053252     0.2661708     0.2277425             0
             0    -0.2626254    -0.2942784    -0.3055162     -0.311785    -0.3165757    -0.3191164    -0.3181234    -0.3148149    -0.3104539    -0.3042496    -0.2943531    -0.2768708    -0.2532712    -0.2275766    -0.2007416    -0.1733257    -0.1456166    -0.1177139 -8.957709E-02
 -6.104131E-02 -3.181019E-02 -1.473132E-03  2.981699E-02  6.207663E-02  9.543732E-02      0.130104     0.1663207     0.2043311     0.2443161     0.2810341     0.3134257     0.3463228     0.3734603     0.3944466     0.4140318     0.4312559     0.4448353     0.4532598     0.4553619
     0.4515343     0.4376197     0.4164232     0.3944095     0.3736151     0.3548455     0.3383054     0.3095215     0.2679638     0.2284167             0
             0    -0.2642088    -0.2967071    -0.3086565    -0.3155511    -0.3211641    -0.3247611    -0.3248422    -0.3221661    -0.3180188    -0.3115559    -0.3009709    -0.2823341    -0.2575828    -0.2309659    -0.2033988    -0.1753944    -0.1472016    -0.1188899 -9.039432E-02
 -6.152949E-02 -3.197956E-02 -1.314129E-03  3.032764E-02  6.298108E-02  9.680321E-02      0.132034     0.1689672     0.2079199     0.2491843     0.2874711     0.3216382     0.3569205     0.3867676     0.4104267      0.433268     0.4543048     0.4718721     0.4830461     0.4824288
     0.4735881     0.4535462     0.4276261     0.4024991     0.3796169     0.3594162      0.341879     0.3117005     0.2688786     0.2287572             0
