 51            10 
             0    -0.2603438    -0.2515223    -0.2447084    -0.2392105    -0.2327755    -0.2256006    -0.2186979    -0.2134471    -0.2090821    -0.2045586    -0.1987139     -0.190155    -0.1796764    -0.1681566    -0.1550696    -0.1408856    -0.1268337    -0.1122019 -9.698693E-02
 -8.178524E-02 -6.663829E-02 -5.089315E-02 -3.464739E-02 -1.872052E-02 -2.367307E-03  1.430387E-02  3.035447E-02  4.656727E-02  6.285849E-02  7.640325E-02  8.754941E-02  9.820855E-02     0.1066532     0.1131549     0.1198268      0.126647     0.1331636     0.1393614     0.1457026
     0.1537917     0.1641344     0.1754596     0.1862148     0.1954602     0.2054325     0.2157962      0.233685     0.2615405      0.285236             0
             0     -0.264938    -0.2559983    -0.2490549    -0.2434582    -0.2369119    -0.2295896    -0.2225176    -0.2171219    -0.2126279    -0.2079622     -0.201924    -0.1930645    -0.1822156    -0.1703159    -0.1568977    -0.1424461    -0.1280993    -0.1131203 -9.751338E-02
 -8.186334E-02 -6.621812E-02 -4.996631E-02 -3.323549E-02 -1.682742E-02 -3.327214E-05  1.701845E-02  3.343618E-02  5.001789E-02  6.666046E-02  8.052494E-02  9.195989E-02       0.10292     0.1116145     0.1183033     0.1251439     0.1321055     0.1387419     0.1450442       0.15148
     0.1596558     0.1701049     0.1815443     0.1923667     0.2016684     0.2115306     0.2214627     0.2384882     0.2653491     0.2878169             0
             0    -0.3433529    -0.3341166    -0.3264298    -0.3200276    -0.3123062    -0.3034038    -0.2945524    -0.2876597    -0.2818445     -0.275733    -0.2677321    -0.2558043    -0.2409223     -0.224348    -0.2054376    -0.1848964    -0.1644773    -0.1430989    -0.1207734
 -9.835587E-02 -7.593797E-02 -5.266802E-02 -2.875175E-02 -5.362069E-03  1.847937E-02  4.256083E-02  6.558406E-02  8.861972E-02     0.1114842     0.1302603     0.1455438      0.159968     0.1712054     0.1797326       0.18832     0.1969287     0.2049988     0.2125219     0.2200471
     0.2294199     0.2410065     0.2530442     0.2638438     0.2725693     0.2811303     0.2892037     0.3020014     0.3174427     0.3218503             0
             0     -0.421751    -0.4168864    -0.4113393    -0.4061186    -0.3991356    -0.3902912     -0.380738     -0.372887    -0.3660491    -0.3586538    -0.3487218    -0.3334223    -0.3136747    -0.2911627    -0.2651151    -0.2366153    -0.2083897    -0.1789026     -0.148178
    -0.1173973 -8.667882E-02 -5.484094E-02 -2.214348E-02  9.830907E-03  4.243464E-02  7.537851E-02     0.1068699     0.1383303     0.1694329     0.1947729     0.2152043     0.2342291     0.2487803     0.2596513     0.2703943     0.2809505     0.2906137     0.2993734     0.3078513
     0.3180586     0.3299436     0.3410864     0.3499792     0.3561479       0.36097     0.3645148     0.3682447     0.3648513     0.3483171             0
             0     -0.486618    -0.4923444    -0.4935454    -0.4929623    -0.4903028    -0.4847743    -0.4767306    -0.4690154    -0.4617386    -0.4533426    -0.4414676    -0.4220923    -0.3958936    -0.3653958     -0.329966    -0.2913876     -0.253847    -0.2152173    -0.1754671
    -0.1360513 -9.701051E-02 -5.672969E-02    -0.0154104  2.507257E-02  6.655467E-02     0.1087616     0.1494737     0.1905659     0.2315465     0.2651396     0.2922456     0.3173726     0.3363587     0.3503461     0.3638923     0.3768775     0.3883761     0.3983572     0.4074881
     0.4178021     0.4284113     0.4360892      0.440123     0.4409781     0.4391466     0.4353637     0.4257157     0.4003995      0.365705             0
             0    -0.5372869     -0.559657    -0.5738573    -0.5833749    -0.5915254    -0.5959036    -0.5940582    -0.5885803    -0.5816986    -0.5722333    -0.5572754    -0.5305034    -0.4927929    -0.4491556    -0.3997338    -0.3474666    -0.2984884     -0.249671    -0.2006426
    -0.1529188    -0.1062517 -5.846002E-02 -9.531827E-03  3.855258E-02      0.088224     0.1393842     0.1895936     0.2414169     0.2943534     0.3389006     0.3755119     0.4099406     0.4360996     0.4552717     0.4735425     0.4905666     0.5049171     0.5164288     0.5257394
     0.5346375     0.5405448     0.5396209     0.5335867     0.5249678     0.5129073     0.4989518     0.4725433      0.425615     0.3768421             0
             0    -0.5677979    -0.6073084    -0.6386678    -0.6638446    -0.6919172    -0.7185621    -0.7342284     -0.736531    -0.7319031    -0.7201549    -0.6973936     -0.653141    -0.5929839    -0.5283606    -0.4603403    -0.3924531    -0.3320914    -0.2743547    -0.2180073
    -0.1642581    -0.1123898 -5.966452E-02 -5.792214E-03  4.730141E-02     0.1025811     0.1602375     0.2179188     0.2791067     0.3437729     0.4007064     0.4494471      0.497406     0.5355395     0.5641742     0.5918217     0.6173454     0.6377388     0.6519231     0.6599735
     0.6629535     0.6556171     0.6366659     0.6135328     0.5915696     0.5675695      0.543193     0.5016995     0.4394948     0.3825305             0
             0      -0.58205    -0.6318938      -0.67576     -0.714318    -0.7629089    -0.8187523    -0.8657783    -0.8865303    -0.8884385    -0.8702891    -0.8292707    -0.7540423    -0.6649716    -0.5793929    -0.4961928    -0.4173073    -0.3497685    -0.2869018    -0.2266218
    -0.1697964    -0.1153656 -6.026082E-02 -4.018732E-03  5.149429E-02     0.1095415     0.1705138     0.2322055     0.2987851     0.3708418     0.4366236     0.4951873     0.5559168     0.6076595     0.6487128     0.6908081     0.7316346     0.7647431      0.785051     0.7881476
     0.7759394     0.7442778     0.7021502     0.6618531     0.6288455     0.5965064     0.5655927     0.5155141     0.4456912     0.3849875             0
             0    -0.5900891    -0.6465626    -0.6994345     -0.748809    -0.8166818    -0.9068732     -1.005888     -1.073731     -1.102699     -1.057627    -0.9697161    -0.8429092     -0.719825    -0.6146991    -0.5194411    -0.4326987    -0.3603854     -0.294287    -0.2316232
    -0.1729843    -0.1170715 -6.060603E-02 -3.013267E-03  5.388425E-02     0.1135334       0.17646     0.2405819     0.3105629     0.3875463      0.459738     0.5261136     0.5983458     0.6646082     0.7211257     0.7849795     0.8544973     0.9196988     0.9643936     0.9456209
     0.8931959     0.8199495     0.7505082     0.6941444     0.6522921     0.6140314     0.5787906     0.5233583     0.4491056     0.3863201             0
             0    -0.5942539    -0.6544775    -0.7129521    -0.7698526    -0.8534632    -0.9800203     -1.163545     -1.376406     -1.629031     -1.360403     -1.127622    -0.9166404     -0.757457     -0.636415    -0.5328583    -0.4412319    -0.3661287     -0.298222    -0.2342619
    -0.1746562    -0.1179636 -6.078766E-02  -2.49124E-03  5.512948E-02     0.1156219     0.1795903     0.2450335     0.3169206     0.3967903     0.4730187     0.5447747     0.6260057     0.7059316     0.7800066      0.875288      1.001285      1.168775      1.408317      1.204182
      1.024836     0.8817399     0.7830503     0.7135162     0.6655239     0.6235982     0.5858394     0.5274386     0.4508474     0.3869932             0
