 51            10 
             0    -0.2585242    -0.2494666    -0.2422975    -0.2366504    -0.2301439    -0.2227846    -0.2156081    -0.2100936    -0.2054781    -0.2006618    -0.1943948    -0.1851171    -0.1737826    -0.1617674    -0.1491307    -0.1359339    -0.1222384     -0.108114 -9.365059E-02
 -7.898478E-02 -6.431811E-02 -4.745545E-02 -3.050936E-02 -1.357231E-02  3.272407E-03  1.995327E-02  3.640674E-02  5.257315E-02  6.839444E-02  8.188639E-02  9.319792E-02     0.1042345     0.1131856     0.1202086     0.1270888     0.1338222     0.1404053     0.1468358     0.1531121
     0.1607639     0.1710706     0.1822247      0.192745     0.2026186     0.2118274     0.2203694      0.236136     0.2630925     0.2858413             0
             0    -0.2636551    -0.2545471    -0.2473034    -0.2416031    -0.2350415    -0.2276078    -0.2203404    -0.2147441    -0.2100529    -0.2051498    -0.1987592    -0.1892751    -0.1776567    -0.1653183    -0.1523399     -0.138797    -0.1247255     -0.110184    -0.0952634
 -8.011188E-02    -0.0649673    -0.0478759    -0.0304423 -1.305698E-02  4.176202E-03  2.120424E-02  3.798481E-02  5.447012E-02  7.060399E-02  8.435941E-02  9.588598E-02     0.1071221     0.1162216     0.1233511     0.1303232     0.1371316     0.1437708     0.1502365     0.1565276
     0.1641804     0.1745303     0.1857352     0.1963359     0.2062979     0.2155112     0.2240058     0.2396154     0.2659863     0.2877488             0
             0    -0.3415551    -0.3319878    -0.3238453    -0.3172374    -0.3094032    -0.3002739     -0.291109      -0.28392    -0.2778238     -0.271382    -0.2628995    -0.2501319    -0.2342334    -0.2171213    -0.1989287    -0.1797892    -0.1597827    -0.1390207      -0.11766
 -9.593726E-02 -7.421723E-02 -4.972872E-02 -2.479613E-02 -4.623333E-06  2.446899E-02  4.851669E-02  7.204063E-02     0.0949298     0.1170567     0.1356298     0.1509743     0.1656862     0.1773736     0.1863999     0.1950896     0.2034313     0.2114162     0.2190383     0.2262959
     0.2349218     0.2461556     0.2576836     0.2679532     0.2770176     0.2848428     0.2915378     0.3028857     0.3173218     0.3215639             0
             0    -0.4185274    -0.4125303    -0.4059336    -0.4000336    -0.3924239    -0.3828734    -0.3726465    -0.3642812    -0.3570094    -0.3491516    -0.3385957    -0.3222941    -0.3014461    -0.2785833    -0.2539774    -0.2279087    -0.2005636    -0.1721492     -0.142912
    -0.1131875 -8.347312E-02 -4.998898E-02 -1.588089E-02  1.807619E-02     0.0516542  8.470196E-02     0.1170592     0.1485186     0.1788169      0.204039       0.22466     0.2441346     0.2592866     0.2707843     0.2816226     0.2917716     0.3012085     0.3099187     0.3178978
      0.326971     0.3379028     0.3478572     0.3554654     0.3610767     0.3648866     0.3671923     0.3693477     0.3641204     0.3478461             0
             0    -0.4809738    -0.4832568    -0.4815474    -0.4787278    -0.4737025    -0.4658741    -0.4560723    -0.4473083    -0.4393139    -0.4303185    -0.4178235    -0.3977657    -0.3712444    -0.3416654    -0.3096479    -0.2757892    -0.2404716    -0.2040276    -0.1667776
    -0.1291061 -9.156922E-02 -4.932443E-02 -6.217393E-03  3.691086E-02  7.989761E-02     0.1226556     0.1650498     0.2068273     0.2475774     0.2818163     0.3098694     0.3362462       0.35648     0.3715768     0.3854625     0.3980302     0.4091951     0.4189022     0.4271321
     0.4356006      0.443866      0.448693     0.4496684      0.447968     0.4443084     0.4393063     0.4275846      0.399307     0.3650995             0
             0    -0.5285016    -0.5428095    -0.5495882    -0.5527645    -0.5535905    -0.5507252    -0.5436373    -0.5355448     -0.527312    -0.5172699    -0.5024834    -0.4773809    -0.4430827    -0.4046718      -0.36351     -0.320714    -0.2768827    -0.2324065    -0.1875721
    -0.1426904 -9.824658E-02 -4.834157E-02  2.695848E-03  5.413147E-02     0.1060439      0.158616      0.211982      0.266116      0.320722     0.3682937     0.4082869      0.446687     0.4764394     0.4985295     0.5184625     0.5357911     0.5501155     0.5611483     0.5687798
     0.5741948     0.5740345      0.565789     0.5523903     0.5369639     0.5210305     0.5054093      0.475678      0.424363     0.3761451             0
             0    -0.5562974    -0.5819355    -0.5985402    -0.6096638    -0.6195975    -0.6261162    -0.6257477    -0.6203449    -0.6126567    -0.6013579    -0.5829796    -0.5498421    -0.5045372    -0.4552844    -0.4043341    -0.3530977    -0.3020628     -0.251392     -0.201129
    -0.1513669     -0.102412    -0.0475729  8.613105E-03  6.561475E-02     0.1238416      0.183905     0.2464961     0.3123077     0.3819351     0.4464369     0.5037424     0.5622485     0.6104923     0.6475645     0.6817239     0.7111886     0.7339292     0.7480816     0.7527193
     0.7477102     0.7239274     0.6865376     0.6472046     0.6112496     0.5798277     0.5527146     0.5060939     0.4382138      0.381785             0
             0     -0.569073    -0.6011868    -0.6243314    -0.6414835    -0.6596013    -0.6767012    -0.6867498    -0.6872395      -0.68158    -0.6679267    -0.6432419    -0.5990772    -0.5424302    -0.4841792    -0.4263237    -0.3698137    -0.3146672    -0.2606893    -0.2076659
    -0.1555046    -0.1043782 -4.718367E-02  1.146968E-02  7.118398E-02     0.1325816      0.196575     0.2643023     0.3371494     0.4168182     0.4942902     0.5667518     0.6459011     0.7171041     0.7756965     0.8338465     0.8876669     0.9307246     0.9540292     0.9494423
     0.9185854      0.851191     0.7745526     0.7081047     0.6545051     0.6116858     0.5771028     0.5206325      0.444411     0.3842209             0
             0    -0.5762172    -0.6123666    -0.6399843    -0.6616799    -0.6868974    -0.7154645    -0.7419227    -0.7580084    -0.7628329    -0.7385125    -0.6979983    -0.6370776     -0.568529    -0.5027157    -0.4398101    -0.3797731     -0.322035    -0.2660552    -0.2114063
    -0.1578585    -0.1054911 -4.695682E-02  1.310274E-02  7.437666E-02     0.1376261     0.2039688     0.2748676     0.3522581     0.4388296     0.5260413     0.6110451      0.709587     0.8063409     0.8928618     0.9885471      1.090531      1.188348      1.252618      1.207798
      1.108292     0.9666321     0.8427078     0.7503807     0.6823892      0.631243     0.5916194     0.5289268     0.4478299     0.3855419             0
             0    -0.5798966    -0.6182805    -0.6485711     -0.673254    -0.7039226    -0.7441024    -0.7979872    -0.8703754    -0.9938734    -0.8507842     -0.753846    -0.6653172     -0.584928    -0.5134223    -0.4472601    -0.3851381    -0.3259449     -0.268876    -0.2133608
    -0.1590836    -0.1060686 -4.683714E-02  1.395502E-02  7.604617E-02     0.1402764     0.2078833     0.2805289     0.3605075     0.4512129     0.5447212     0.6386188     0.7527971     0.8742973     0.9933949      1.144582      1.345032      1.624957      2.039957      1.649243
       1.33107      1.065536     0.8903447      0.776546     0.6984404     0.6420284     0.5994297     0.5332553     0.4495753     0.3862091             0
