 51            10 
             0    -0.2584669    -0.2494133    -0.2422464    -0.2366002    -0.2300938    -0.2227345    -0.2155581    -0.2100438    -0.2054286    -0.2006128    -0.1943466    -0.1850706    -0.1737387    -0.1617267     -0.149093    -0.1358992    -0.1222079    -0.1080907 -9.363548E-02
 -7.897698E-02 -6.477374E-02 -5.267005E-02 -3.251118E-02 -1.410467E-02  3.424442E-03  2.043088E-02  3.703962E-02  5.327445E-02      0.069115  8.259666E-02     0.0938869     0.1048927     0.1138122     0.1208072     0.1276572     0.1343584     0.1409073     0.1473012     0.1535381
     0.1611361     0.1713543     0.1823859      0.192764     0.2024811     0.2115309     0.2199166     0.2353791     0.2616946     0.2805229             0
             0    -0.2635747    -0.2544698    -0.2472317    -0.2415315    -0.2349646    -0.2275254    -0.2202539    -0.2146551    -0.2099624    -0.2050582    -0.1986675     -0.189186    -0.1775742    -0.1652453    -0.1522735    -0.1387298     -0.124661    -0.1101298 -9.522669E-02
 -8.009955E-02 -6.544983E-02 -4.775793E-02 -2.989263E-02 -1.242134E-02  4.892846E-03  2.199617E-02  3.883526E-02     0.0553549  7.149679E-02  8.523809E-02  9.674134E-02     0.1079456     0.1170144     0.1241186      0.131066     0.1378514     0.1444702     0.1509191     0.1571962
     0.1648309     0.1751088      0.186195     0.1966281     0.2063906     0.2154315     0.2237702     0.2390883     0.2649405     0.2861484             0
             0    -0.3414455    -0.3318772     -0.323738    -0.3171284    -0.3092859     -0.300148    -0.2909765    -0.2837836    -0.2776847    -0.2712413    -0.2627585    -0.2499948    -0.2341066    -0.2170097    -0.1988287    -0.1796901    -0.1596889    -0.1389423    -0.1176062
     -0.095916 -7.489853E-02 -4.951939E-02 -2.393776E-02  1.010454E-03  2.563551E-02  4.982653E-02  7.346829E-02  9.643773E-02      0.118603     0.1371746     0.1524979     0.1671721     0.1788179     0.1878075     0.1964584     0.2047608     0.2127073     0.2202926     0.2275149
     0.2360942     0.2472095     0.2585526     0.2685894     0.2773829     0.2849617     0.2914276     0.3023452     0.3160389     0.3197665             0
             0     -0.418363    -0.4123404    -0.4057297    -0.3998177    -0.3921892    -0.3826199    -0.3723789    -0.3640058    -0.3567294    -0.3488694    -0.3383141    -0.3220218    -0.3011967    -0.2783657    -0.2537883    -0.2277316    -0.2004018    -0.1720141    -0.1428121
    -0.1131269 -8.435247E-02 -4.954671E-02 -1.445169E-02  1.981638E-02  5.369874E-02  8.704095E-02      0.119658     0.1513238     0.1817653     0.2070554     0.2276994     0.2471641      0.262284     0.2737453     0.2845384     0.2946351     0.3040144     0.3126628     0.3205767
     0.3295607     0.3403087     0.3499672     0.3572338     0.3624395     0.3658487     0.3677677     0.3691899     0.3627509     0.3458689             0
             0    -0.4807279    -0.4829142    -0.4811337    -0.4782658    -0.4731846    -0.4653016    -0.4554613    -0.4466786    -0.4386752    -0.4296778    -0.4171899    -0.3971633     -0.370706    -0.3412074    -0.3092677    -0.2754576     -0.240185    -0.2037933    -0.1665989
    -0.1289772 -9.260634E-02 -4.857916E-02 -4.117164E-03  3.951324E-02  8.299971E-02     0.1262524     0.1691032     0.2112696     0.2523194      0.286731     0.3148713     0.3412752     0.3614857      0.376543      0.390372     0.4028701     0.4139563      0.423579     0.4317215
     0.4400765     0.4481481     0.4526014     0.4531608     0.4509048     0.4466352     0.4410183     0.4281186     0.3979987     0.3630149             0
             0    -0.5281558    -0.5422261    -0.5487976    -0.5518266    -0.5524839    -0.5494465    -0.5422359    -0.5340883    -0.5258346    -0.5157973     -0.501049    -0.4760606    -0.4419552    -0.4037566    -0.3627934    -0.3201329    -0.2764107    -0.2320349    -0.1872907
    -0.1424781 -9.940136E-02 -4.730529E-02  5.416217E-03  5.753167E-02     0.1101286      0.163385     0.2173871     0.2720561     0.3270426     0.3747672     0.4147556     0.4530092     0.4825347     0.5044048     0.5241001     0.5411993     0.5553303     0.5662302     0.5738026
      0.579236     0.5792633     0.5709711     0.5574371     0.5414987     0.5248176     0.5083637     0.4769782     0.4231706      0.373999             0
             0    -0.5558673    -0.5810923    -0.5972737    -0.6080601    -0.6175665    -0.6235869    -0.6227999    -0.6171897    -0.6094303     -0.598183    -0.5799927    -0.5472679    -0.5024998    -0.4537401    -0.4032028    -0.3522398    -0.3014033    -0.2508924    -0.2007588
    -0.1510875    -0.1036343 -4.634744E-02  1.172954E-02  6.952061E-02     0.1285428     0.1893932     0.2526872     0.3190137     0.3888274     0.4530397     0.5096952     0.5670687     0.6139533     0.6497689     0.6825959     0.7108088     0.7325933     0.7463154     0.7511862
     0.7471793     0.7257398       0.69028     0.6522358     0.6164501     0.5844712     0.5564828     0.5079296     0.4371129     0.3796104             0
             0    -0.5685976    -0.6001824    -0.6227301    -0.6393604    -0.6567355    -0.6727952    -0.6816483    -0.6812706    -0.6752058    -0.6619374    -0.6381006    -0.5951304    -0.5395757    -0.4821469    -0.4249044    -0.3687795    -0.3138961    -0.2601174    -0.2072474
    -0.1551902    -0.1056312 -4.586865E-02  1.477241E-02  7.532591E-02     0.1375669     0.2023842     0.2708157     0.3440913     0.4236665     0.5002504     0.5711262     0.6475348     0.7152126     0.7702807     0.8243099     0.8737897     0.9131033     0.9346139     0.9315766
     0.9052428     0.8456978     0.7749671     0.7120497     0.6596257     0.6166028     0.5812159     0.5227248      0.443356     0.3820345             0
             0    -0.5757143    -0.6112571    -0.6381465    -0.6591571    -0.6832872    -0.7099829    -0.7332435    -0.7452152    -0.7459902    -0.7256989    -0.6892799    -0.6315607     -0.564946     -0.500308    -0.4381883     -0.378622     -0.321193    -0.2654385    -0.2109586
    -0.1575232    -0.1067613 -4.559119E-02  1.651047E-02  7.865099E-02     0.1427692     0.2099521     0.2815433     0.3592792     0.4455053     0.5312664     0.6137286     0.7076855     0.7979975     0.8774397     0.9637522      1.054066      1.139168      1.194636      1.158142
       1.07431     0.9514745     0.8392407     0.7530284     0.6872432     0.6362455     0.5959061     0.5311641     0.4468014     0.3833493             0
             0    -0.5793788     -0.617111    -0.6465877    -0.6704608    -0.6997016    -0.7367818    -0.7821515    -0.8309408    -0.8779502    -0.8113295    -0.7379723     -0.657966    -0.5807455    -0.5107597    -0.4455137    -0.3839191    -0.3250629    -0.2682347    -0.2128973
    -0.1587372    -0.1073475 -4.544529E-02      0.017417  8.038868E-02     0.1455001     0.2139538     0.2872801     0.3675452      0.457727     0.5493629     0.6399371      0.747825     0.8596694     0.9669863      1.100056      1.272167      1.507561      1.866058      1.530377
      1.266028       1.03964     0.8833033     0.7780805     0.7030307     0.6470392     0.6037956     0.5355674     0.4485607     0.3840134             0
